11576 28 0.6165390625 0.2990729166666667 0.195484375 0.07802083333333334
11576 28 0.23751562499999998 0.24458333333333332 0.12796875000000002 0.04720833333333333
11576 28 0.14764062500000003 0.2676354166666667 0.1638125 0.0703125
11576 77 0.7350312499999999 0.36380208333333336 0.01059375 0.04052083333333333
11576 77 0.87040625 0.39 0.01009375 0.018708333333333334
11576 31 0.1967890625 0.45682291666666663 0.063109375 0.09327083333333334
11576 31 0.3090625 0.3935208333333333 0.06678125 0.13295833333333335
11576 31 0.687125 0.40346875000000004 0.049625 0.1310625
11576 31 0.029914062499999998 0.4184583333333334 0.059828124999999996 0.10258333333333333
11576 31 0.636421875 0.49472916666666666 0.051000000000000004 0.12208333333333334
11576 31 0.44388281250000006 0.45036458333333335 0.028078125 0.1684375
11576 31 0.5313828125000001 0.45970833333333333 0.031546875 0.128125
11576 1 0.9367812500000001 0.47979166666666667 0.1264375 0.5125416666666667
11576 1 0.8764062500000002 0.44494791666666667 0.094375 0.48539583333333336
11576 1 0.5957890625 0.5101145833333333 0.11629687500000001 0.4449375
11576 1 0.7248515625 0.47204166666666664 0.12142187499999998 0.43945833333333334
11576 1 0.4881484374999999 0.4667291666666667 0.081671875 0.4454166666666667
11576 1 0.16216406249999998 0.5067604166666667 0.141890625 0.47072916666666664
11576 1 0.10262500000000001 0.48965624999999996 0.059750000000000004 0.38056249999999997
11576 1 0.7722265625 0.32325 0.08139062500000001 0.172875
11576 1 0.8207812499999999 0.43988541666666664 0.07415625 0.3528125
11576 1 0.2793046875 0.4641145833333333 0.141234375 0.38352083333333337
11576 1 0.0185 0.5015520833333333 0.037 0.39947916666666666
11576 1 0.4014609375 0.48790625 0.106390625 0.4443958333333333
11576 77 0.9494765624999999 0.40358333333333335 0.023140625 0.04475
11576 31 0.5340078125 0.3932395833333333 0.025453125 0.08347916666666667
11576 31 0.7992109375 0.4984791666666667 0.025421875 0.059333333333333335
