17076 51 0.7979218749999999 0.492375 0.230375 0.287
17076 51 0.1811171875 0.5536666666666666 0.189734375 0.242375
17076 51 0.49803125000000004 0.5325833333333333 0.35225 0.45391666666666663
17076 56 0.45522656250000004 0.41820833333333335 0.053296875 0.05725
17076 56 0.41460156249999996 0.4375625 0.055234375 0.07770833333333332
17076 56 0.403609375 0.3839375 0.05065625 0.051708333333333335
17076 56 0.5103203125 0.4009479166666667 0.065453125 0.14622916666666666
17076 56 0.43735937499999994 0.377625 0.028000000000000004 0.044708333333333336
17076 57 0.4101328125 0.5786874999999999 0.198484375 0.21545833333333334
17076 56 0.3690546875 0.39867708333333335 0.050984375000000005 0.06572916666666667
17076 67 0.5008437499999999 0.49291666666666667 0.9983124999999999 0.9858333333333333
