21417 19 0.6471015625 0.57096018735363 0.195140625 0.3763466042154566
21417 21 0.9110703124999999 0.8689578454332552 0.177859375 0.232248243559719
21417 21 0.46646093749999995 0.7614519906323185 0.381453125 0.4089929742388759
21417 21 0.45502343750000007 0.9145550351288055 0.184296875 0.14559718969555036
21417 21 0.23060156250000002 0.8817564402810305 0.279109375 0.21475409836065573
21417 3 0.3495390625 0.33454332552693206 0.099953125 0.1014519906323185
21417 21 0.03440625 0.8316159250585481 0.0658125 0.3179391100702576
21417 21 0.224203125 0.9725292740046839 0.20690624999999999 0.05494145199063232
21417 33 0.3526015625 0.2713934426229508 0.039109375 0.02864168618266979
21417 3 0.6031640625 0.3355386416861827 0.027390625000000002 0.05416861826697892
21417 8 0.5416953125 0.3037704918032787 0.11195312500000001 0.13915690866510538
21417 31 0.5772734374999999 0.5752576112412178 0.046296875 0.10962529274004684
21417 21 0.2006875 0.8301522248243559 0.18875 0.24601873536299765
21417 8 0.063953125 0.27072599531615926 0.12790625 0.2823887587822014
21417 1 0.6108671875 0.4675409836065573 0.299796875 0.4623419203747072
21417 21 0.7581640625 0.822072599531616 0.258203125 0.32985948477751753
