20444 1 0.35485156250000005 0.5691943734015346 0.228546875 0.4268286445012787
20444 1 0.8062109375000001 0.07991048593350383 0.055796875 0.1552685421994885
20444 1 0.884828125 0.07079283887468031 0.0343125 0.1370843989769821
20444 1 0.7819140625000001 0.070230179028133 0.020953125 0.13442455242966753
20444 41 0.27790624999999997 0.7765089514066497 0.10325 0.07117647058823529
20444 27 0.5841640625 0.1108695652173913 0.022109375 0.039846547314578006
20444 1 0.9287265625 0.09501278772378516 0.041671875000000004 0.12005115089514067
20444 1 0.6450859375 0.07010230179028133 0.036671875 0.14005115089514067
20444 1 0.0609453125 0.877225063938619 0.121890625 0.24554987212276216
20444 1 0.743828125 0.07072890025575448 0.059281249999999994 0.14145780051150897
20444 1 0.054265625 0.2427237851662404 0.10484374999999999 0.3660102301790282
20444 41 0.091 0.2317774936061381 0.034437499999999996 0.20907928388746802
20444 1 0.7058203125 0.07199488491048593 0.031078125 0.1413299232736573
20444 41 0.9336953125 0.14584398976982096 0.044828125 0.012352941176470589
20444 41 0.8100390625000001 0.14989769820971865 0.038890625 0.016879795396419435
20444 41 0.8888906250000002 0.13014066496163681 0.0225 0.012915601023017902
