6229 18 0.48365624999999995 0.5735351089588377 0.12171875000000001 0.2109443099273608
6229 18 0.3608203125 0.5440920096852301 0.235921875 0.24087167070217919
6229 18 0.1811015625 0.32903147699757873 0.33723437500000003 0.41288135593220343
6229 18 0.0464921875 0.23009685230024213 0.092984375 0.1892493946731235
6229 18 0.6772265625 0.5591404358353511 0.252578125 0.22365617433414045
6229 18 0.37271875 0.3394430992736077 0.30040625 0.2219854721549637
6229 9 0.5329296875 0.715726392251816 0.529296875 0.16854721549636803
6229 18 0.6855390625 0.4502663438256659 0.124078125 0.1014043583535109
6229 18 0.658015625 0.6094430992736077 0.09925 0.09142857142857143
6229 18 0.5735546875 0.34947941888619855 0.205765625 0.22883777239709444
6229 18 0.29496875 0.4799878934624697 0.15809375 0.24898305084745762
6229 42 0.553125 0.7077845036319612 0.4894375 0.17401937046004845
