26131 47 0.8338749999999999 0.5244028103044496 0.05553125 0.06454332552693208
26131 49 0.7228125 0.8488524590163934 0.23034374999999999 0.04018735362997658
26131 47 0.211171875 0.22305620608899296 0.09278125000000001 0.11009367681498829
26131 61 0.6237109375000001 0.44381733021077285 0.146921875 0.19550351288056206
26131 61 0.6334921875 0.22476580796252926 0.12067187500000001 0.1808665105386417
26131 61 0.60271875 0.6584309133489461 0.1619375 0.20224824355971896
26131 67 0.5015000000000001 0.7853864168618268 0.9970000000000001 0.40674473067915695
26131 61 0.2278828125 0.5415573770491804 0.064109375 0.049344262295081966
26131 61 0.27380468750000003 0.372728337236534 0.062390625 0.049344262295081966
26131 61 0.8398125000000001 0.7308548009367681 0.143125 0.17276346604215456
26131 61 0.603546875 0.6608196721311476 0.1606875 0.19831381733021078
26131 61 0.882984375 0.6334309133489461 0.04203125 0.061522248243559716
26131 61 0.8265390625 0.6245667447306792 0.038140625 0.04838407494145199
26131 61 0.3187734375 0.8915105386416862 0.06917187500000001 0.10292740046838408
26131 61 0.271390625 0.931569086651054 0.05425 0.09920374707259953
26131 61 0.30240625000000004 0.772728337236534 0.0571875 0.11168618266978922
26131 61 0.2178828125 0.41653395784543323 0.065703125 0.0872599531615925
26131 47 0.17779687500000002 0.707400468384075 0.05853125 0.06669789227166277
