10639 39 0.45275781249999997 0.4791944444444445 0.046546875 0.08555555555555555
10639 40 0.28129687499999995 0.6894444444444444 0.030906250000000003 0.07327777777777778
10639 40 0.780578125 0.47793055555555547 0.0056875 0.02386111111111111
10639 1 0.251609375 0.7319722222222222 0.09265625 0.252
10639 1 0.47759374999999993 0.6321111111111111 0.07856250000000001 0.29644444444444445
10639 1 0.3379765625 0.46018055555555554 0.020203125 0.07869444444444444
10639 1 0.2934296875 0.4502083333333334 0.024265625 0.07530555555555556
10639 1 0.6293046875 0.4683611111111112 0.019171874999999998 0.09872222222222223
10639 1 0.7853359375 0.4642361111111111 0.022390625 0.10647222222222222
10639 1 0.8784140625000001 0.4446805555555556 0.022515625 0.06513888888888889
10639 1 0.987671875 0.4537083333333334 0.02434375 0.1418611111111111
10639 1 0.427140625 0.4375833333333333 0.0158125 0.10388888888888889
10639 1 0.45296875 0.4295555555555556 0.017374999999999998 0.0635
10639 3 0.07535937499999999 0.4557083333333333 0.08512499999999999 0.056916666666666664
10639 15 0.32453125 0.48244444444444445 0.021718750000000002 0.024944444444444446
10639 15 0.4728671875 0.45258333333333334 0.018015625 0.015555555555555555
10639 40 0.8872656250000001 0.4570138888888889 0.00575 0.009472222222222222
10639 1 0.1103828125 0.42344444444444446 0.007515625 0.014222222222222223
10639 1 0.33859374999999997 0.4387916666666667 0.02309375 0.06108333333333333
10639 3 0.1393671875 0.46436111111111117 0.075265625 0.05588888888888889
10639 3 0.050890625 0.4357777777777778 0.03546875 0.027888888888888887
10639 1 0.23209375 0.4059027777777778 0.017625 0.05669444444444444
10639 15 0.0551171875 0.5393194444444445 0.039578125 0.051194444444444445
10639 40 0.485328125 0.5381111111111111 0.0220625 0.02816666666666667
10639 1 0.190625 0.4638888888888889 0.196875 0.19444444444444445
