32627 15 0.1362578125 0.41513541666666665 0.079859375 0.0374375
32627 34 0.6153828124999999 0.38839583333333333 0.068984375 0.06175
32627 1 0.37759375000000006 0.6151041666666667 0.21703125 0.49275
32627 1 0.7544921875 0.44728124999999996 0.034359375 0.13422916666666668
32627 1 0.6768359374999999 0.49927083333333333 0.042078125 0.07783333333333334
32627 1 0.7181796874999999 0.49821875000000004 0.054078125 0.08185416666666666
32627 1 0.8072890625 0.50471875 0.068734375 0.08002083333333333
32627 1 0.8890078125 0.4300104166666667 0.024578125 0.10260416666666666
32627 1 0.9113984374999999 0.4207604166666667 0.033265625 0.0886875
32627 1 0.972265625 0.41139583333333335 0.0305625 0.08341666666666667
32627 1 0.3843984375 0.4049895833333333 0.018453125 0.09835416666666667
32627 1 0.7820078125000001 0.4785520833333333 0.021109375 0.07389583333333333
32627 1 0.40434374999999995 0.40734375 0.03534375 0.09689583333333333
32627 1 0.7639609375 0.47615625 0.020046875 0.0478125
32627 1 0.18353906250000002 0.41096875 0.024359375 0.034687499999999996
32627 1 0.45078125 0.415625 0.8453125 0.15625
