22256 44 0.5399532710280374 0.5966015625 0.0308411214953271 0.076921875
22256 44 0.4850116822429907 0.6109921875 0.05478971962616822 0.071109375
22256 62 0.635373831775701 0.8161015625000001 0.39289719626168224 0.36779687499999997
22256 62 0.7507009345794391 0.80865625 0.3088785046728972 0.3733125
22256 67 0.4519626168224299 0.6372265625 0.7358878504672897 0.087640625
22256 51 0.6694158878504672 0.6154296875 0.13528037383177569 0.042390625
22256 53 0.7021028037383178 0.5774140625 0.03313084112149533 0.020921875
22256 55 0.6715070093457944 0.6014765625 0.04492990654205608 0.031015625
22256 55 0.6961565420560747 0.6173749999999999 0.04203271028037383 0.021968750000000002
22256 55 0.7232943925233645 0.598125 0.022242990654205607 0.026968750000000003
22256 53 0.7076985981308411 0.59621875 0.02857476635514019 0.02021875
22256 53 0.6425467289719626 0.6109921875 0.06434579439252336 0.034796875
22256 31 0.23477803738317757 0.922265625 0.23829439252336448 0.15546875
22256 51 0.29424065420560747 0.6206953125 0.050350467289719626 0.019640625000000002
