10711 39 0.5150703125 0.41026932084309137 0.057234375000000004 0.1580093676814988
10711 40 0.35440625 0.7976112412177986 0.043437500000000004 0.06304449648711945
10711 1 0.521875 0.6126463700234193 0.140625 0.5644028103044496
10711 1 0.302109375 0.7655971896955502 0.1454375 0.2966276346604215
10711 1 0.210671875 0.7118384074941452 0.1358125 0.40362997658079625
10711 1 0.24693749999999998 0.2651288056206089 0.16421875 0.19142857142857142
10711 62 0.76740625 0.20988290398126463 0.074 0.16885245901639342
10711 1 0.6815703125 0.18610070257611241 0.06704687499999999 0.17014051522248244
10711 1 0.022265625 0.28695550351288057 0.04453125 0.1156440281030445
10711 1 0.11385156250000002 0.20824355971896955 0.06185937500000001 0.22810304449648713
10711 1 0.31171875 0.2367330210772834 0.09321874999999999 0.16096018735363
10711 1 0.832859375 0.09325526932084309 0.052468749999999995 0.06515222482435597
10711 1 0.6075390625 0.19158079625292743 0.07926562499999999 0.17192037470725993
10711 1 0.44116406249999995 0.18395784543325527 0.081296875 0.214519906323185
10711 15 0.105265625 0.29530444964871194 0.13087500000000002 0.031311475409836066
10711 1 0.2849375 0.195 0.048093750000000005 0.1552927400468384
10711 1 0.46959375000000003 0.1401288056206089 0.01225 0.026814988290398124
10711 1 0.8328125 0.1592505854800937 0.246875 0.29508196721311475
