113 62 0.40967548076923077 0.64509375 0.37685096153846154 0.098875
113 62 0.11282451923076924 0.950796875 0.17262019230769232 0.09678125
113 1 0.1927403846153846 0.40462499999999996 0.3646634615384615 0.7110624999999999
113 47 0.2309375 0.7637734375 0.12403846153846154 0.095515625
113 47 0.8607211538461539 0.2644375 0.05211538461538461 0.029312500000000002
113 49 0.6668149038461538 0.6355625 0.11348557692307693 0.136
113 61 0.6551442307692307 0.7797734374999999 0.6257692307692307 0.23370312499999998
113 1 0.9103245192307692 0.4134609375 0.17935096153846153 0.512890625
113 67 0.5232932692307692 0.8069843750000001 0.9534134615384615 0.38603125
113 1 0.5911778846153847 0.37190625 0.4701923076923077 0.6045
113 47 0.709891826923077 0.1698984375 0.06132211538461539 0.041828125
113 47 0.8611057692307693 0.12336718750000002 0.05634615384615385 0.034453125
113 47 0.8545192307692309 0.17279687500000002 0.05793269230769231 0.0390625
113 47 0.9344471153846154 0.169328125 0.04240384615384615 0.03640625
113 47 0.49461538461538457 0.23628125 0.048221153846153844 0.0338125
113 47 0.4517908653846154 0.2336640625 0.056658653846153845 0.038765625
113 47 0.4438822115384615 0.1870859375 0.04713942307692308 0.040046874999999996
113 47 0.36045673076923074 0.2334609375 0.04509615384615385 0.034796875
