45626 40 0.506609375 0.6107377049180328 0.0450625 0.07501170960187353
45626 1 0.40698437500000006 0.7144730679156909 0.244375 0.3084309133489461
45626 1 0.1799140625 0.6618032786885246 0.161921875 0.4741451990632319
45626 1 0.45064843750000005 0.19065573770491803 0.031640625 0.08814988290398126
45626 1 0.47824999999999995 0.19282201405152227 0.0230625 0.08653395784543326
45626 37 0.82334375 0.5222833723653395 0.013593749999999998 0.018899297423887587
45626 39 0.70721875 0.5541217798594849 0.04553125 0.17175644028103046
45626 1 0.3613671875 0.47764637002341914 0.016203125 0.1396487119437939
45626 1 0.383984375 0.47066744730679155 0.026125 0.16484777517564403
45626 1 0.43342187499999996 0.42608899297423886 0.024281249999999997 0.0346135831381733
45626 1 0.463390625 0.47147540983606556 0.0241875 0.1495550351288056
45626 1 0.4512890625 0.37596018735362996 0.021078125 0.08372365339578454
45626 1 0.7078593750000001 0.3728103044496487 0.032718750000000005 0.06627634660421546
45626 1 0.36055468749999997 0.3946604215456675 0.013453125 0.02459016393442623
45626 37 0.8094531250000001 0.526744730679157 0.01634375 0.020608899297423888
45626 1 0.8303203124999999 0.06257611241217799 0.012484375 0.04426229508196721
45626 1 0.46350781250000006 0.17682669789227165 0.013234375000000001 0.05444964871194379
45626 1 0.49921875 0.5550351288056206 0.9953125 0.5245901639344263
