8432 5 0.7858359375 0.6572125813449025 0.428328125 0.4693926247288503
8432 1 0.5119843749999999 0.6073210412147505 0.03715625 0.11859002169197397
8432 1 0.7032734375 0.8141865509761389 0.063265625 0.2837744034707158
8432 1 0.24868750000000003 0.6997288503253796 0.07446875 0.2147288503253796
8432 1 0.6268828125 0.5430151843817788 0.028890624999999996 0.058221258134490236
8432 1 0.3725234375 0.5601626898047722 0.025015625000000003 0.09945770065075922
8432 1 0.3430078125 0.5496746203904556 0.023703125 0.10260303687635575
8432 1 0.2430546875 0.5477006507592191 0.022734375 0.11219088937093276
8432 1 0.3981953125 0.5161062906724512 0.014140625 0.04071583514099783
8432 1 0.5956796874999999 0.6505639913232104 0.035609375 0.1865075921908894
8432 1 0.6855390625 0.7319848156182213 0.050953125 0.20219088937093274
8432 5 0.21628124999999998 0.44381778741865513 0.08396875000000001 0.09943600867678959
8432 1 0.15832031249999998 0.6108676789587852 0.048171874999999996 0.08039045553145337
8432 1 0.44439062500000004 0.5934056399132321 0.0301875 0.12190889370932756
8432 1 0.34765625 0.5249457700650759 0.4953125 0.22125813449023862
