7220 44 0.5797656250000001 0.21721875 0.09378125000000001 0.41781250000000003
7220 44 0.4126796875 0.14472916666666666 0.131359375 0.2894583333333333
7220 44 0.42632812499999995 0.3229166666666667 0.0865 0.21504166666666666
7220 62 0.9306328125000001 0.20065625 0.13873437500000002 0.3922708333333333
7220 47 0.36089843750000006 0.6909270833333334 0.127203125 0.22152083333333333
7220 47 0.6689375 0.2500625 0.09409375 0.17600000000000002
7220 48 0.20107031250000001 0.39481249999999996 0.202765625 0.06854166666666667
7220 49 0.8643515624999999 0.5827604166666666 0.25720312500000003 0.08731249999999999
7220 49 0.18075000000000002 0.4358645833333333 0.24509375000000003 0.05422916666666667
7220 48 0.906875 0.6026666666666666 0.18625 0.10137499999999999
7220 67 0.5 0.4987083333333333 1.0 0.976625
