31482 1 0.4656 0.60648 0.56544 0.7203733333333333
31482 1 0.8359500000000001 0.5236000000000001 0.1955 0.31461333333333336
31482 1 0.36124 0.12158666666666666 0.03588 0.09661333333333333
31482 1 0.11574 0.1444 0.02948 0.06901333333333333
31482 1 0.10389999999999999 0.19562666666666667 0.038759999999999996 0.13008
31482 1 0.64484 0.35452 0.30863999999999997 0.7030666666666666
31482 1 0.32653000000000004 0.13276000000000002 0.04046 0.08365333333333333
31482 35 0.6115700000000001 0.7234666666666667 0.26018 0.08208
31482 1 0.23359 0.12365333333333332 0.04554 0.10650666666666667
31482 36 0.82844 0.8705333333333333 0.16584000000000002 0.2589333333333333
