16032 1 0.3435625 0.4144496487119438 0.17521875 0.18046838407494145
16032 1 0.5321640625 0.37995316159250586 0.07570312500000001 0.2044496487119438
16032 1 0.6366562499999999 0.4439812646370024 0.05525 0.12309133489461359
16032 1 0.1500078125 0.4944496487119438 0.140203125 0.36927400468384075
16032 1 0.5750234375 0.41859484777517564 0.11864062500000001 0.17302107728337235
16032 23 0.628953125 0.7932552693208431 0.3943125 0.31461358313817334
16032 1 0.11003125 0.4176697892271663 0.087625 0.2298126463700234
16032 1 0.32834375 0.32583138173302106 0.04796875 0.09887587822014052
16032 1 0.7026015625 0.44175644028103045 0.023984375 0.11348946135831382
16032 1 0.40112500000000006 0.3445433255269321 0.057125 0.1320374707259953
16032 1 0.39149218750000003 0.6485480093676815 0.094296875 0.2532552693208431
