20770 18 0.41525 0.7795833333333333 0.05178125 0.12241666666666666
20770 1 0.47128125 0.44885416666666667 0.014124999999999999 0.05275
20770 1 0.4877656249999999 0.43645833333333334 0.00846875 0.03095833333333333
20770 42 0.1674765625 0.37559375 0.21182812499999998 0.7494791666666667
20770 1 0.48022656250000006 0.4369583333333333 0.0054218750000000005 0.027125
20770 1 0.6842734375 0.5070208333333334 0.013078125 0.023083333333333334
20770 1 0.7168515625 0.51796875 0.033359375000000004 0.019270833333333334
20770 1 0.7372734375 0.5064895833333334 0.017828125 0.021895833333333333
20770 1 0.8563671875000001 0.49195833333333333 0.019171874999999998 0.05254166666666667
20770 1 0.646703125 0.458375 0.006937500000000001 0.023083333333333334
20770 1 0.8313671875 0.46459374999999997 0.008984375 0.011479166666666667
20770 1 0.9708359374999999 0.46638541666666666 0.007578125 0.021895833333333333
20770 1 0.585296875 0.45810416666666665 0.007781250000000001 0.02075
20770 1 0.18870312500000003 0.6773541666666667 0.36678125 0.5075416666666667
20770 1 0.5271484375 0.43419791666666663 0.005609375 0.0204375
