20966 21 0.5024218749999999 0.71146875 0.5919375 0.5548541666666666
20966 21 0.810484375 0.6856666666666666 0.37903125000000004 0.47312499999999996
20966 21 0.91871875 0.35633333333333334 0.16184375 0.09779166666666667
20966 21 0.4907734375 0.3615104166666666 0.323828125 0.11410416666666667
20966 21 0.3937890625 0.39297916666666666 0.437890625 0.12991666666666665
20966 21 0.0831875 0.47111458333333334 0.1658125 0.10172916666666666
20966 52 0.3005 0.2182083333333333 0.04471875 0.04870833333333333
20966 53 0.253140625 0.23845833333333333 0.056937499999999995 0.02795833333333333
20966 53 0.252765625 0.2048125 0.03875 0.027208333333333334
20966 1 0.20875 0.2685625 0.077625 0.13862500000000003
20966 1 0.1423671875 0.22772916666666668 0.070671875 0.16391666666666668
20966 1 0.38386718750000004 0.25127083333333333 0.057890624999999994 0.22733333333333333
20966 1 0.4999140625 0.25775 0.050640624999999995 0.148375
20966 1 0.074 0.16764583333333333 0.04346875 0.191
20966 1 0.14242187499999998 0.28539583333333335 0.07584375 0.17079166666666667
20966 1 0.9840781249999999 0.21009375 0.0296875 0.11160416666666667
20966 1 0.047703125 0.15506250000000002 0.0280625 0.17554166666666668
20966 21 0.15514062499999998 0.4515416666666667 0.3088125 0.1245
20966 21 0.1516328125 0.35394791666666664 0.275109375 0.1251875
20966 21 0.886578125 0.30889583333333337 0.22684375 0.087125
20966 21 0.1676953125 0.7044895833333332 0.335390625 0.4516875
20966 53 0.26809375 0.25004166666666666 0.028687499999999998 0.017208333333333332
20966 55 0.2963046875 0.19170833333333334 0.019453124999999998 0.018083333333333333
20966 55 0.26121875 0.26367708333333334 0.0565625 0.050479166666666665
20966 55 0.23748437499999997 0.183625 0.03078125 0.025916666666666664
20966 55 0.2654765625 0.23330208333333333 0.008171875 0.0114375
20966 55 0.21305468749999998 0.19305208333333332 0.029078125 0.0135625
20966 1 0.7633046875 0.10682291666666668 0.031140624999999998 0.07264583333333333
20966 1 0.11962500000000001 0.13426041666666666 0.04121875 0.09964583333333334
20966 1 0.02359375 0.2157291666666667 0.0471875 0.21125000000000002
20966 1 0.9392578125 0.82790625 0.121484375 0.34197916666666667
20966 4 0.7456328125 0.1831458333333333 0.031796875 0.091
20966 21 0.8873749999999999 0.43596874999999996 0.22490625 0.14093750000000002
20966 21 0.9800156249999998 0.47130208333333334 0.03996875 0.06989583333333332
20966 53 0.22165625000000003 0.18066666666666667 0.065625 0.03775
20966 53 0.2213828125 0.20480208333333336 0.024609375 0.013979166666666666
20966 55 0.250734375 0.23623958333333334 0.0085 0.010812500000000001
20966 1 0.1008828125 0.11057291666666666 0.029546875 0.06602083333333333
20966 21 0.728 0.38347916666666665 0.258625 0.16054166666666667
20966 21 0.46015625 0.4375 0.9140625 0.225
