27667 1 0.61248 0.9800933333333333 0.01824 0.03981333333333333
27667 1 0.39241000000000004 0.9515333333333333 0.0197 0.057093333333333336
27667 1 0.3721 0.9479466666666667 0.01752 0.05930666666666666
27667 1 0.37157999999999997 0.8988266666666667 0.01068 0.037386666666666665
27667 1 0.6523 0.9579333333333334 0.0418 0.07869333333333334
27667 1 0.4346 0.9494000000000001 0.01492 0.05752
27667 1 0.8500599999999999 0.8631333333333334 0.01236 0.039066666666666666
27667 1 0.26781 0.9544266666666665 0.05026 0.09114666666666667
27667 1 0.36188 0.9573733333333333 0.03712 0.08360000000000001
27667 1 0.5282899999999999 0.9763466666666667 0.05162 0.04672
27667 1 0.40721 0.9363333333333334 0.01182 0.03202666666666667
27667 28 0.6750999999999999 0.8038933333333332 0.03936 0.009013333333333333
27667 28 0.7303399999999999 0.7931333333333334 0.02884 0.013626666666666667
27667 28 0.7025999999999999 0.7958133333333334 0.03008 0.010079999999999999
27667 28 0.8110899999999999 0.77068 0.039619999999999995 0.020773333333333335
27667 28 0.85163 0.7620266666666666 0.0455 0.02032
27667 28 0.88988 0.75136 0.03208 0.015626666666666667
27667 28 0.30113 0.8494133333333332 0.0837 0.025066666666666668
27667 28 0.7567999999999999 0.7861466666666665 0.03376 0.01448
27667 28 0.11442000000000001 0.8334400000000001 0.02656 0.13402666666666666
27667 28 0.63218 0.8112933333333334 0.03712 0.01288
27667 28 0.921 0.7492666666666665 0.03608 0.014426666666666667
27667 1 0.94918 0.8492933333333333 0.01864 0.05570666666666667
27667 1 0.20835 0.9068533333333333 0.01462 0.03472
27667 28 0.18792 0.8653066666666667 0.05972 0.018026666666666667
27667 28 0.08396 0.8498533333333333 0.01656 0.10365333333333333
27667 28 0.963 0.7266666666666667 0.07 0.04
27667 1 0.548 0.8693333333333333 0.9 0.256
