48742 3 0.5836484375000001 0.6707604166666667 0.045421875 0.043979166666666666
48742 3 0.7301953125 0.6742083333333333 0.081984375 0.0905
48742 3 0.9164375 0.6975833333333333 0.165625 0.22345833333333334
48742 3 0.6695234375 0.67040625 0.043078125 0.04864583333333334
48742 3 0.5758515624999999 0.6196041666666667 0.026421875 0.02804166666666667
48742 3 0.5375546875 0.6058020833333333 0.021296875 0.018270833333333333
48742 3 0.5537265625 0.601875 0.016546875 0.020541666666666666
48742 3 0.284265625 0.6680520833333332 0.049125 0.042562499999999996
48742 3 0.26051562500000003 0.6461354166666666 0.0196875 0.02014583333333333
48742 10 0.6049296875 0.5246770833333333 0.007640625 0.014479166666666666
48742 3 0.2708671875 0.63915625 0.018640625 0.017395833333333333
48742 3 0.8238125000000001 0.6810312500000001 0.0480625 0.06527083333333333
48742 3 0.31158593749999997 0.65040625 0.024359375 0.024604166666666667
48742 3 0.6772109374999999 0.6225520833333333 0.027015624999999998 0.023104166666666665
48742 3 0.42578125 0.6166666666666667 0.4484375 0.0875
