30508 18 0.7055995934959349 0.85353125 0.05518292682926829 0.03434375
30508 18 0.5614227642276423 0.83903125 0.08113821138211383 0.03621875
30508 18 0.7981097560975609 0.8633828125 0.0498780487804878 0.027234374999999998
30508 18 0.49204268292682923 0.8721015624999999 0.04945121951219512 0.037046875
30508 18 0.7752235772357724 0.8810703125 0.08707317073170733 0.040859374999999996
30508 3 0.9396747967479675 0.7501171875 0.0840650406504065 0.052296875
30508 6 0.4139837398373984 0.7568046875000001 0.5921951219512196 0.210109375
30508 1 0.011697154471544716 0.8055781249999999 0.01847560975609756 0.07596875
30508 8 0.9379369918699186 0.7490625 0.08896341463414635 0.0538125
30508 18 0.9012195121951219 0.9296562499999999 0.08166666666666667 0.050562499999999996
30508 18 0.5738821138211383 0.8671796875 0.02260162601626016 0.015765625
30508 18 0.5645934959349593 0.8792343749999999 0.02670731707317073 0.0121875
30508 18 0.8413922764227642 0.90053125 0.046239837398373985 0.027000000000000003
