35102 1 0.5996875 0.9559895833333333 0.054031249999999996 0.08802083333333334
35102 1 0.7711171875 0.9481979166666668 0.045609375 0.0788125
35102 1 0.6306406250000001 0.95096875 0.03959375 0.0980625
35102 1 0.555046875 0.9501666666666667 0.04865625 0.09966666666666667
35102 1 0.4747734375 0.9516458333333333 0.041140625 0.09670833333333334
35102 1 0.45480468749999997 0.9428541666666667 0.036390624999999996 0.11233333333333334
35102 1 0.428046875 0.9176562500000001 0.02759375 0.10456249999999999
35102 1 0.5071328125 0.9554479166666666 0.036953124999999996 0.0865625
35102 1 0.9039140625 0.9446458333333333 0.155296875 0.11070833333333334
35102 1 0.527828125 0.9321041666666667 0.03253125 0.08929166666666667
35102 1 0.5922109375 0.919625 0.020703125 0.05520833333333333
35102 31 0.556046875 0.94403125 0.033 0.0566875
35102 31 0.5957343749999999 0.9740104166666668 0.03515625 0.05197916666666667
35102 31 0.455484375 0.9589375 0.03284375 0.07970833333333333
