2466 64 0.6731015625000001 0.3501944444444444 0.20604687500000002 0.4045
2466 64 0.3740625 0.24388888888888888 0.050687499999999996 0.11322222222222221
2466 64 0.423765625 0.11233333333333333 0.08325 0.2175
2466 44 0.7929609375 0.5454027777777778 0.12451562499999999 0.56325
2466 44 0.14457031250000002 0.5695138888888889 0.128515625 0.4816944444444444
2466 67 0.49875781249999995 0.7538055555555556 0.994890625 0.4626111111111111
2466 1 0.47169531249999996 0.2883333333333334 0.353140625 0.5695
2466 46 0.28565625000000006 0.5087361111111112 0.059343749999999994 0.2154722222222222
2466 47 0.2605859375 0.6177222222222222 0.078859375 0.24005555555555555
2466 48 0.7051796875 0.5835833333333333 0.058453124999999995 0.10066666666666667
2466 48 0.3049765625 0.7828472222222221 0.164921875 0.14425
2466 49 0.7152578125 0.5885416666666666 0.050421875000000005 0.10125
2466 50 0.31003906249999996 0.7704583333333334 0.15042187499999998 0.1463611111111111
2466 46 0.8371328124999999 0.788236111111111 0.117796875 0.34825
2466 47 0.1510546875 0.8359583333333334 0.120078125 0.2966388888888889
2466 62 0.5397265625000001 0.2006388888888889 0.293640625 0.15305555555555556
2466 62 0.2619609375 0.4229027777777778 0.241953125 0.2613611111111111
2466 48 0.2295859375 0.9705138888888889 0.043359375 0.058972222222222224
2466 49 0.25580468749999996 0.959375 0.029640624999999997 0.07702777777777778
2466 56 0.6018828125000001 0.6596388888888889 0.025703125 0.020833333333333332
2466 56 0.5751328124999999 0.6658472222222221 0.024453125 0.07925
2466 62 0.9276562500000001 0.22043055555555557 0.07384375 0.13219444444444445
2466 62 0.08735156250000001 0.4157777777777778 0.17470312500000001 0.2629444444444444
2466 64 0.27759375 0.16494444444444445 0.24253125 0.30388888888888893
2466 64 0.09546875 0.21356944444444445 0.1909375 0.4271388888888889
2466 56 0.45286718750000005 0.6438611111111111 0.024328125 0.046
