21993 62 0.7931640625 0.28121779859484775 0.182546875 0.22459016393442624
21993 67 0.50828125 0.7906323185011709 0.9834375 0.3724590163934426
21993 1 0.473890625 0.22270491803278689 0.43434375000000003 0.44540983606557377
21993 46 0.15209375 0.7675878220140515 0.16103125000000001 0.4648243559718969
21993 46 0.48090625 0.33470725995316164 0.05884374999999999 0.20163934426229507
21993 47 0.4972031250000001 0.5337822014051522 0.13568750000000002 0.21880562060889933
21993 48 0.9449296875 0.624625292740047 0.11014062499999999 0.06840749414519906
21993 50 0.6671875 0.45450819672131143 0.1164375 0.1051288056206089
21993 50 0.88003125 0.8014051522248243 0.046718749999999996 0.14079625292740047
21993 61 0.660625 0.39751756440281033 0.16118749999999998 0.07620608899297424
21993 1 0.9018125000000001 0.4449414519906323 0.19637500000000002 0.21124121779859487
21993 51 0.7674140625 0.8171545667447307 0.445796875 0.34306791569086653
21993 51 0.7198125 0.5054215456674473 0.10528124999999999 0.0797423887587822
21993 48 0.31130468749999995 0.4858665105386417 0.039171875 0.08601873536299764
21993 48 0.65809375 0.448711943793911 0.10290625 0.10449648711943793
21993 50 0.3107578125 0.4897306791569087 0.034421875000000005 0.09276346604215456
21993 50 0.380109375 0.4969906323185011 0.0241875 0.03871194379391101
