22500 1 0.559015625 0.9454470588235294 0.01353125 0.044682352941176465
22500 1 0.5463671875 0.9386235294117646 0.016828125 0.0516
22500 1 0.581515625 0.93 0.010906250000000001 0.02931764705882353
22500 1 0.575609375 0.9225647058823531 0.00690625 0.027858823529411766
22500 1 0.5689453125 0.922094117647059 0.010734375 0.0396235294117647
22500 1 0.5504687500000001 0.9090117647058824 0.00878125 0.02456470588235294
22500 1 0.5328671875 0.9295176470588236 0.010796875000000001 0.04411764705882353
22500 1 0.5258515625 0.9881411764705883 0.014421875 0.02371764705882353
22500 1 0.5415234375 0.9066117647058823 0.005140625 0.02084705882352941
22500 1 0.5117734374999999 0.9890000000000001 0.014296875 0.021952941176470588
22500 1 0.5748828125 0.9935411764705883 0.006734374999999999 0.01291764705882353
22500 1 0.51046875 0.9280705882352941 0.016843749999999998 0.0580235294117647
22500 1 0.562828125 0.9808117647058823 0.013718749999999998 0.03837647058823529
22500 28 0.3812421875 0.9432588235294117 0.044484375 0.026705882352941177
22500 1 0.53203125 0.9352941176470588 0.1078125 0.12470588235294118
