8504 1 0.22514583333333332 0.81871875 0.2688333333333333 0.27131249999999996
8504 1 0.44175 0.6667421874999999 0.021249999999999998 0.042984375000000005
8504 36 0.6944895833333333 0.7127421875 0.5477708333333333 0.060640625000000004
8504 1 0.8266354166666667 0.69775 0.01872916666666667 0.038625
8504 1 0.017729166666666667 0.5798515625 0.035458333333333335 0.16789062500000002
8504 1 0.15814583333333332 0.62009375 0.02645833333333333 0.0381875
8504 1 0.6900312500000001 0.49860156250000004 0.013479166666666665 0.014359374999999999
8504 1 0.4568125 0.6567578125 0.016666666666666666 0.039203125
8504 36 0.5617708333333333 0.5157734374999999 0.025833333333333333 0.005328125
8504 36 0.6911145833333333 0.503703125 0.005354166666666666 0.0053124999999999995
8504 36 0.28640625 0.6748046875 0.0145625 0.007546875
8504 1 0.5275520833333334 0.43887500000000007 0.008604166666666666 0.01065625
8504 35 0.4465208333333333 0.6863828125 0.051458333333333335 0.006578125
8504 1 0.1526875 0.597515625 0.012541666666666666 0.02325
