15883 54 0.5185948477751756 0.74715625 0.28159250585480095 0.1095
15883 1 0.3495081967213115 0.433 0.699016393442623 0.8564999999999999
15883 1 0.09451990632318501 0.171171875 0.17555035128805618 0.259
15883 1 0.10381733021077283 0.85309375 0.20763466042154566 0.2938125
15883 48 0.6653161592505854 0.7866328125 0.044590163934426226 0.15717187500000002
15883 49 0.4820023419203747 0.9430078125 0.15295081967213114 0.113984375
15883 1 0.8151405152224824 0.500671875 0.36971896955503514 0.474125
15883 54 0.7051405152224824 0.933828125 0.15833723653395784 0.12421875
15883 1 0.8818852459016393 0.5029140625 0.23613583138173302 0.9890156250000001
15883 48 0.6745081967213116 0.6414296875000001 0.0519672131147541 0.12257812500000001
