29154 57 0.4203125 0.26485416666666667 0.09231249999999999 0.12104166666666667
29154 57 0.649890625 0.34634375 0.0828125 0.055187499999999994
29154 57 0.5935703125 0.26265625 0.407828125 0.1820625
29154 57 0.36238281250000004 0.27449999999999997 0.029265625 0.05204166666666667
29154 55 0.539984375 0.7976666666666666 0.124875 0.16920833333333332
29154 55 0.42670312499999996 0.769 0.10124999999999999 0.16158333333333333
29154 55 0.41010937499999994 0.6473229166666667 0.11803125 0.1230625
29154 55 0.46681249999999996 0.5872499999999999 0.1151875 0.134875
29154 55 0.3546875 0.56671875 0.10800000000000001 0.14039583333333333
29154 55 0.33271875 0.6926562500000001 0.07709375 0.10152083333333332
29154 55 0.2493828125 0.70403125 0.11564062500000001 0.15547916666666667
29154 55 0.259140625 0.5625104166666667 0.09203125 0.11885416666666666
29154 55 0.5161484375000001 0.70190625 0.112984375 0.1016875
29154 55 0.6578906250000001 0.5807187500000001 0.09078125000000001 0.08914583333333333
29154 55 0.531015625 0.9246666666666667 0.20790625000000001 0.15066666666666664
29154 55 0.6412890625000001 0.6546979166666667 0.091640625 0.09747916666666666
29154 3 0.401453125 0.029041666666666667 0.28134375 0.058083333333333334
29154 8 0.140265625 0.05194791666666666 0.276625 0.10389583333333333
29154 55 0.585890625 0.5160520833333334 0.10803125 0.13472916666666668
