12897 1 0.8965234375 0.5630633802816901 0.206953125 0.8738732394366197
12897 1 0.4715 0.49036384976525815 0.08446875000000001 0.1818075117370892
12897 1 0.69996875 0.5582159624413146 0.07571875 0.31746478873239437
12897 1 0.8110390624999999 0.5933098591549296 0.074953125 0.42117370892018774
12897 1 0.36887499999999995 0.5188615023474178 0.06146875 0.18969483568075118
12897 1 0.21296875 0.4993544600938967 0.1190625 0.26053990610328637
12897 1 0.4556640625 0.5670539906103287 0.06792187499999999 0.1318075117370892
12897 27 0.6953828124999999 0.487593896713615 0.044984375 0.0926056338028169
12897 27 0.74009375 0.5146948356807511 0.01890625 0.06840375586854461
12897 1 0.5419765625 0.5363262910798122 0.058421875 0.21960093896713614
12897 1 0.7901796875 0.4732276995305164 0.038296875 0.09908450704225352
12897 1 0.3355546875 0.46070422535211264 0.015453125000000002 0.042441314553990604
12897 1 0.32210937500000003 0.4974295774647887 0.039218750000000004 0.09960093896713615
12897 27 0.25051562499999996 0.5102582159624413 0.04221875 0.08089201877934273
12897 27 0.573953125 0.6281220657276995 0.0625 0.07727699530516433
12897 33 0.7082421875 0.9305399061032864 0.099734375 0.13694835680751175
12897 33 0.6681328125 0.797300469483568 0.09701562500000001 0.1711737089201878
12897 1 0.405078125 0.6809037558685446 0.0733125 0.41598591549295777
12897 33 0.60625 0.9306455399061034 0.10971875 0.13870892018779343
12897 33 0.7563671875 0.6614906103286385 0.086546875 0.17523474178403758
12897 33 0.469703125 0.9704812206572769 0.21221874999999998 0.058802816901408456
12897 33 0.48813281250000007 0.8521478873239436 0.111890625 0.21800469483568077
12897 33 0.6415234375 0.5388615023474178 0.022703124999999998 0.07199530516431925
12897 33 0.6235156249999999 0.8403521126760564 0.071375 0.0788262910798122
12897 33 0.6050390625000001 0.7921948356807512 0.028296875 0.11636150234741784
12897 33 0.6850625 0.6623826291079811 0.02978125 0.11485915492957746
12897 33 0.6038828125 0.6184859154929578 0.049265625 0.0942488262910798
12897 1 0.275921875 0.574600938967136 0.09990625 0.22953051643192487
