23357 15 0.6186533957845433 0.8215703125000001 0.2091569086651054 0.08345312499999999
23357 22 0.5213466042154566 0.5724921875 0.9099531615925058 0.44642187499999997
23357 1 0.2206206088992974 0.67528125 0.1246135831381733 0.17303125
23357 1 0.12353629976580796 0.681984375 0.1473536299765808 0.174625
23357 1 0.8752107728337236 0.540375 0.07028103044496488 0.08709375
23357 1 0.3945081967213115 0.7397734375 0.11313817330210774 0.187078125
23357 1 0.8780093676814988 0.4487421875 0.06135831381733021 0.076953125
23357 1 0.8251405152224824 0.4393203124999999 0.05740046838407495 0.07585937499999999
23357 1 0.3553395784543326 0.5354375 0.07199063231850117 0.05384375
23357 1 0.2937822014051522 0.574328125 0.05271662763466042 0.09240625
23357 1 0.31710772833723655 0.5506171875000001 0.037400468384074945 0.070265625
23357 1 0.18016393442622952 0.5054609375 0.0522248243559719 0.045109375
23357 1 0.028009367681498826 0.44071875 0.05124121779859485 0.038843749999999996
23357 1 0.8289578454332552 0.5689609375 0.04105386416861827 0.066953125
23357 15 0.9374590163934425 0.5015781250000001 0.12508196721311474 0.01378125
23357 15 0.9372833723653395 0.4595937500000001 0.09194379391100702 0.0471875
23357 1 0.49882903981264637 0.49140625 0.9976580796252927 0.2359375
