20172 7 0.4907109375 0.46734375000000006 0.359796875 0.3918958333333334
20172 1 0.27965625 0.45969791666666665 0.014374999999999999 0.0663125
20172 1 0.2510703125 0.528125 0.073921875 0.28408333333333335
20172 1 0.16459375 0.6183333333333334 0.08896875 0.4507083333333333
20172 1 0.0369140625 0.6124479166666668 0.073828125 0.44964583333333336
20172 1 0.06796875 0.5399791666666667 0.04109375 0.14783333333333332
20172 1 0.2980625 0.45812499999999995 0.02134375 0.07375
20172 1 0.3157734375 0.45565625 0.011140625 0.04052083333333333
20172 1 0.7378750000000001 0.49769791666666663 0.017249999999999998 0.0666875
20172 27 0.124171875 0.5493854166666666 0.12709375 0.17139583333333333
20172 31 0.20096875 0.7166458333333333 0.042749999999999996 0.12470833333333334
20172 2 0.7315 0.5125625 0.0546875 0.03916666666666667
20172 1 0.20567968750000004 0.4964791666666667 0.040921875 0.034124999999999996
20172 1 0.1154765625 0.43686458333333333 0.025921875 0.0539375
