14278 10 0.5036328125 0.5806191588785047 0.033171875 0.14376168224299066
14278 1 0.016710937500000002 0.7738200934579439 0.029703125000000004 0.11394859813084113
14278 1 0.0995703125 0.794018691588785 0.039390625 0.13901869158878505
14278 1 0.1472109375 0.7878271028037384 0.040703125 0.13411214953271028
14278 1 0.18264843749999998 0.7459579439252336 0.018203125 0.06640186915887851
14278 1 0.16720312499999998 0.7503271028037383 0.01246875 0.0689252336448598
14278 1 0.23967968750000002 0.8209345794392522 0.037171875 0.16542056074766354
14278 1 0.20734375 0.7463200934579439 0.00871875 0.07446261682242991
14278 1 0.41990625000000004 0.8147429906542057 0.0379375 0.17214953271028038
14278 1 0.9428593749999999 0.8077570093457943 0.02978125 0.15023364485981308
14278 1 0.608484375 0.795268691588785 0.029375000000000002 0.1782476635514019
14278 3 0.6746953125 0.73375 0.043671875 0.04455607476635514
14278 1 0.065296875 0.8019509345794393 0.033187499999999995 0.17039719626168226
14278 3 0.33536718750000005 0.7244042056074766 0.027203125 0.034182242990654206
14278 3 0.312640625 0.7261214953271028 0.0220625 0.03387850467289719
14278 1 0.8792421874999998 0.7793341121495327 0.030609375 0.10581775700934579
14278 1 0.6220390625000001 0.7181074766355139 0.007609375 0.03542056074766355
14278 1 0.4796875 0.7745327102803738 0.934375 0.21728971962616822
