11320 19 0.5502399999999998 0.7503797468354432 0.06736 0.055240506329113925
11320 1 0.81752 0.8022405063291139 0.03728 0.1258481012658228
11320 1 0.74522 0.7613037974683544 0.01052 0.050962025316455696
11320 1 0.7220500000000001 0.757240506329114 0.01018 0.035037974683544304
11320 1 0.58989 0.7542658227848101 0.0175 0.05349367088607595
11320 1 0.40208 0.7518101265822785 0.016120000000000002 0.055974683544303794
11320 1 0.35895 0.755253164556962 0.013099999999999999 0.06837974683544304
11320 1 0.15079 0.7682911392405064 0.027420000000000003 0.10883544303797468
11320 8 0.47369 0.7519367088607595 0.06282 0.07288607594936708
11320 1 0.76324 0.7553544303797468 0.017079999999999998 0.05926582278481013
11320 11 0.70823 0.8474556962025317 0.03258 0.07815189873417722
11320 1 0.124 0.7698987341772151 0.0148 0.09377215189873417
11320 1 0.27271999999999996 0.7678860759493671 0.026879999999999998 0.07278481012658228
11320 1 0.3460599999999999 0.7575063291139241 0.02156 0.0738987341772152
11320 1 0.33202 0.7597594936708861 0.01764 0.0729873417721519
11320 1 0.32223 0.78326582278481 0.03494 0.10217721518987341
11320 8 0.7102900000000001 0.7452151898734177 0.0439 0.060759493670886074
11320 1 0.443 0.7443037974683544 0.626 0.1468354430379747
