17604 25 0.622609375 0.4823193473193474 0.42609375 0.4942890442890443
17604 24 0.3378359375 0.7673310023310024 0.334671875 0.29172494172494173
17604 24 0.8572656249999999 0.5107575757575757 0.03553125 0.03927738927738928
17604 24 0.8917578125000001 0.5087296037296037 0.024203125 0.0355011655011655
17604 24 0.3594453125 0.5109207459207459 0.045984375 0.0541025641025641
17604 24 0.9472890625 0.5033799533799534 0.033203125 0.039020979020979014
17604 24 0.906265625 0.5645104895104895 0.052593749999999995 0.09
17604 24 0.17308593749999998 0.5096736596736597 0.063046875 0.04979020979020979
17604 24 0.23967187500000003 0.5205827505827505 0.034749999999999996 0.054685314685314686
17604 24 0.9866875 0.5236829836829837 0.026625 0.03738927738927739
17604 24 0.9715078125 0.5345221445221444 0.041671875000000004 0.04974358974358974
17604 24 0.8845859375 0.5318764568764568 0.023921875000000002 0.051491841491841495
17604 24 0.9860234375000001 0.48837995337995344 0.027953125000000002 0.041655011655011655
17604 24 0.9681093749999998 0.498962703962704 0.016593749999999997 0.024405594405594408
