36828 1 0.294015625 0.5050932835820896 0.09331249999999999 0.28619402985074627
36828 42 0.33558593750000004 0.510410447761194 0.25207812500000004 0.09727611940298507
36828 1 0.9507734375 0.15364738805970146 0.008578125 0.011735074626865672
36828 1 0.94171875 0.1524440298507463 0.00646875 0.01164179104477612
36828 1 0.8966328125 0.15344216417910447 0.004734375 0.009496268656716418
36828 1 0.13107031249999998 0.1551026119402985 0.0072343749999999995 0.01583955223880597
36828 1 0.9149531249999999 0.15379664179104477 0.00784375 0.010242537313432836
36828 1 0.9618359375000001 0.15247201492537313 0.009640625 0.013190298507462688
36828 1 0.078875 0.1549626865671642 0.00840625 0.009738805970149254
36828 1 0.9209843750000001 0.15337686567164177 0.0049375 0.010261194029850746
36828 1 0.1241953125 0.15663246268656716 0.010953125 0.012555970149253732
36828 1 0.08256250000000001 0.15525186567164176 0.00621875 0.011921641791044775
