34061 16 0.6857708333333333 0.7111796874999999 0.1684166666666667 0.042796875
34061 17 0.11236458333333334 0.5066953125 0.06089583333333334 0.071671875
34061 20 0.74490625 0.8016953125 0.3234791666666667 0.173578125
34061 20 0.42146875 0.7936093750000001 0.31197916666666664 0.13021875
34061 62 0.6340625 0.24181249999999999 0.06258333333333334 0.0418125
34061 62 0.6068020833333334 0.24140625 0.05352083333333334 0.041999999999999996
34061 62 0.5583125 0.225734375 0.034625 0.030656250000000003
34061 62 0.9336875 0.224265625 0.059291666666666666 0.0448125
34061 62 0.93128125 0.20794531249999998 0.04802083333333333 0.029296875
34061 20 0.8539791666666666 0.8460390625 0.202125 0.13179687499999998
34061 62 0.5928645833333334 0.2250859375 0.04527083333333334 0.029515625
