1764 1 0.6239100000000001 0.56936 0.07814 0.14704
1764 1 0.65453 0.29229333333333335 0.024579999999999998 0.10272
1764 1 0.82467 0.10682666666666667 0.02634 0.06570666666666666
1764 1 0.80051 0.10226666666666667 0.030379999999999997 0.08314666666666666
1764 1 0.8423100000000001 0.12582666666666667 0.032740000000000005 0.05048
1764 1 0.7221900000000001 0.08202666666666666 0.03538 0.09664
1764 1 0.59409 0.10352 0.02942 0.05397333333333333
1764 1 0.39801 0.9572533333333333 0.04462 0.07546666666666667
1764 1 0.59347 0.12904 0.02698 0.03792
1764 43 0.62048 0.5022666666666666 0.020399999999999998 0.028053333333333333
1764 1 0.26704 0.978 0.037399999999999996 0.044
1764 1 0.23571 0.97784 0.032299999999999995 0.039253333333333335
1764 1 0.55477 0.26012 0.03146 0.09069333333333333
1764 1 0.485 0.49866666666666665 0.97 0.9973333333333333
