40940 52 0.4467957746478873 0.615453125 0.05157276995305164 0.07375000000000001
40940 52 0.529237089201878 0.6021484375 0.09842723004694835 0.068203125
40940 53 0.9629577464788732 0.34285156250000004 0.07408450704225351 0.12185937499999999
40940 55 0.917218309859155 0.48309375 0.03204225352112676 0.018875
40940 55 0.92518779342723 0.466984375 0.1496244131455399 0.0990625
40940 55 0.9136502347417841 0.34094531250000004 0.1645305164319249 0.121078125
40940 31 0.7044600938967137 0.5378437500000001 0.19455399061032863 0.28721874999999997
40940 1 0.5030281690140845 0.8887656249999999 0.3308450704225352 0.22246875
40940 1 0.15530516431924882 0.8842734374999999 0.29708920187793425 0.23145312499999998
40940 1 0.965469483568075 0.899 0.06906103286384976 0.19346875
40940 1 0.3001643192488263 0.803625 0.2139906103286385 0.39225
40940 1 0.19849765258215962 0.6377578125000001 0.17938967136150236 0.135953125
40940 1 0.0357981220657277 0.742234375 0.0715962441314554 0.135
40940 1 0.5503051643192488 0.511234375 0.4523943661971831 0.5505625000000001
40940 1 0.8696830985915494 0.7573046875 0.2606338028169014 0.328078125
40940 1 0.027769953051643193 0.62090625 0.055539906103286386 0.13615625
40940 1 0.88018779342723 0.9596718750000001 0.22924882629107982 0.07728125
40940 1 0.6836032863849766 0.8476015625000001 0.44997652582159625 0.30479687499999997
40940 55 0.8918779342723004 0.41237500000000005 0.028450704225352112 0.016
40940 52 0.5362676056338028 0.6224609375 0.0368075117370892 0.075171875
