3967 77 0.6811943793911007 0.3723984375 0.09105386416861827 0.048140625
3967 31 0.8368852459016394 0.591609375 0.32622950819672136 0.31353125
3967 31 0.4988407494145199 0.135 0.24096018735362998 0.27
3967 1 0.5109953161592505 0.5858515625 0.27046838407494145 0.549328125
3967 1 0.2846018735362998 0.3528125 0.27955503512880564 0.6966249999999999
3967 1 0.0799648711943794 0.5274765625000001 0.1599297423887588 0.46901562500000005
3967 1 0.11283372365339578 0.234828125 0.21892271662763466 0.46965625
3967 1 0.4728220140515222 0.2667734375 0.49370023419203746 0.532328125
3967 1 0.77980093676815 0.3997734375 0.41182669789227166 0.797296875
3967 31 0.6101522248243559 0.21521875000000001 0.15515222482435598 0.23131249999999998
3967 77 0.5114519906323185 0.14354687500000002 0.05536299765807963 0.03540625
3967 1 0.7509250585480093 0.534828125 0.49814988290398127 0.8539375
