26304 2 0.0296875 0.5801411764705883 0.057437499999999996 0.13590588235294118
26304 3 0.2445390625 0.5512941176470588 0.279671875 0.21383529411764704
26304 1 0.329984375 0.6365529411764705 0.11246875 0.4133411764705882
26304 1 0.41775 0.6338823529411765 0.09415625 0.4734117647058823
26304 1 0.81934375 0.6404470588235294 0.36131250000000004 0.7056
26304 77 0.792859375 0.5864117647058824 0.03703125 0.0868470588235294
26304 27 0.35803906249999995 0.5380705882352941 0.048078125 0.12423529411764705
26304 31 0.4484296875 0.5876470588235294 0.070140625 0.13708235294117646
26304 31 0.3592265625 0.5509058823529412 0.051109375 0.10670588235294118
26304 1 0.6542421875000001 0.5027882352941176 0.047578125 0.12712941176470588
26304 1 0.09853125 0.5303764705882353 0.0214375 0.10969411764705882
26304 77 0.280375 0.4567882352941176 0.00421875 0.03649411764705882
26304 77 0.3895234375 0.3942117647058823 0.004859375 0.017552941176470587
26304 1 0.0249140625 0.5355058823529412 0.047421875 0.18484705882352942
26304 31 0.6438750000000001 0.9313176470588236 0.0905625 0.13736470588235294
26304 31 0.9520781249999999 0.9521058823529412 0.09584375 0.09578823529411765
