42173 1 0.664671875 0.8541875 0.0119375 0.03383333333333333
42173 1 0.8017578125 0.8852916666666667 0.013453125 0.024333333333333332
42173 1 0.6940156249999999 0.8743333333333333 0.01940625 0.03045833333333333
42173 1 0.6441015625 0.84621875 0.014140625 0.04052083333333333
42173 38 0.6305546875 0.3208229166666666 0.267203125 0.0940625
42173 38 0.54 0.05529166666666666 0.04234375 0.04
42173 38 0.082671875 0.39376041666666667 0.16125 0.03352083333333333
42173 1 0.7611328125 0.8774270833333334 0.011234375000000001 0.03139583333333333
42173 1 0.42160156249999997 0.8229375 0.006234375 0.020083333333333335
42173 1 0.7826328124999999 0.86315625 0.013953125 0.023770833333333335
42173 1 0.3387578125 0.96453125 0.010390625 0.0709375
42173 1 0.13661718750000001 0.9687395833333333 0.026390625 0.06252083333333333
42173 1 0.8635390624999999 0.8746458333333333 0.012265624999999999 0.05
42173 1 0.7925234375 0.8753958333333334 0.009984375 0.03820833333333333
42173 1 0.9368124999999999 0.8653854166666667 0.01328125 0.0280625
42173 38 0.5913828125 0.743625 0.087828125 0.023875
42173 38 0.7603203125 0.5285625 0.041171875000000004 0.03133333333333333
42173 38 0.948828125 0.4536354166666666 0.03225 0.02322916666666667
42173 38 0.3175 0.34445833333333337 0.0325 0.026333333333333334
42173 38 0.10860937499999998 0.35121875 0.21203124999999998 0.0574375
42173 38 0.25259375 0.27610416666666665 0.021281249999999998 0.025125
42173 38 0.6493359375000001 0.4876041666666666 0.16514062499999999 0.07179166666666667
42173 38 0.8190234375000001 0.40071875 0.036671875 0.02022916666666667
42173 38 0.41756249999999995 0.22703125000000002 0.0170625 0.015020833333333334
42173 38 0.48984375 0.46770833333333334 0.9765625 0.8145833333333333
