15239 32 0.5032265625000001 0.5831805555555556 0.103421875 0.4910277777777778
15239 1 0.572 0.48648611111111106 0.32053125 0.9706944444444444
15239 44 0.1065703125 0.3383611111111111 0.061890625 0.37938888888888894
15239 44 0.1511953125 0.3373333333333333 0.038703125 0.36188888888888887
15239 44 0.1927890625 0.3397777777777778 0.061203125000000004 0.3722777777777778
15239 44 0.2432578125 0.37554166666666666 0.043984375 0.2840833333333333
15239 44 0.305265625 0.35631944444444447 0.0455 0.29291666666666666
15239 44 0.27926562499999996 0.3691111111111111 0.04378125 0.2971666666666667
15239 44 0.377515625 0.35818055555555556 0.0445 0.25469444444444445
15239 44 0.2398515625 0.7574027777777779 0.043984375 0.23830555555555558
15239 44 0.3227578125 0.7115972222222222 0.036328125 0.21958333333333332
15239 44 0.140578125 0.7259444444444444 0.04415625 0.2803333333333333
15239 44 0.34859375 0.7002083333333333 0.0303125 0.20975000000000002
15239 44 0.29172656249999995 0.7240694444444445 0.030703124999999998 0.22208333333333335
15239 44 0.09653906250000001 0.7734861111111111 0.041890625 0.16202777777777777
15239 44 0.39296875 0.5180555555555556 0.7859375 0.9583333333333334
