10176 63 0.7321015624999999 0.7808437500000001 0.5357968750000001 0.4383125
10176 67 0.43314062500000006 0.8370833333333334 0.42134375 0.23595833333333335
10176 1 0.9093125000000001 0.40872916666666664 0.127 0.4417916666666667
10176 1 0.7971953125 0.57378125 0.23595312499999999 0.8247291666666666
10176 1 0.39446875000000003 0.4836354166666667 0.23025 0.5530625
10176 47 0.4848671875 0.7523854166666667 0.040453125 0.06472916666666667
10176 47 0.4467734375 0.79746875 0.056484374999999996 0.0959375
10176 75 0.287796875 0.262625 0.012531249999999999 0.018583333333333334
10176 75 0.7304609375 0.566125 0.027453125000000002 0.015416666666666667
10176 27 0.12640625 0.9325833333333333 0.21571875000000001 0.107875
10176 75 0.512 0.781 0.03696875 0.034458333333333334
10176 75 0.4085859375 0.8895729166666667 0.116109375 0.03752083333333334
10176 75 0.39788281249999996 0.7783958333333333 0.041421875000000004 0.02020833333333333
