31465 2 0.08259999999999999 0.27956586826347307 0.16519999999999999 0.18062874251497005
31465 41 0.61846 0.7588772455089821 0.2822 0.19775449101796405
31465 1 0.18239000000000002 0.2629341317365269 0.06154 0.23820359281437126
31465 1 0.39538 0.21793413173652695 0.04828 0.1232934131736527
31465 1 0.24159999999999998 0.1331437125748503 0.03412 0.0907185628742515
31465 1 0.28244 0.11994011976047905 0.049 0.13491017964071858
31465 1 0.21199 0.11594311377245507 0.04182 0.11230538922155688
31465 1 0.16902 0.11046407185628741 0.02512 0.076437125748503
31465 1 0.32552000000000003 0.2091766467065868 0.04132 0.10709580838323354
31465 1 0.07915000000000001 0.1600449101796407 0.03958 0.09368263473053892
31465 1 0.41046000000000005 0.16038922155688623 0.033600000000000005 0.14634730538922155
31465 1 0.45030000000000003 0.18612275449101795 0.047240000000000004 0.18835329341317364
31465 1 0.14278 0.1244311377245509 0.033 0.0915568862275449
31465 41 0.07926000000000001 0.6940419161676646 0.15852000000000002 0.06221556886227545
31465 27 0.45353 0.1616616766467066 0.0299 0.05266467065868263
31465 31 0.38754 0.2227245508982036 0.03288 0.053712574850299406
31465 31 0.4089 0.1417814371257485 0.01392 0.04709580838323353
31465 1 0.02184 0.23258982035928144 0.04368 0.1923053892215569
31465 31 0.16926999999999998 0.22726047904191618 0.0637 0.0834431137724551
31465 1 0.6372000000000001 0.3489071856287425 0.3318 0.6873952095808383
31465 1 0.285 0.1437125748502994 0.414 0.19161676646706588
