17708 16 0.5273046875 0.5210520833333334 0.075171875 0.1026875
17708 9 0.1912890625 0.30365625 0.092296875 0.060770833333333336
17708 9 0.499421875 0.24310416666666665 0.06665625 0.044625000000000005
17708 1 0.2311796875 0.2876354166666667 0.020203125 0.030020833333333333
17708 1 0.1694375 0.271875 0.01759375 0.05591666666666666
17708 1 0.7975546875 0.25902083333333337 0.013546875 0.019375
17708 1 0.8541953125000001 0.26135416666666667 0.007796875 0.018083333333333333
17708 9 0.339296875 0.18570833333333334 0.02653125 0.01891666666666667
17708 9 0.07453125000000001 0.18105208333333334 0.03309375 0.0195625
17708 16 0.061078125000000004 0.30100000000000005 0.012 0.010125
17708 1 0.5067890625 0.24112499999999998 0.009078125 0.016874999999999998
17708 1 0.25587499999999996 0.2751041666666667 0.014093749999999999 0.034458333333333334
17708 1 0.48265625000000006 0.24285416666666665 0.005187499999999999 0.011458333333333333
17708 1 0.8257109374999999 0.26508333333333334 0.006796874999999999 0.007958333333333333
17708 9 0.8628984375 0.2624791666666667 0.15632812499999998 0.08625
17708 9 0.24974218749999996 0.2987083333333333 0.091046875 0.08
17708 1 0.23503125000000002 0.2756145833333334 0.00925 0.0433125
17708 1 0.2334453125 0.2617083333333333 0.032140625 0.0053750000000000004
17708 1 0.206390625 0.27568750000000003 0.010843750000000001 0.031875
17708 1 0.3546875 0.240625 0.3375 0.12291666666666666
