33718 6 0.9421796875 0.38244158878504675 0.11564062500000001 0.3521261682242991
33718 41 0.6995625 0.7505607476635514 0.08265625 0.31009345794392523
33718 31 0.4575078125 0.4444742990654206 0.041546875 0.0886214953271028
33718 31 0.21989843750000002 0.3949649532710281 0.034765625 0.0691822429906542
33718 31 0.31514843750000004 0.40540887850467294 0.024078125 0.060303738317757004
33718 1 0.21916406249999998 0.44143691588785045 0.05745312500000001 0.22278037383177568
33718 1 0.7723749999999999 0.27968457943925235 0.4329375 0.5054439252336449
33718 1 0.34181249999999996 0.4158878504672897 0.02484375 0.1258411214953271
33718 1 0.374109375 0.4307242990654206 0.056999999999999995 0.17663551401869157
33718 1 0.45199999999999996 0.4759813084112149 0.045156249999999995 0.23401869158878505
33718 1 0.8380468750000001 0.5849883177570093 0.09696875 0.4532476635514019
33718 1 0.855984375 0.5806191588785047 0.13087500000000002 0.45796728971962614
33718 1 0.10985156249999999 0.4167640186915888 0.024796875 0.12492990654205607
33718 1 0.2727578125 0.4258411214953271 0.028546875 0.12359813084112149
33718 15 0.7637421875 0.5588084112149533 0.084390625 0.07238317757009347
33718 15 0.609890625 0.5566822429906542 0.07584375 0.06570093457943925
33718 15 0.7081171875 0.5558177570093458 0.037328125000000004 0.06037383177570094
33718 27 0.6715625 0.40149532710280367 0.031718750000000004 0.047663551401869154
33718 1 0.31014062499999995 0.4349182242990654 0.046125 0.16988317757009344
33718 8 0.9411328124999999 0.42360981308411216 0.11773437499999999 0.37394859813084114
33718 27 0.22233593750000002 0.3953504672897196 0.038859375 0.07327102803738318
33718 1 0.0702109375 0.4125116822429907 0.030734375 0.12936915887850467
