44977 1 0.6608750000000001 0.8105156250000001 0.050875000000000004 0.10765625000000001
44977 1 0.7168515624999999 0.783 0.018984375 0.047093750000000004
44977 1 0.037953125 0.80309375 0.02321875 0.06634375
44977 1 0.8607421875 0.7835624999999999 0.030828125 0.045406249999999995
44977 38 0.31757031249999995 0.7078828125000001 0.5540468749999999 0.538296875
44977 38 0.6719062499999999 0.28202343750000003 0.5438125 0.5101093750000001
44977 38 0.7673828125 0.5407500000000001 0.11964062499999999 0.08703125
44977 38 0.18259375000000003 0.303703125 0.062281249999999996 0.05096874999999999
44977 38 0.05707031250000001 0.109296875 0.10960937500000001 0.05184375
44977 3 0.6998125 0.740890625 0.042125 0.0321875
44977 3 0.9264296875 0.74159375 0.040296874999999996 0.0265625
44977 3 0.604921875 0.74328125 0.04328125 0.02996875
44977 3 0.8371953124999999 0.7855390625 0.166359375 0.069546875
44977 3 0.7917109375 0.7394921875 0.033171875 0.021203125
44977 3 0.8541328125000002 0.741375 0.084984375 0.02715625
44977 3 0.8031015625 0.7488828125 0.049359375 0.010734375
44977 3 0.97328125 0.737515625 0.04234375 0.03021875
44977 3 0.750515625 0.74484375 0.034687499999999996 0.024375
44977 1 0.23011718750000001 0.7377734374999999 0.009234375 0.018640625
44977 1 0.056046874999999996 0.8088828125 0.025093749999999998 0.074109375
44977 1 0.9491875000000001 0.7357421875 0.008968750000000001 0.027484375
44977 1 0.278640625 0.800171875 0.01009375 0.017906250000000002
44977 1 0.8985468749999999 0.7348046875 0.00946875 0.020234375
44977 1 0.32644531250000003 0.804296875 0.018359375 0.04375
44977 1 0.3477578125 0.8000390625 0.022015625 0.053734375
44977 3 0.6473281249999999 0.742203125 0.036375000000000005 0.0260625
44977 3 0.021125 0.7517343750000001 0.033218750000000005 0.02228125
44977 3 0.8172265624999999 0.7468828125 0.017640625 0.011765625
44977 8 0.837265625 0.7856015624999999 0.16271875 0.066046875
44977 8 0.9720703125 0.7376875 0.038984375 0.027218750000000003
44977 8 0.602375 0.7432578125 0.039718750000000004 0.029109375
