26967 1 0.765171568627451 0.4449428104575163 0.28988562091503267 0.7011274509803921
26967 1 0.5091993464052288 0.3445506535947713 0.0626797385620915 0.09168300653594771
26967 1 0.46366830065359477 0.42370098039215687 0.10893790849673203 0.23102941176470587
26967 1 0.3808496732026144 0.40448529411764705 0.060653594771241826 0.1655718954248366
26967 31 0.6869362745098039 0.42004901960784313 0.1621732026143791 0.16215686274509802
26967 31 0.9001879084967319 0.49497549019607845 0.15566993464052287 0.1705065359477124
26967 33 0.4730392156862745 0.7906372549019608 0.5235947712418301 0.3730392156862745
26967 33 0.19886437908496735 0.6336928104575165 0.3518464052287582 0.2211111111111111
26967 1 0.9281290849673203 0.4929738562091503 0.14374183006535948 0.6808823529411765
26967 1 0.6231944444444444 0.4075245098039215 0.12805555555555556 0.4343627450980392
26967 1 0.34004084967320264 0.4105228758169934 0.034983660130718956 0.13411764705882354
26967 1 0.40674019607843137 0.3511519607843137 0.04468954248366013 0.07318627450980392
26967 1 0.3190032679738562 0.4083088235294117 0.03209150326797386 0.13808823529411765
26967 1 0.2236111111111111 0.41142973856209153 0.04297385620915033 0.06573529411764706
26967 31 0.574983660130719 0.48082516339869286 0.05218954248366013 0.08204248366013073
26967 33 0.3776143790849673 0.5275735294117647 0.09415032679738562 0.09550653594771243
26967 33 0.24147058823529413 0.45389705882352943 0.07656862745098039 0.05834967320261438
26967 1 0.3054656862745098 0.40629901960784315 0.03334967320261438 0.14181372549019608
26967 33 0.5225898692810458 0.5299918300653594 0.07197712418300653 0.08910130718954248
26967 1 0.5663562091503268 0.4266993464052287 0.08725490196078431 0.3476470588235294
