38823 64 0.9377656250000002 0.7663541666666667 0.10175000000000001 0.16316666666666665
38823 64 0.6788203125 0.7538125 0.21385937500000002 0.203125
38823 64 0.8961953125 0.7163333333333334 0.130578125 0.21712499999999998
38823 64 0.7833125 0.459625 0.17640625000000001 0.275125
38823 64 0.3899609375 0.6894062499999999 0.135015625 0.11702083333333334
38823 64 0.48766406250000005 0.6022500000000001 0.10089062499999998 0.2735416666666667
38823 64 0.8587109375 0.6423229166666666 0.166859375 0.17977083333333335
38823 64 0.2519609375 0.6348333333333332 0.234265625 0.2584166666666667
38823 64 0.33875 0.7017708333333333 0.06425 0.10416666666666667
38823 64 0.5064609375 0.9056145833333333 0.11967187500000001 0.18877083333333333
38823 64 0.18280468749999998 0.8479791666666667 0.07032812499999999 0.14833333333333334
38823 64 0.43647656250000005 0.70471875 0.027890625000000002 0.07852083333333333
