48680 72 0.6769375 0.34494145199063236 0.13343750000000001 0.19100702576112413
48680 44 0.8200156249999999 0.7819555035128807 0.02909375 0.11407494145199064
48680 44 0.39284375000000005 0.5112880562060891 0.01196875 0.0718032786885246
48680 44 0.21710937500000002 0.6949531615925059 0.021374999999999998 0.12016393442622951
48680 44 0.24096875 0.7003161592505855 0.022375 0.10625292740046838
48680 44 0.04690625 0.5019203747072599 0.0125 0.04763466042154567
48680 63 0.7418515625 0.7504683840749414 0.439296875 0.4990632318501171
48680 63 0.305 0.5437939110070258 0.3291875 0.31423887587822014
48680 1 0.39603125 0.5630444964871195 0.13443750000000002 0.3579859484777518
48680 1 0.242234375 0.4876346604215457 0.12725 0.19775175644028103
48680 1 0.6461953125 0.7235948477751757 0.359828125 0.4764168618266979
48680 1 0.24353125000000003 0.8808313817330211 0.3080625 0.23833723653395783
48680 1 0.81546875 0.8177634660421546 0.36906249999999996 0.35946135831381737
48680 1 0.061304687499999996 0.6647540983606558 0.12260937499999999 0.38594847775175645
48680 73 0.5737578125 0.49804449648711946 0.086796875 0.11248243559718969
48680 51 0.2216171875 0.643711943793911 0.086109375 0.08002341920374707
48680 77 0.2624765625 0.9092622950819672 0.026609375 0.0705152224824356
48680 1 0.07260156250000001 0.8528454332552694 0.14520312500000002 0.15065573770491802
48680 47 0.3111484375 0.5838407494145199 0.022203125 0.04407494145199063
48680 44 0.08003906250000001 0.54403981264637 0.016578125 0.07304449648711944
48680 44 0.3133125 0.6289344262295081 0.01675 0.04929742388758782
48680 1 0.10216406249999999 0.6613348946135831 0.142484375 0.18346604215456674
