43530 16 0.7941640624999999 0.11905208333333332 0.049796875000000004 0.0749375
43530 16 0.5728203125 0.14772916666666666 0.075796875 0.059333333333333335
43530 16 0.3433828125 0.6499791666666667 0.057484375 0.12975
43530 16 0.1219765625 0.6213854166666667 0.066578125 0.052812500000000005
43530 16 0.22619531249999997 0.36111458333333335 0.090421875 0.08452083333333334
43530 16 0.5859296875 0.3167916666666667 0.085796875 0.06954166666666667
43530 16 0.7306484375 0.23889583333333334 0.06539062500000001 0.03916666666666667
43530 16 0.605796875 0.5528958333333333 0.159625 0.14991666666666664
43530 16 0.6870859375 0.8220937500000001 0.030234375 0.0866875
43530 16 0.6354765625 0.7941770833333333 0.027953125000000002 0.0648125
43530 16 0.751953125 0.7747499999999999 0.031718750000000004 0.05370833333333334
43530 16 0.3971328125 0.7283229166666666 0.034015625 0.0464375
43530 16 0.19559375 0.695625 0.037625 0.03825
43530 16 0.060203125 0.5985833333333334 0.028687499999999998 0.04529166666666666
43530 16 0.047828125 0.6841770833333333 0.06365625 0.08072916666666667
43530 16 0.3207734375 0.20058333333333334 0.077453125 0.07595833333333334
43530 16 0.8659921875000001 0.5587812500000001 0.034734375 0.042937499999999997
43530 16 0.49921875 0.42604166666666665 0.9984375 0.7229166666666667
