15379 3 0.11855 0.09892 0.09194 0.07741333333333333
15379 3 0.50307 0.13516 0.22846 0.15602666666666667
15379 3 0.38887 0.07797333333333334 0.11406000000000001 0.059199999999999996
15379 3 0.27304 0.15393333333333334 0.31348000000000004 0.19549333333333335
15379 3 0.6942900000000001 0.11571999999999999 0.24869999999999998 0.17751999999999998
15379 3 0.8272299999999999 0.06324 0.0601 0.07106666666666667
15379 3 0.05432 0.07849333333333333 0.03644 0.030586666666666668
15379 4 0.53187 0.5272266666666667 0.61818 0.8193066666666667
15379 8 0.9285699999999999 0.09610666666666666 0.14286000000000001 0.14543999999999999
15379 3 0.83173 0.12030666666666666 0.054020000000000006 0.06663999999999999
15379 3 0.93975 0.04821333333333333 0.06781999999999999 0.04618666666666667
15379 3 0.18266 0.10105333333333333 0.13391999999999998 0.0948
