23117 28 0.7012422360248447 0.1038125 0.5627743271221531 0.17753125
23117 32 0.714223602484472 0.34971874999999997 0.040993788819875775 0.07690625
23117 62 0.13767080745341617 0.5024453125 0.1399792960662526 0.146734375
23117 62 0.03702898550724637 0.4428671875 0.0727743271221532 0.108578125
23117 62 0.39112836438923393 0.5046328124999999 0.05227743271221532 0.124828125
23117 1 0.49046583850931674 0.5154375 0.24954451345755693 0.67415625
23117 1 0.7537163561076605 0.5822031249999999 0.30175983436853004 0.8198124999999999
23117 1 0.45444099378881986 0.3093359375 0.061925465838509317 0.090546875
23117 1 0.017867494824016564 0.2960703125 0.03366459627329193 0.072671875
23117 1 0.20284679089026914 0.3049453125 0.08631469979296066 0.045984375
23117 1 0.37408902691511386 0.31528125 0.10561076604554866 0.15353125
23117 1 0.15810559006211178 0.4295859375 0.16503105590062112 0.20242187500000003
23117 1 0.90027950310559 0.2812734375 0.024824016563147 0.022921875
23117 1 0.9194616977225674 0.2765078125 0.024803312629399586 0.023234374999999998
23117 1 0.04987577639751553 0.303125 0.04728778467908903 0.0863125
23117 1 0.9351449275362319 0.443203125 0.12971014492753624 0.38765625
23117 28 0.3669254658385094 0.15638281250000002 0.3463146997929607 0.059359375000000006
23117 32 0.4728674948240165 0.348390625 0.043788819875776396 0.053437500000000006
23117 1 0.8367080745341616 0.2784140625 0.024720496894409937 0.028671875000000003
23117 1 0.8793374741200828 0.292453125 0.04091097308488613 0.032125
23117 28 0.3454244306418219 0.08996875 0.28165631469979296 0.12096875
23117 62 0.32256728778467914 0.3904140625 0.032712215320910974 0.037703125
23117 62 0.27623188405797106 0.386546875 0.018053830227743272 0.01578125
23117 1 0.5496894409937888 0.33125 0.722567287784679 0.19375
