34267 42 0.3673515625 0.7854479166666667 0.07173437499999999 0.13472916666666668
34267 42 0.27686718750000006 0.7606354166666667 0.052109375 0.0746875
34267 42 0.43418750000000006 0.5751145833333333 0.059875 0.030270833333333334
34267 1 0.255390625 0.7774583333333334 0.05721875 0.17020833333333335
34267 1 0.41225000000000006 0.5985833333333334 0.0298125 0.06129166666666667
34267 1 0.434734375 0.5826250000000001 0.01771875 0.08141666666666666
34267 1 0.353953125 0.5959270833333333 0.013750000000000002 0.050687499999999996
34267 1 0.546375 0.5998229166666665 0.03228125 0.05477083333333333
34267 1 0.718890625 0.5053854166666666 0.014687500000000001 0.03872916666666667
34267 1 0.8299453124999999 0.5125520833333334 0.009921875 0.024854166666666667
34267 1 0.814515625 0.5021666666666667 0.016125 0.053375
34267 1 0.362125 0.79128125 0.0538125 0.1604375
34267 1 0.3187109375 0.6090312499999999 0.011359375 0.024770833333333336
