16322 1 0.31478125 0.5727934272300469 0.41921875000000003 0.8307042253521126
16322 1 0.8114687500000001 0.5251525821596245 0.36646875 0.9213380281690141
16322 73 0.583359375 0.4617957746478873 0.22137500000000002 0.3618075117370892
16322 1 0.4926640625 0.12154929577464789 0.053390625000000004 0.08901408450704226
16322 1 0.5023124999999999 0.15828638497652583 0.056125 0.07267605633802818
16322 1 0.46599218750000004 0.15991784037558684 0.042484375000000005 0.09147887323943661
16322 1 0.4676796875 0.09319248826291081 0.025140625 0.04765258215962442
16322 1 0.5129609375 0.11529342723004696 0.026484374999999998 0.11171361502347418
16322 1 0.61103125 0.2266431924882629 0.027250000000000003 0.10629107981220658
16322 1 0.573890625 0.2282863849765258 0.0275625 0.10901408450704225
