48641 24 0.870265625 0.4921770833333333 0.24762499999999998 0.24102083333333332
48641 24 0.7019296875000001 0.5382708333333334 0.156546875 0.34379166666666666
48641 24 0.3792109375 0.7494375000000001 0.192140625 0.4741666666666667
48641 24 0.27715625 0.5530416666666667 0.21125 0.29158333333333336
48641 24 0.10640625 0.5021249999999999 0.20015624999999998 0.308375
48641 24 0.359140625 0.4229895833333333 0.17090624999999998 0.21714583333333334
48641 24 0.4872734375 0.4207395833333333 0.066359375 0.19952083333333331
48641 24 0.800171875 0.3558645833333333 0.0395625 0.07727083333333334
48641 24 0.6805 0.3560104166666667 0.04575 0.07314583333333333
48641 24 0.617625 0.5572395833333333 0.098875 0.31935416666666666
48641 24 0.0895390625 0.3809791666666667 0.087703125 0.079625
48641 24 0.1797265625 0.3506354166666667 0.050453125 0.12602083333333333
48641 24 0.21807812499999998 0.3547291666666667 0.03646875 0.13229166666666667
48641 24 0.5 0.353125 0.996875 0.5104166666666666
