29014 1 0.6959099999999999 0.5393265306122449 0.2995 0.9123673469387755
29014 1 0.30569 0.5878367346938775 0.16554 0.6914285714285715
29014 1 0.43637 0.1566734693877551 0.08209999999999999 0.30395918367346936
29014 35 0.8 0.5225102040816326 0.35312 0.9549795918367346
29014 35 0.41040999999999994 0.831938775510204 0.15078 0.3128571428571429
29014 27 0.35434000000000004 0.7730204081632653 0.13332 0.33363265306122447
29014 27 0.44409 0.09836734693877551 0.06326 0.17216326530612244
29014 1 0.2771 0.28951020408163264 0.148 0.5269387755102041
29014 35 0.34037 0.22265306122448977 0.0229 0.11746938775510204
29014 35 0.41551 0.36106122448979594 0.06509999999999999 0.26342857142857146
