39236 44 0.171609375 0.58309375 0.037843749999999995 0.07822916666666666
39236 28 0.1849765625 0.19282291666666668 0.114359375 0.3766875
39236 28 0.8818906249999999 0.15196875 0.1999375 0.24631250000000002
39236 1 0.31155468750000004 0.16693750000000002 0.020265625000000002 0.06020833333333333
39236 1 0.38471875 0.15111458333333333 0.0130625 0.03747916666666666
39236 1 0.085953125 0.19743750000000002 0.0188125 0.036833333333333336
39236 1 0.10797656250000001 0.18908333333333335 0.022984375 0.04720833333333333
39236 1 0.135359375 0.17855208333333333 0.01003125 0.03797916666666667
39236 1 0.303140625 0.16614583333333333 0.00596875 0.008291666666666666
39236 1 0.35455468749999997 0.15022916666666666 0.007921875 0.02354166666666667
39236 1 0.39919531249999995 0.15716666666666665 0.007046874999999999 0.04420833333333333
39236 1 0.42504687500000005 0.15127083333333333 0.009281250000000001 0.024541666666666666
39236 27 0.7766484375 0.36725 0.069765625 0.05279166666666667
39236 31 0.428703125 0.7617604166666666 0.1541875 0.17860416666666667
39236 1 0.7826015625 0.14173958333333334 0.014953125000000001 0.07977083333333333
39236 1 0.9881484375000001 0.15822916666666667 0.023703125 0.12195833333333334
39236 31 0.6023359375 0.8688125 0.096203125 0.14645833333333333
39236 1 0.602234375 0.17503125 0.02109375 0.021770833333333333
39236 31 0.245640625 0.5053124999999999 0.0781875 0.08441666666666667
39236 31 0.5900546875000001 0.39946875 0.06398437500000001 0.0745625
39236 1 0.7686328124999999 0.15832291666666667 0.015328125000000001 0.05210416666666667
39236 1 0.503125 0.15416666666666667 0.86875 0.0875
