22816 19 0.0896875 0.1325078125 0.17895833333333336 0.22639062499999998
22816 21 0.088875 0.13162500000000002 0.17754166666666665 0.2243125
22816 1 0.47577083333333337 0.34361718750000003 0.4862083333333333 0.539140625
22816 1 0.6924375 0.0828671875 0.09208333333333334 0.165734375
22816 1 0.85884375 0.0501328125 0.0388125 0.09767187499999999
22816 1 0.4644375 0.1173671875 0.3017916666666667 0.232578125
22816 1 0.9134270833333333 0.08225 0.10956250000000001 0.162375
22816 1 0.7674270833333333 0.0610625 0.07664583333333333 0.122125
22816 60 0.5927604166666666 0.5963281250000001 0.04789583333333333 0.039375
22816 60 0.49918749999999995 0.5912656249999999 0.052375 0.03603125
22816 60 0.5591458333333333 0.5222421875000001 0.043291666666666666 0.035703125
22816 60 0.5943229166666667 0.623609375 0.04002083333333333 0.01328125
22816 60 0.6646770833333334 0.57578125 0.0509375 0.037125000000000005
22816 60 0.6337500000000001 0.5463046874999999 0.044708333333333336 0.030515625
