32629 44 0.38192968749999995 0.26668749999999997 0.024265625 0.07970833333333333
32629 44 0.22722656249999998 0.12720833333333334 0.015546874999999998 0.07495833333333332
32629 67 0.7055468749999999 0.4518541666666666 0.10303124999999999 0.06979166666666667
32629 44 0.43378125 0.28253125 0.0239375 0.049979166666666665
32629 27 0.1462734375 0.7918645833333333 0.188265625 0.2987708333333333
32629 33 0.48350781249999997 0.7503645833333333 0.403421875 0.29172916666666665
32629 33 0.762953125 0.6371666666666667 0.18240625 0.151625
32629 44 0.21080468750000003 0.12672916666666667 0.020171875 0.07075000000000001
32629 44 0.18065625000000002 0.12202083333333333 0.02996875 0.04641666666666667
32629 27 0.07465625000000001 0.8588541666666667 0.148625 0.2795416666666667
32629 62 0.6980390625 0.48283333333333334 0.078390625 0.25708333333333333
32629 62 0.7563046874999999 0.45683333333333326 0.063171875 0.19720833333333332
