36569 16 0.31922999999999996 0.44288000000000005 0.6223 0.7952533333333334
36569 1 0.41797 0.7640399999999999 0.33033999999999997 0.4404533333333333
36569 1 0.78371 0.48329333333333335 0.42810000000000004 0.6471733333333334
36569 1 0.7767200000000001 0.07264 0.10552 0.14528
36569 53 0.75134 0.5288133333333334 0.12028 0.18130666666666664
36569 1 0.16667 0.11265333333333333 0.16706000000000001 0.22530666666666666
36569 1 0.10906 0.4923866666666667 0.21475999999999998 0.9843466666666667
36569 1 0.57921 0.08786666666666665 0.11137999999999999 0.16336
36569 1 0.95075 0.053680000000000005 0.0679 0.10405333333333334
36569 1 0.08771999999999999 0.0618 0.037200000000000004 0.1236
36569 53 0.54025 0.5131066666666666 0.09058 0.11346666666666666
36569 53 0.47755000000000003 0.4874 0.11974 0.12333333333333334
