5811 6 0.46180468750000003 0.5101391862955033 0.7559843749999999 0.5180085653104926
5811 1 0.5058671875 0.4357815845824411 0.046140625000000005 0.08543897216274089
5811 1 0.9159453125000001 0.5508458244111349 0.027640625000000002 0.1010492505353319
5811 1 0.8753359375 0.5016488222698072 0.024984375 0.10856531049250535
5811 6 0.91109375 0.4398929336188437 0.17781249999999998 0.2187152034261242
5811 10 0.0759921875 0.39856531049250543 0.028921875000000003 0.0708779443254818
5811 10 0.8821406249999999 0.38048179871520343 0.02425 0.06019271948608137
5811 1 0.5551796875 0.42988222698072803 0.047265625 0.09830835117773018
5811 1 0.418265625 0.44593147751605994 0.045906249999999996 0.0660813704496788
5811 1 0.361984375 0.4488865096359743 0.04596875 0.05661670235546039
5811 1 0.9742890624999999 0.5419807280513919 0.044984375 0.16370449678800858
5811 1 0.21731249999999996 0.44898286937901494 0.05053125000000001 0.058008565310492505
5811 1 0.9284453124999998 0.5064989293361885 0.022453124999999997 0.08995717344753747
5811 1 0.284265625 0.4492719486081371 0.05103124999999999 0.06077087794432548
5811 1 0.899203125 0.5064668094218415 0.023125 0.09259100642398288
