26041 46 0.1413515625 0.4671713615023474 0.202796875 0.5778169014084508
26041 52 0.593828125 0.2752816901408451 0.2453125 0.21347417840375588
26041 52 0.26625 0.41764084507042254 0.1848125 0.40706572769953053
26041 52 0.47768750000000004 0.28706572769953054 0.17540625 0.22117370892018778
26041 52 0.3082734375 0.43853286384976525 0.11676562500000001 0.39429577464788734
26041 52 0.35630468750000005 0.4510446009389671 0.054828125000000005 0.35762910798122066
26041 53 0.6288203125 0.46588028169014084 0.22082812500000001 0.28237089201877935
26041 53 0.43567968749999997 0.505774647887324 0.189203125 0.2451173708920188
26041 53 0.8526796875 0.49424882629107986 0.055765625 0.15812206572769952
26041 55 0.794640625 0.524906103286385 0.13178125000000002 0.1824413145539906
26041 55 0.5324765625000001 0.408169014084507 0.095890625 0.11342723004694835
26041 55 0.21014062500000003 0.3982746478873239 0.03984375 0.08617370892018779
26041 55 0.772109375 0.4067253521126761 0.11053125 0.12453051643192488
26041 44 0.0499140625 0.543838028169014 0.096953125 0.4387089201877934
26041 46 0.2694453125 0.2670774647887324 0.085390625 0.07946009389671362
26041 46 0.39665625 0.2753286384976526 0.017812500000000002 0.021784037558685444
26041 53 0.714609375 0.3835446009389672 0.042875 0.044131455399061034
