19391 46 0.46379166666666666 0.331265625 0.029249999999999998 0.06259375
19391 46 0.5852708333333333 0.3403984375 0.034958333333333334 0.055390625000000006
19391 47 0.56878125 0.4238671875000001 0.02772916666666667 0.021203125
19391 46 0.49109375 0.329078125 0.025895833333333333 0.07090625
19391 46 0.46825 0.24676562500000002 0.0365 0.055937499999999994
19391 46 0.5025833333333334 0.25850781250000004 0.03395833333333333 0.038921875
19391 46 0.5168333333333334 0.3304921875 0.024333333333333332 0.06351562499999999
19391 46 0.4730729166666666 0.332609375 0.02264583333333333 0.060875
19391 46 0.56171875 0.336296875 0.0184375 0.059281249999999994
19391 47 0.54840625 0.44240625 0.026979166666666665 0.015437500000000002
19391 47 0.50796875 0.4305703125 0.02735416666666667 0.034828125
19391 47 0.5461354166666667 0.42339843750000006 0.021354166666666667 0.024015625
19391 47 0.58153125 0.4414921875 0.033479166666666664 0.013609375000000002
19391 46 0.513 0.170671875 0.04520833333333333 0.04975
19391 46 0.558 0.1726640625 0.028291666666666666 0.053296875
19391 46 0.5917083333333333 0.178859375 0.023 0.04946875
19391 46 0.5772916666666668 0.17946875 0.01891666666666667 0.0468125
19391 47 0.46122916666666663 0.43074218750000004 0.025583333333333333 0.033015625
