34779 4 0.5163671875 0.5156458333333334 0.843109375 0.74975
34779 4 0.7929765625 0.28819791666666666 0.210671875 0.40897916666666667
34779 4 0.8814609375 0.2325833333333333 0.165171875 0.37529166666666663
34779 4 0.8993593749999998 0.17941666666666667 0.036125000000000004 0.072625
34779 4 0.9276562499999998 0.15401041666666665 0.081375 0.10022916666666666
34779 4 0.9454687500000001 0.12325000000000001 0.0385625 0.059041666666666666
34779 4 0.20125 0.1923125 0.11612499999999999 0.134375
34779 1 0.42544531250000006 0.09075000000000001 0.094171875 0.18150000000000002
34779 1 0.050875000000000004 0.18203125 0.10175000000000001 0.3640625
34779 1 0.5616328125 0.109375 0.027109375 0.10841666666666666
34779 1 0.7736875 0.07631249999999999 0.08696875 0.126875
34779 1 0.7211015625 0.08048958333333332 0.035703125 0.10710416666666665
34779 1 0.8392265625 0.05311458333333333 0.042609375 0.10272916666666668
34779 1 0.9811015624999999 0.10326041666666666 0.037796875 0.12589583333333335
34779 1 0.7016484375 0.08597916666666666 0.026015624999999997 0.09554166666666666
34779 31 0.7479140625 0.09554166666666666 0.053328125000000004 0.081
34779 1 0.1772734375 0.15065625 0.078953125 0.2994791666666667
34779 1 0.5292421875 0.099375 0.036546875 0.14954166666666666
34779 4 0.37747656249999995 0.16180208333333332 0.045828125 0.09322916666666667
34779 4 0.4806796875 0.13719791666666667 0.030734375 0.057604166666666665
34779 4 0.9544453125000001 0.10815625000000001 0.023015625 0.05072916666666667
34779 1 0.482328125 0.10388541666666667 0.028968749999999998 0.07727083333333334
