35827 44 0.710796875 0.16602112676056335 0.06949999999999999 0.15565727699530518
35827 62 0.7030859375 0.7252112676056338 0.34354687500000003 0.5236150234741784
35827 1 0.3141171875 0.7438145539906104 0.38292187499999997 0.4719014084507042
35827 47 0.5763125 0.2764906103286385 0.02146875 0.03227699530516432
35827 73 0.8813906250000001 0.32164319248826284 0.22846875 0.3368544600938967
35827 47 0.7666328125 0.30927230046948356 0.038828125000000005 0.07089201877934272
35827 72 0.592671875 0.13609154929577466 0.10124999999999999 0.12960093896713615
35827 72 0.9266640625000001 0.07305164319248826 0.146671875 0.14610328638497652
35827 72 0.6576796875 0.10818075117370893 0.086890625 0.16185446009389673
35827 62 0.4387578125 0.6380046948356807 0.304953125 0.6816431924882629
