33861 38 0.7441171875 0.3052112676056338 0.384015625 0.43934272300469485
33861 38 0.2729375 0.23090375586854459 0.08490625 0.11481220657276994
33861 38 0.6871484375 0.4588145539906103 0.117171875 0.12194835680751175
33861 1 0.35871875000000003 0.6329225352112676 0.13796875 0.34288732394366195
33861 1 0.47645312500000003 0.4740962441314554 0.060125 0.21875586854460094
33861 1 0.8811562500000001 0.3752699530516431 0.029593750000000002 0.11373239436619718
33861 1 0.5554765625000001 0.35664319248826293 0.037796875 0.07572769953051643
33861 1 0.5289921874999999 0.35186619718309853 0.043453124999999995 0.06913145539906103
33861 1 0.099046875 0.3151525821596244 0.0251875 0.09157276995305164
33861 1 0.1421953125 0.27392018779342725 0.018171875 0.1128638497652582
33861 1 0.69609375 0.40456572769953053 0.054593749999999996 0.21204225352112677
33861 2 0.49633593750000005 0.2871830985915493 0.046640625000000005 0.046150234741784035
33861 2 0.53709375 0.28875586854460095 0.043187500000000004 0.051924882629107987
33861 2 0.6124140625 0.29532863849765256 0.043890625 0.05037558685446009
33861 2 0.6790234374999999 0.3146361502347418 0.015328125000000001 0.019084507042253524
33861 1 0.30290625000000004 0.3462910798122066 0.08803125 0.2932394366197183
33861 1 0.22890625 0.2597300469483568 0.0214375 0.043967136150234745
33861 1 0.455421875 0.3093544600938967 0.012750000000000001 0.05321596244131456
33861 1 0.6134296875 0.28417840375586856 0.024921875 0.0792018779342723
33861 2 0.7582187499999999 0.29507042253521126 0.04625 0.0404225352112676
33861 1 0.5863124999999999 0.3282511737089202 0.026250000000000002 0.05504694835680751
33861 2 0.6453437500000001 0.29703051643192485 0.021406249999999998 0.045140845070422535
33861 2 0.392875 0.2744131455399061 0.040781250000000005 0.04906103286384976
33861 1 0.4421875 0.29107981220657275 0.865625 0.2112676056338028
