6709 16 0.13684375 0.27504166666666663 0.02109375 0.022000000000000002
6709 16 0.1567578125 0.2901875 0.019953125 0.03308333333333333
6709 16 0.1699765625 0.29219791666666667 0.016046875 0.023104166666666665
6709 16 0.207328125 0.30065625 0.02121875 0.03147916666666666
6709 16 0.24034375 0.2938541666666667 0.011625 0.026000000000000002
6709 16 0.2838828125 0.2896458333333333 0.026015624999999997 0.03170833333333333
6709 1 0.5191015625000001 0.52290625 0.394390625 0.7146041666666666
6709 1 0.6925 0.44523958333333336 0.110125 0.47910416666666666
6709 16 0.031328125 0.28617708333333336 0.00996875 0.023979166666666666
6709 16 0.033515625 0.34392708333333327 0.01959375 0.0255625
6709 41 0.6758046875 0.5757604166666667 0.044109375 0.22460416666666666
6709 41 0.48797656249999993 0.7859895833333332 0.16904687499999999 0.19439583333333335
6709 1 0.9866249999999999 0.2880625 0.025437500000000002 0.05466666666666666
6709 3 0.79415625 0.23690625 0.0174375 0.0116875
6709 3 0.745078125 0.23766666666666666 0.02021875 0.013833333333333333
6709 16 0.5421875 0.3545416666666667 0.018375 0.050083333333333334
6709 16 0.2639296875 0.3016979166666667 0.012640624999999999 0.017145833333333336
6709 16 0.0166328125 0.29421875 0.018796874999999998 0.014229166666666666
6709 3 0.855984375 0.23684375 0.02071875 0.0169375
6709 3 0.9302343750000001 0.23835416666666667 0.01915625 0.012750000000000001
6709 3 0.9109140625000001 0.2381666666666667 0.012546874999999999 0.009416666666666665
6709 16 0.13572656249999998 0.2928854166666667 0.012515624999999999 0.014520833333333334
6709 1 0.99734375 0.2858541666666667 0.0048125 0.038125
6709 3 0.8380859375 0.22619791666666664 0.015109375 0.010437499999999999
6709 16 0.27990625 0.3127916666666667 0.01775 0.016625
6709 16 0.11328125 0.2947916666666667 0.2234375 0.03958333333333333
