32549 6 0.25703906249999997 0.5422248243559719 0.17479687500000002 0.28159250585480095
32549 6 0.6898828124999999 0.5607142857142857 0.083796875 0.14203747072599532
32549 6 0.8781015625 0.5538992974238875 0.143265625 0.10995316159250586
32549 1 0.5580859375 0.6696018735362999 0.071140625 0.3812646370023419
32549 1 0.1506640625 0.57596018735363 0.020203125 0.11847775175644029
32549 33 0.49367968749999996 0.7840163934426231 0.088953125 0.17641686182669788
32549 6 0.5250078125 0.5686651053864168 0.109984375 0.18800936768149884
32549 6 0.9755625 0.5675058548009368 0.048875 0.1148711943793911
32549 6 0.7844765625 0.5594496487119438 0.050859375 0.08297423887587822
32549 6 0.5032734375000001 0.5471194379391101 0.116578125 0.17395784543325526
32549 27 0.594734375 0.5962763466042155 0.03534375 0.1053864168618267
32549 31 0.152390625 0.5967213114754099 0.016 0.02721311475409836
32549 1 0.49216406249999994 0.5353278688524591 0.013734374999999998 0.05646370023419204
32549 1 0.5958046875 0.5487353629976581 0.016921875 0.06796252927400469
32549 1 0.12982812500000002 0.589344262295082 0.02884375 0.1422950819672131
32549 1 0.0955546875 0.5762060889929742 0.014515624999999999 0.07629976580796252
32549 1 0.283984375 0.5218266978922718 0.0305 0.041217798594847775
32549 6 0.630328125 0.555304449648712 0.039 0.08536299765807963
