9620 79 0.3178828125 0.5838524590163935 0.560984375 0.8322950819672131
9620 49 0.5434375 0.300152224824356 0.0234375 0.039882903981264636
9620 49 0.5196875000000001 0.296288056206089 0.0321875 0.05674473067915691
9620 49 0.5102265625 0.2731850117096019 0.028328125 0.05606557377049181
9620 49 0.5381640625 0.28251756440281034 0.051109375 0.07126463700234192
9620 49 0.5297265624999999 0.2775175644028103 0.036328125 0.0703512880562061
9620 44 0.7202734375 0.3385831381733021 0.022328124999999997 0.1231615925058548
9620 44 0.70175 0.31053864168618267 0.02278125 0.12969555035128807
9620 44 0.7403359375 0.34930913348946135 0.028328125 0.10644028103044498
9620 50 0.759578125 0.27377049180327867 0.01575 0.13189695550351288
9620 50 0.7610703125 0.27978922716627636 0.019484375 0.04112412177985948
