27519 18 0.419609375 0.8661354166666667 0.09828125 0.16935416666666667
27519 2 0.8350937500000001 0.7803958333333334 0.30843750000000003 0.4392083333333333
27519 1 0.29138281250000003 0.6272500000000001 0.180734375 0.635125
27519 1 0.12154687500000001 0.5981770833333333 0.179 0.6901041666666666
27519 1 0.764328125 0.5861354166666667 0.11965624999999999 0.38202083333333337
27519 3 0.20637499999999998 0.6818854166666667 0.063375 0.24097916666666666
27519 62 0.59040625 0.575875 0.059281249999999994 0.11395833333333334
27519 1 0.6397578125 0.5098854166666666 0.114296875 0.34922916666666665
27519 2 0.1263828125 0.7862395833333333 0.026140625 0.19414583333333332
27519 2 0.9747031250000001 0.7540833333333333 0.05059375000000001 0.060708333333333336
27519 62 0.532015625 0.5769375 0.0755 0.11516666666666667
27519 2 0.881109375 0.59096875 0.07546875 0.1993125
