531 2 0.09614843749999999 0.57753125 0.039609375 0.035062499999999996
531 1 0.4412421875 0.6102187499999999 0.061578125 0.1858125
531 2 0.0487265625 0.5810520833333334 0.039359375 0.0324375
531 1 0.1589140625 0.6020104166666667 0.058859375000000005 0.13677083333333334
531 1 0.40278125000000004 0.5549791666666667 0.01915625 0.05479166666666667
531 37 0.4245 0.6166250000000001 0.00290625 0.00575
531 1 0.3460703125 0.5560729166666666 0.016609375000000003 0.049604166666666664
531 1 0.7082343750000001 0.5500833333333334 0.0200625 0.07379166666666667
531 1 0.7975234375 0.5425625000000001 0.019859375000000002 0.06645833333333333
531 43 0.47160156249999996 0.6380625 0.023046875 0.06620833333333334
531 1 0.6180390625000001 0.5558333333333334 0.018890625 0.043458333333333335
531 1 0.0276328125 0.5757187500000001 0.035078125 0.07460416666666667
531 43 0.0979609375 0.5674791666666666 0.106296875 0.07433333333333333
531 43 0.3987890625 0.56490625 0.006765625 0.008812500000000001
531 2 0.9904765624999999 0.564375 0.016390625 0.01991666666666667
