16113 3 0.162640625 0.703 0.18034375 0.16179166666666667
16113 3 0.263359375 0.7043958333333332 0.03496875 0.03916666666666667
16113 3 0.057882812500000005 0.7196041666666667 0.038515625 0.06379166666666666
16113 10 0.6142109375 0.38165625000000003 0.021390625 0.07131249999999999
16113 10 0.4767578125 0.39653125 0.017078125 0.0651875
16113 10 0.25417187500000005 0.5147604166666666 0.0139375 0.04172916666666667
16113 10 0.16014843750000002 0.50878125 0.011171875000000001 0.042562499999999996
16113 3 0.047515625 0.7044791666666668 0.0213125 0.022291666666666664
16113 10 0.0605859375 0.5116979166666666 0.014015625 0.043145833333333335
16113 10 0.283609375 0.6369166666666666 0.00653125 0.02354166666666667
16113 3 0.5026484375 0.9341145833333333 0.994703125 0.10352083333333333
