35097 56 0.254953125 0.5299895833333333 0.20496875 0.28510416666666666
35097 56 0.37371875 0.6291979166666667 0.11409375 0.15497916666666667
35097 56 0.375 0.4333958333333333 0.17825 0.19529166666666667
35097 56 0.226765625 0.40353125 0.15 0.13410416666666666
35097 67 0.50140625 0.5943854166666667 0.9960625000000001 0.7887708333333333
35097 49 0.6811796875 0.06322916666666667 0.10514062500000002 0.1255
35097 49 0.7368671875 0.04859375 0.066015625 0.09547916666666666
35097 49 0.6759765625 0.16103125000000001 0.112984375 0.1350625
35097 49 0.7042421875 0.056614583333333336 0.093578125 0.11322916666666667
35097 49 0.6577734375000001 0.07929166666666668 0.11495312499999999 0.15329166666666666
35097 49 0.6671640625 0.11679166666666667 0.069234375 0.077875
35097 49 0.77959375 0.03241666666666667 0.0651875 0.06379166666666666
