36017 67 0.4192265625 0.217 0.344234375 0.14366666666666666
36017 67 0.532578125 0.6439687500000001 0.77528125 0.6808958333333333
36017 1 0.757421875 0.25062500000000004 0.18621875000000002 0.3124166666666667
36017 1 0.18350781249999998 0.18590625 0.137921875 0.2753125
36017 1 0.44653124999999994 0.18204166666666668 0.167375 0.2861666666666667
36017 47 0.27639843750000004 0.47663541666666664 0.067765625 0.16689583333333333
36017 47 0.6041640625 0.6384791666666667 0.102296875 0.223875
36017 47 0.382875 0.3435729166666667 0.04996875 0.07827083333333333
36017 51 0.46537500000000004 0.65990625 0.11656249999999999 0.10135416666666666
36017 51 0.46489062499999995 0.37428125 0.0944375 0.0566875
36017 51 0.47849218749999994 0.33972916666666664 0.069421875 0.034166666666666665
36017 46 0.09092187500000001 0.7828437500000001 0.1678125 0.43272916666666666
36017 46 0.1723671875 0.6784374999999999 0.131015625 0.42383333333333334
36017 46 0.41285156250000005 0.8786354166666667 0.21301562500000001 0.2427291666666667
36017 46 0.722578125 0.8054166666666667 0.1645 0.36320833333333336
36017 46 0.7906796875 0.8853854166666667 0.21564062499999997 0.22922916666666668
36017 46 0.31784375 0.4786770833333333 0.0828125 0.2536875
36017 46 0.65396875 0.44653125 0.0696875 0.2323125
36017 46 0.7404296875 0.39109374999999996 0.07470312500000001 0.12535416666666668
36017 46 0.046 0.6132291666666667 0.092 0.2994583333333333
36017 46 0.2120546875 0.4598333333333333 0.08101562500000001 0.264625
36017 46 0.33206250000000004 0.39167708333333334 0.05603125 0.2745208333333334
36017 47 0.5964296874999999 0.35965624999999996 0.047109374999999995 0.11072916666666667
36017 1 0.1179609375 0.1381875 0.119296875 0.276375
36017 1 0.0944453125 0.28765625000000006 0.185171875 0.5654375
36017 44 0.2785703125 0.8051875000000001 0.101296875 0.33766666666666667
36017 46 0.7468125000000001 0.5471666666666667 0.1114375 0.18979166666666666
36017 47 0.622375 0.8286145833333334 0.09534375 0.3067708333333333
36017 51 0.4566484375 0.7704895833333333 0.222078125 0.1378125
36017 46 0.269015625 0.30938541666666663 0.055406250000000004 0.1400625
36017 1 0.8360390625 0.32857291666666666 0.32792187500000003 0.6467708333333333
36017 46 0.5 0.5916666666666667 0.996875 0.8125
