14472 28 0.663559718969555 0.2871171875 0.288711943793911 0.058140625
14472 1 0.7183606557377049 0.4913671875 0.1800936768149883 0.347390625
14472 1 0.45497658079625286 0.411296875 0.041194379391100704 0.08403125
14472 1 0.34405152224824354 0.4139609375 0.030772833723653397 0.076421875
14472 1 0.6222716627634661 0.4032265625 0.028852459016393443 0.037890625
14472 1 0.4857611241217799 0.3959375 0.019250585480093677 0.03925
14472 1 0.4218852459016394 0.40346093749999995 0.03009367681498829 0.059640625
14472 1 0.38231850117096017 0.4155390625 0.05231850117096019 0.094953125
14472 1 0.5718735362997658 0.5065234375000001 0.13817330210772832 0.308015625
14472 1 0.6201639344262295 0.4603125 0.040796252927400474 0.14690625
14472 1 0.5002107728337236 0.396234375 0.014098360655737704 0.0359375
14472 1 0.31913348946135833 0.42209375 0.02426229508196721 0.08090625
