24842 1 0.4753921568627451 0.08400326797385621 0.6286274509803922 0.16800653594771242
24842 47 0.7462418300653596 0.24569444444444447 0.15715686274509805 0.31727124183006533
24842 47 0.1818954248366013 0.27715686274509804 0.17852941176470588 0.34316993464052287
24842 49 0.45281045751633986 0.26517156862745095 0.3033660130718954 0.07191176470588236
24842 67 0.5 0.5370751633986928 1.0 0.8943790849673203
24842 1 0.948717320261438 0.12345588235294119 0.03831699346405228 0.08387254901960783
24842 50 0.0938888888888889 0.3239133986928105 0.05415032679738562 0.08472222222222223
24842 57 0.7661764705882353 0.5821650326797386 0.02196078431372549 0.06122549019607843
24842 57 0.794950980392157 0.48422385620915037 0.031764705882352945 0.04410130718954248
24842 57 0.5662745098039216 0.4166339869281046 0.03725490196078431 0.07330065359477124
24842 57 0.8308333333333334 0.5525081699346405 0.11274509803921569 0.08544117647058823
24842 57 0.5584558823529412 0.43258986928104576 0.0390359477124183 0.042336601307189546
24842 57 0.5870424836601307 0.41306372549019604 0.025359477124183006 0.0471078431372549
24842 57 0.8204901960784313 0.5109558823529412 0.04699346405228758 0.04848039215686275
24842 57 0.7465686274509804 0.5085866013071896 0.04251633986928104 0.16037581699346407
24842 57 0.8541013071895426 0.5000735294117648 0.08833333333333333 0.07916666666666668
24842 47 0.28549019607843135 0.24129901960784317 0.04823529411764706 0.28047385620915033
24842 47 0.9737745098039214 0.1791748366013072 0.052450980392156864 0.27952614379084967
