7853 19 0.43853124999999993 0.5463877118644067 0.43053125000000003 0.6490889830508475
7853 1 0.473421875 0.3354766949152542 0.15384375 0.47311440677966105
7853 1 0.66359375 0.33769067796610175 0.130125 0.45283898305084747
7853 1 0.0511484375 0.21050847457627123 0.098984375 0.24161016949152544
7853 19 0.0717421875 0.44227754237288136 0.137765625 0.23722457627118643
7853 19 0.6606249999999999 0.5628389830508473 0.49403125000000003 0.5411440677966102
7853 19 0.11460937500000001 0.5484216101694915 0.22590625000000003 0.5090042372881356
7853 1 0.8790312499999999 0.5604555084745763 0.1095 0.32879237288135593
7853 1 0.029390624999999997 0.6270233050847457 0.05878124999999999 0.12239406779661018
7853 8 0.2134375 0.2769491525423729 0.22796875 0.10563559322033898
7853 31 0.8302265625 0.5452436440677967 0.026953125 0.06925847457627118
7853 1 0.2773984375 0.5023305084745763 0.13482812500000002 0.4547033898305085
7853 1 0.2063046875 0.35532838983050846 0.058578125 0.11057203389830508
7853 31 0.4067578125 0.4067266949152542 0.042359375 0.0663771186440678
