39928 1 0.1986953125 0.8933372365339579 0.071046875 0.17552693208430914
39928 1 0.62996875 0.8932318501170959 0.1303125 0.21353629976580799
39928 1 0.1470390625 0.9007845433255269 0.045296875 0.09351288056206089
39928 1 0.5396484375 0.9324121779859484 0.11082812500000001 0.13517564402810303
39928 1 0.2381875 0.8785011709601873 0.03459375 0.0818735362997658
39928 1 0.493171875 0.8634426229508196 0.027187499999999996 0.06229508196721312
39928 1 0.3142734375 0.9120140515222482 0.034609375 0.17540983606557378
39928 10 0.6419140624999999 0.6648711943793911 0.024390625 0.06018735362997658
39928 1 0.45688281249999996 0.9009836065573771 0.060015624999999996 0.1117096018735363
39928 1 0.11366406250000001 0.9336065573770492 0.094921875 0.13278688524590165
39928 1 0.4006875 0.9104683840749416 0.10446875 0.17906323185011708
39928 1 0.27453125 0.8437353629976582 0.029187499999999998 0.0440983606557377
39928 1 0.27144531250000004 0.9241451990632319 0.07357812500000001 0.1517096018735363
