19239 25 0.6811328125 0.6121770833333334 0.115359375 0.17252083333333335
19239 22 0.5721953125 0.4292083333333333 0.062359374999999995 0.107875
19239 22 0.694609375 0.3908229166666667 0.055874999999999994 0.07364583333333334
19239 22 0.8810312499999998 0.393625 0.074375 0.13070833333333334
19239 22 0.5003046875 0.37375 0.076296875 0.09291666666666668
19239 22 0.6717265625 0.3636666666666667 0.089546875 0.087125
19239 22 0.3707109375 0.31459375 0.037515625000000004 0.04727083333333334
19239 22 0.34546875 0.30133333333333334 0.0405625 0.059625000000000004
19239 22 0.41078125 0.3295625 0.040281250000000005 0.04791666666666667
19239 25 0.11335937500000001 0.5737916666666667 0.11190625000000001 0.23708333333333334
