27742 32 0.6904609375 0.3666041666666667 0.038609375 0.04716666666666667
27742 67 0.7297734375 0.8607291666666667 0.540453125 0.27749999999999997
27742 1 0.20814843749999995 0.52546875 0.20392187499999997 0.40897916666666667
27742 1 0.3910078125 0.6640416666666666 0.286515625 0.6269583333333333
27742 1 0.6847109375 0.47612499999999996 0.187296875 0.5907916666666666
27742 1 0.922296875 0.5495416666666667 0.15203125 0.4121666666666667
27742 47 0.6906171875 0.8858854166666668 0.094515625 0.11689583333333334
27742 47 0.57646875 0.7931770833333334 0.05878124999999999 0.07422916666666667
27742 50 0.89321875 0.7410833333333334 0.02190625 0.03820833333333333
27742 50 0.9361796874999999 0.7436979166666667 0.021671875 0.04727083333333334
27742 1 0.44646093750000004 0.5208125 0.214609375 0.48037500000000005
27742 47 0.581015625 0.7558125 0.053468749999999995 0.021500000000000002
27742 47 0.8292890625 0.7428541666666667 0.066859375 0.03258333333333333
27742 47 0.9696171875000001 0.7792083333333333 0.060765625000000004 0.07033333333333333
27742 50 0.8890234375 0.7593229166666667 0.032421875 0.06485416666666667
27742 47 0.9120546875000001 0.7851874999999999 0.056203125 0.058583333333333334
