32060 19 0.67528125 0.5743529411764706 0.1230625 0.34418823529411763
32060 1 0.7850546875 0.4858 0.069765625 0.18689411764705885
32060 1 0.9915 0.5293882352941177 0.01628125 0.14649411764705883
32060 1 0.2851796875 0.4582588235294117 0.058703125 0.0851764705882353
32060 1 0.4981328125 0.49832941176470585 0.014796875000000001 0.06503529411764707
32060 19 0.957796875 0.4872 0.0296875 0.10047058823529413
32060 62 0.525875 0.6110705882352943 0.055937499999999994 0.09705882352941177
32060 62 0.4761953125000001 0.6097882352941177 0.038015625 0.08654117647058823
32060 67 0.530625 0.5607176470588235 0.10093749999999999 0.022329411764705882
32060 1 0.8520312500000001 0.49641176470588233 0.017093749999999998 0.10341176470588236
32060 1 0.8918125 0.5014705882352941 0.027875 0.09272941176470588
32060 1 0.44140625 0.5554823529411764 0.046375 0.2331764705882353
32060 1 0.5353749999999999 0.5308823529411765 0.03159375 0.06049411764705882
32060 1 0.5675312499999999 0.566435294117647 0.03790625 0.118
32060 1 0.5565156250000001 0.517 0.02103125 0.055317647058823534
32060 1 0.47481249999999997 0.5040705882352942 0.0098125 0.08291764705882354
32060 1 0.7218437499999999 0.43632941176470585 0.06315625 0.12814117647058823
32060 1 0.8195234375 0.46801176470588235 0.034921875000000005 0.12472941176470588
32060 62 0.5804140625 0.6104 0.016734375000000003 0.05468235294117647
32060 1 0.68828125 0.5435294117647059 0.6078125 0.2447058823529412
