26748 1 0.8740781249999999 0.9075 0.09190625 0.16491666666666666
26748 1 0.454546875 0.9082500000000001 0.09684374999999999 0.1835
26748 38 0.41678125 0.4860625 0.320875 0.430375
26748 38 0.6181875 0.5672291666666667 0.1545625 0.19120833333333334
26748 1 0.71221875 0.8796250000000001 0.02475 0.10416666666666667
26748 1 0.66921875 0.8813541666666665 0.029375000000000002 0.087875
26748 1 0.2971875 0.8867499999999999 0.019375 0.06966666666666667
26748 1 0.342765625 0.8964375 0.02034375 0.08929166666666667
26748 1 0.37284375000000003 0.9053541666666668 0.0234375 0.07512500000000001
26748 1 0.276140625 0.8874166666666667 0.02334375 0.08008333333333333
26748 1 0.14356249999999998 0.8894583333333334 0.049812499999999996 0.08800000000000001
26748 1 0.120140625 0.9033333333333332 0.02265625 0.07975
26748 1 0.9815468749999999 0.8993125 0.03690625 0.09829166666666667
26748 38 0.8838906249999999 0.6019166666666667 0.10984374999999999 0.13783333333333334
26748 1 0.40034374999999994 0.9038958333333333 0.012375 0.06862499999999999
