3461 35 0.48871875 0.8648613861386139 0.5260312500000001 0.04730693069306931
3461 35 0.7485703125000001 0.9401881188118811 0.502859375 0.0694059405940594
3461 1 0.5487968750000001 0.5775247524752475 0.133 0.6067326732673267
3461 1 0.8883125 0.6024851485148515 0.22337500000000002 0.6801782178217822
3461 1 0.42678125 0.7583663366336634 0.0156875 0.061326732673267326
3461 1 0.3619609375 0.7744950495049505 0.034265625 0.07469306930693069
3461 1 0.2989609375 0.7724158415841584 0.023796875000000002 0.08471287128712872
3461 1 0.117171875 0.7558217821782178 0.05550000000000001 0.11421782178217822
3461 1 0.3153046875 0.7085742574257426 0.009828125 0.021702970297029705
3461 1 0.4575078125 0.6732277227722773 0.013859374999999998 0.03754455445544554
3461 1 0.708546875 0.7291980198019802 0.013968749999999999 0.05281188118811882
3461 1 0.8047578125000001 0.6846237623762377 0.109203125 0.3777227722772277
3461 1 0.3266171875 0.7092673267326732 0.012515624999999999 0.023405940594059406
3461 1 0.38290625 0.6942574257425743 0.0159375 0.04134653465346534
3461 35 0.7026640625 0.7578019801980199 0.032015625 0.012752475247524753
3461 1 0.1879921875 0.6993762376237623 0.008390625 0.0381980198019802
3461 1 0.49921875 0.49405940594059405 0.6140625 0.45742574257425744
