38432 44 0.69290625 0.22211458333333337 0.01990625 0.07797916666666667
38432 44 0.2218359375 0.14609375 0.011171875000000001 0.0340625
38432 62 0.18926562500000002 0.6647708333333334 0.22512500000000002 0.41450000000000004
38432 62 0.1512109375 0.3390208333333334 0.145234375 0.22591666666666665
38432 62 0.23149999999999998 0.26660416666666664 0.0855625 0.13445833333333335
38432 62 0.9096250000000001 0.7680104166666666 0.18075000000000002 0.4346875
38432 62 0.1957578125 0.12863541666666667 0.106515625 0.05414583333333333
38432 62 0.5023593749999999 0.16117708333333336 0.03525 0.0534375
38432 62 0.0345546875 0.1516875 0.062359374999999995 0.06516666666666666
38432 67 0.1422109375 0.20259375000000002 0.274265625 0.11285416666666667
38432 47 0.4888437499999999 0.4474895833333334 0.031906250000000004 0.07497916666666667
38432 73 0.3611328125 0.6645104166666668 0.225734375 0.3602708333333334
38432 1 0.5787656250000001 0.5998854166666666 0.49703125000000004 0.8002291666666667
38432 1 0.864046875 0.42696875 0.27190625 0.5887708333333334
38432 1 0.8028359375 0.1944479166666667 0.135171875 0.2475625
38432 1 0.8669687500000001 0.14769791666666665 0.04425 0.1038125
38432 1 0.30674999999999997 0.16221875000000002 0.09678125 0.2188125
38432 1 0.6065859375 0.14299999999999996 0.144296875 0.1415833333333333
38432 1 0.3813515625 0.2630208333333333 0.23548437500000002 0.48320833333333335
38432 1 0.279546875 0.10571875000000001 0.047531250000000004 0.1433125
38432 1 0.23943750000000003 0.07394791666666665 0.04453125 0.09422916666666666
38432 1 0.0961171875 0.09636458333333332 0.095859375 0.16110416666666666
38432 1 0.16328125 0.05463541666666667 0.061968749999999996 0.07818750000000001
38432 1 0.0316328125 0.07051041666666666 0.063265625 0.11010416666666667
38432 47 0.20609375000000002 0.16336458333333334 0.02228125 0.0456875
38432 47 0.7028828125000001 0.17083333333333334 0.016984375 0.024166666666666666
38432 47 0.11886718749999999 0.17103125 0.024390625 0.04710416666666666
38432 67 0.5643359375 0.400125 0.435015625 0.31095833333333334
38432 67 0.49633593750000005 0.12876041666666668 0.034703125 0.014729166666666666
38432 67 0.13221875 0.09740625 0.26103125 0.03710416666666667
38432 72 0.5915781250000001 0.04171875 0.198875 0.07864583333333333
38432 62 0.274515625 0.36623958333333334 0.055281250000000004 0.18639583333333334
38432 62 0.5315703125 0.23454166666666668 0.07535937499999999 0.07183333333333333
38432 62 0.7626171875 0.9241250000000001 0.157203125 0.15175
38432 67 0.723859375 0.18529166666666666 0.10221875 0.06583333333333334
38432 1 0.7517343750000001 0.08652083333333334 0.09025 0.17095833333333335
38432 1 0.346875 0.07708333333333334 0.05625 0.1125
