7685 6 0.814890625 0.6988749999999999 0.08259375 0.07191666666666667
7685 38 0.22249999999999998 0.11887500000000001 0.03909375 0.08420833333333334
7685 1 0.41206250000000005 0.65709375 0.00715625 0.035604166666666666
7685 1 0.472953125 0.66225 0.0090625 0.026208333333333333
7685 1 0.5042109375 0.6571979166666666 0.015390625 0.0414375
7685 1 0.49289843749999995 0.6495729166666666 0.010734375 0.025062499999999998
7685 1 0.9811640624999999 0.63109375 0.006703125 0.022979166666666665
7685 1 0.95465625 0.634 0.00703125 0.015333333333333334
7685 1 0.90365625 0.6337395833333334 0.010843750000000001 0.02014583333333333
7685 1 0.9205781250000001 0.6316458333333334 0.01040625 0.022458333333333334
7685 1 0.4001015625 0.6558333333333334 0.011484375 0.03625
7685 1 0.39303906250000004 0.6596041666666667 0.006046875 0.027291666666666665
7685 1 0.3590625 0.6597395833333334 0.012 0.034270833333333334
7685 3 0.7675625 0.8490520833333334 0.06775 0.04002083333333333
7685 3 0.8762890625 0.8610520833333334 0.055703125 0.04535416666666667
7685 3 0.8915859375 0.8829479166666666 0.065078125 0.050812500000000003
7685 3 0.8417343749999999 0.8264479166666666 0.0755625 0.03814583333333333
7685 3 0.63115625 0.8505416666666668 0.07496875 0.049374999999999995
7685 3 0.9724296875 0.8841666666666667 0.041046875 0.05604166666666666
7685 3 0.79271875 0.8070729166666667 0.05778124999999999 0.035812500000000004
7685 3 0.708890625 0.8509270833333333 0.05884374999999999 0.0484375
7685 3 0.9743046875000001 0.7468020833333334 0.051390625 0.042645833333333334
7685 3 0.9402421875 0.88290625 0.066765625 0.0545625
7685 3 0.8370312499999999 0.8068645833333332 0.054468749999999996 0.028729166666666663
7685 3 0.8940156250000001 0.8141770833333334 0.06584375 0.04035416666666667
7685 1 0.56784375 0.6443229166666667 0.010624999999999999 0.0273125
7685 3 0.820546875 0.8542395833333333 0.0625 0.033979166666666664
7685 8 0.5686484375 0.8323541666666667 0.080015625 0.058499999999999996
7685 1 0.45814843749999995 0.6467916666666668 0.004921875 0.010875
7685 1 0.615625 0.653125 0.765625 0.06875
7685 3 0.709375 0.6958333333333333 0.578125 0.19583333333333333
