24689 67 0.5522578125 0.782096018735363 0.740328125 0.4093911007025761
24689 1 0.264625 0.529215456674473 0.47528125 0.8876580796252926
24689 1 0.5955 0.47707259953161596 0.18340625 0.3926932084309134
24689 1 0.8038281250000001 0.5520374707259953 0.1980625 0.2975175644028103
24689 47 0.7005 0.6436182669789227 0.061343749999999996 0.11285714285714285
24689 47 0.550453125 0.6305035128805622 0.06203125 0.11814988290398128
24689 47 0.526515625 0.6462412177985948 0.05425 0.11744730679156909
24689 49 0.32239062500000004 0.5945901639344262 0.09 0.054051522248243555
24689 59 0.3916875 0.6967330210772834 0.23034374999999999 0.0655503512880562
24689 59 0.5675 0.7376463700234193 0.30924999999999997 0.10119437939110071
24689 59 0.7699374999999999 0.6797306791569085 0.09084375 0.058103044496487115
24689 48 0.37389843749999996 0.5760070257611241 0.015953125000000002 0.04817330210772834
24689 48 0.323875 0.7550351288056205 0.13678125000000002 0.04800936768149883
24689 48 0.6840234374999999 0.7288992974238876 0.152640625 0.025152224824355973
24689 49 0.2935078125 0.758231850117096 0.086265625 0.027611241217798593
24689 49 0.4718984375 0.734367681498829 0.182078125 0.019929742388758782
24689 59 0.6543515624999999 0.6879859484777517 0.138359375 0.04304449648711944
24689 15 0.9167734375000001 0.7571428571428571 0.166453125 0.44936768149882905
24689 62 0.052859375 0.854543325526932 0.10225 0.2857142857142857
24689 15 0.1927265625 0.7554800936768149 0.381984375 0.4688992974238876
