1237 1 0.4437109375 0.5118582375478927 0.718046875 0.8893869731800766
1237 1 0.15121093749999998 0.25212643678160923 0.22545312499999998 0.23145593869731798
1237 1 0.7340625000000001 0.2224521072796935 0.2611875 0.444904214559387
1237 1 0.9334687500000001 0.3808908045977012 0.1330625 0.23595785440613026
1237 1 0.025007812500000004 0.31026819923371646 0.049234375000000004 0.07812260536398467
1237 1 0.0773359375 0.29812260536398466 0.049078125 0.050153256704980845
1237 46 0.7976640625 0.45117816091954027 0.038140625 0.08404214559386973
1237 67 0.8511875 0.5223659003831418 0.16993750000000002 0.0882183908045977
1237 62 0.8876875 0.7701340996168582 0.224625 0.42337164750957856
1237 1 0.044492187499999995 0.34371647509578546 0.084734375 0.4129885057471265
1237 1 0.892953125 0.5701340996168582 0.21396874999999999 0.27793103448275863
