3789 18 0.6299 0.6931831831831832 0.12552 0.17267267267267267
3789 63 0.21747999999999998 0.6269219219219219 0.2724 0.3361861861861862
3789 62 0.41433000000000003 0.5311561561561562 0.1653 0.22297297297297297
3789 62 0.63664 0.4295645645645646 0.10456 0.19138138138138136
3789 62 0.5645899999999999 0.4605855855855856 0.07909999999999999 0.162012012012012
3789 77 0.24788 0.6806456456456457 0.03564 0.028078078078078078
3789 73 0.24355 0.7223423423423423 0.11126000000000001 0.04288288288288288
3789 27 0.16867000000000001 0.8434684684684685 0.26386000000000004 0.25744744744744746
3789 62 0.7326 0.5566066066066065 0.229 0.3190990990990991
3789 62 0.9048399999999999 0.8247147147147147 0.19032 0.35057057057057056
