39619 11 0.424984375 0.8102464788732393 0.10925 0.27880281690140846
39619 1 0.662625 0.49437793427230053 0.03896875 0.12612676056338026
39619 1 0.26952343749999996 0.4909272300469483 0.019078125 0.10194835680751174
39619 1 0.2117734375 0.49517605633802814 0.028703125000000003 0.10316901408450704
39619 1 0.2470234375 0.49639671361502347 0.024265625 0.1037793427230047
39619 1 0.1920703125 0.4810093896713615 0.015921875 0.09056338028169014
39619 1 0.5267968749999999 0.5136619718309859 0.01975 0.08647887323943662
39619 1 0.9024531249999999 0.522112676056338 0.022343750000000002 0.10455399061032863
39619 1 0.9146015625 0.5197300469483568 0.009671875 0.11899061032863849
39619 1 0.60284375 0.4994600938967136 0.021812500000000002 0.11741784037558686
39619 1 0.045796875 0.49764084507042256 0.021374999999999998 0.09509389671361503
39619 1 0.032453125000000006 0.4969600938967136 0.01046875 0.08147887323943662
39619 1 0.4879921875 0.4613615023474179 0.018953125 0.05539906103286385
39619 1 0.5899609375 0.5076408450704225 0.010953125 0.09561032863849765
39619 1 0.3890625 0.48708920187793425 0.396875 0.11971830985915492
