45672 63 0.5 0.6171770833333333 1.0 0.5150208333333334
45672 1 0.7399375 0.4196770833333333 0.25503125 0.5167708333333334
45672 1 0.538546875 0.39953125 0.22584374999999998 0.4943958333333333
45672 47 0.6776875 0.395625 0.047093750000000004 0.06054166666666667
45672 47 0.4161796875 0.67053125 0.070515625 0.07289583333333334
45672 48 0.311734375 0.7875 0.14315625 0.026083333333333333
45672 49 0.21960937500000002 0.7343645833333333 0.15678125 0.0154375
45672 61 0.33626562499999996 0.8059479166666667 0.0374375 0.06060416666666667
45672 61 0.302921875 0.6924166666666667 0.074875 0.08612500000000001
45672 67 0.5399375 0.8727291666666667 0.920125 0.213
