28802 63 0.035335937500000004 0.5732083333333333 0.067453125 0.15633333333333335
28802 63 0.8279609375 0.8692083333333334 0.344078125 0.26158333333333333
28802 1 0.074984375 0.5329166666666667 0.06231250000000001 0.16158333333333333
28802 79 0.5987578124999999 0.5266041666666667 0.145359375 0.10775
28802 78 0.596609375 0.3818333333333333 0.13790625 0.10683333333333334
28802 62 0.5270312500000001 0.8879687500000001 0.143875 0.22393749999999998
28802 62 0.7509374999999999 0.8366666666666666 0.15959375 0.13266666666666665
28802 62 0.088640625 0.8870208333333333 0.173375 0.2
28802 62 0.29628125 0.8894479166666667 0.16499999999999998 0.21997916666666667
28802 49 0.5154765625 0.48665625 0.010953125 0.0516875
28802 49 0.522140625 0.4985 0.0045 0.022541666666666668
28802 49 0.5263515625 0.48803124999999997 0.0062656249999999995 0.04477083333333333
