27330 34 0.1336015625 0.29714681440443214 0.078453125 0.031578947368421054
27330 1 0.423046875 0.6295983379501385 0.5096875 0.740803324099723
27330 1 0.38596875 0.8325761772853184 0.06465625 0.20448753462603877
27330 1 0.1330625 0.6698614958448753 0.09996875 0.2476454293628809
27330 1 0.779796875 0.6851108033240997 0.08515625 0.37310249307479226
27330 1 0.8452500000000001 0.6849584487534627 0.06675 0.32182825484764543
27330 1 0.847078125 0.8822853185595567 0.13240625 0.2347645429362881
27330 1 0.7360078124999999 0.8970498614958449 0.064734375 0.1721606648199446
27330 1 0.968125 0.8567451523545705 0.06375 0.28650969529085873
27330 1 0.1977421875 0.8213434903047091 0.195203125 0.33481994459833797
27330 1 0.7295390625 0.9201662049861496 0.102859375 0.15966759002770084
27330 1 0.7149296875 0.8154986149584487 0.086390625 0.18457063711911356
27330 1 0.90996875 0.9182825484764543 0.04928125 0.15745152354570638
27330 62 0.826 0.8578531855955679 0.08415625 0.06828254847645429
27330 1 0.6929765625 0.6868144044321329 0.078265625 0.2640443213296399
27330 1 0.45703125 0.7451523545706371 0.9140625 0.5041551246537396
