6753 53 0.5023024830699775 0.7165468749999999 0.047674943566591424 0.04009375
6753 53 0.49430022573363436 0.7406015625 0.2862076749435666 0.260453125
6753 52 0.4706772009029345 0.46096875 0.042799097065462754 0.055374999999999994
6753 52 0.44748306997742665 0.5071953125 0.08670428893905191 0.050984375000000005
6753 52 0.5287584650112866 0.46510937500000005 0.03056433408577878 0.046125
6753 52 0.5431602708803612 0.4645390625 0.03738148984198645 0.038140625
6753 52 0.44299097065462756 0.41084375 0.04218961625282167 0.02584375
6753 52 0.4674943566591422 0.40940624999999997 0.06925507900677201 0.044875
6753 52 0.5020880361173814 0.41121093750000004 0.04715575620767495 0.043640625
6753 52 0.5156207674943566 0.412703125 0.04686230248306998 0.0469375
6753 52 0.48769751693002256 0.458765625 0.031241534988713317 0.043875
6753 52 0.5105417607223476 0.4644375 0.03882618510158013 0.04678125
6753 53 0.912155756207675 0.640796875 0.15957110609480812 0.04096875
6753 53 0.3785214446952596 0.43219531250000004 0.02363431151241535 0.021421875
6753 53 0.1338487584650113 0.4175546875 0.2676975169300226 0.032265625
6753 53 0.1327765237020316 0.387203125 0.2655530474040632 0.0321875
6753 53 0.13730248306997744 0.3578515625 0.26205417607223475 0.032296875
6753 53 0.3606884875846501 0.42835156249999995 0.12711060948081265 0.032390625
6753 53 0.1324153498871332 0.4502890625 0.25751693002257336 0.027609375000000002
6753 53 0.13936794582392775 0.32766406249999996 0.2707900677200903 0.029890624999999997
6753 55 0.7923476297968397 0.7497499999999999 0.012460496613995484 0.012531249999999999
6753 55 0.7984875846501128 0.751578125 0.08952595936794581 0.0763125
6753 52 0.47418735891647856 0.632296875 0.14146726862302483 0.08075
6753 52 0.43862302483069976 0.4527265625 0.03376975169300226 0.042890625
6753 55 0.8820541760722348 0.697609375 0.019367945823927764 0.0156875
6753 52 0.5222799097065463 0.41465625 0.0363431151241535 0.038843749999999996
6753 53 0.3192099322799097 0.47965624999999995 0.03237020316027088 0.02390625
6753 53 0.46706546275395033 0.7212578125 0.036162528216704286 0.037078125
6753 52 0.5033860045146726 0.4640625 0.07674943566591422 0.053125
