26078 3 0.1538125 0.6094379391100702 0.01515625 0.05985948477751756
26078 3 0.10983593750000001 0.6040515222482435 0.033484375 0.04964871194379391
26078 3 0.09065625000000001 0.6001170960187353 0.0283125 0.04243559718969555
26078 6 0.44828906250000006 0.4816510538641686 0.584734375 0.7662997658079624
26078 55 0.8888203125 0.6315105386416862 0.026921875 0.024894613583138176
26078 1 0.9768046874999999 0.5701990632318501 0.016703125 0.0363231850117096
26078 3 0.14165625 0.5906674473067915 0.035875000000000004 0.040632318501170966
26078 1 0.9820703125 0.6127751756440282 0.029703125000000004 0.08583138173302107
26078 3 0.134015625 0.6113348946135831 0.0294375 0.045526932084309135
26078 1 0.688234375 0.634192037470726 0.019625 0.07517564402810305
