30437 1 0.42405468749999997 0.5426995305164319 0.228859375 0.19549295774647887
30437 1 0.3564453125 0.2986150234741784 0.05304687500000001 0.19328638497652584
30437 1 0.01853125 0.4323474178403756 0.0370625 0.4388262910798122
30437 1 0.4827734375 0.29083333333333333 0.035890624999999995 0.1018075117370892
30437 1 0.5159765624999999 0.29198356807511733 0.034796875 0.10711267605633804
30437 1 0.1804140625 0.37819248826291085 0.130265625 0.38544600938967133
30437 1 0.44251562499999997 0.28801643192488263 0.04903125 0.10852112676056337
30437 35 0.213109375 0.6396009389671361 0.2924375 0.03413145539906103
30437 36 0.14927343750000002 0.6179577464788732 0.23254687500000001 0.026009389671361502
30437 36 0.3757421875 0.6181220657276996 0.131078125 0.0276056338028169
30437 1 0.23888281249999999 0.4962323943661972 0.17445312500000001 0.29401408450704225
