33208 3 0.6516041666666667 0.7122265625 0.287875 0.12567187500000002
33208 3 0.7815729166666667 0.6591562499999999 0.12335416666666667 0.05846875
33208 3 0.9576979166666667 0.6541796875 0.08460416666666666 0.065828125
33208 3 0.19854166666666667 0.6716562500000001 0.26587500000000003 0.09228125000000001
33208 3 0.3547083333333333 0.6644609375 0.080625 0.070046875
33208 3 0.48021874999999997 0.6587890625 0.043979166666666666 0.071140625
33208 1 0.113 0.6297187500000001 0.03291666666666667 0.0319375
33208 3 0.06901041666666667 0.6713046875 0.13802083333333334 0.077265625
33208 3 0.90515625 0.6410703125 0.05539583333333333 0.041203125
33208 3 0.8509583333333333 0.6456953125 0.06183333333333333 0.040578125
33208 3 0.5808541666666667 0.655578125 0.146375 0.0610625
33208 3 0.5496145833333334 0.643703125 0.10447916666666666 0.052125
33208 10 0.9904166666666667 0.5723046875 0.019166666666666665 0.022859375
33208 3 0.36707291666666664 0.6344609375 0.0546875 0.026109375
