32893 44 0.9291953124999999 0.12331249999999999 0.14160937499999998 0.23858333333333331
32893 47 0.1887578125 0.10303124999999999 0.185390625 0.20606249999999998
32893 56 0.8255859375 0.5623541666666667 0.348828125 0.6211666666666668
32893 56 0.4676406249999999 0.5258854166666667 0.30353125 0.32706250000000003
32893 56 0.19059375 0.49411458333333336 0.23646875 0.3764791666666667
32893 56 0.590546875 0.24063541666666666 0.18562499999999998 0.1058125
32893 56 0.5197578125 0.29804166666666665 0.21345312500000002 0.13570833333333335
32893 56 0.36388281250000004 0.3368541666666667 0.124390625 0.1865
32893 56 0.4439453125 0.24217708333333332 0.121046875 0.09389583333333333
32893 50 0.022171875 0.36392708333333335 0.032468750000000005 0.1549375
32893 50 0.9537421875 0.3728020833333333 0.091796875 0.10931249999999999
32893 59 0.3711015625 0.8467604166666667 0.387671875 0.2649375
32893 67 0.08984375 0.375 0.1640625 0.13020833333333334
32893 67 0.5 0.5 1.0 1.0
32893 56 0.5779921874999999 0.40561458333333333 0.155546875 0.18568749999999998
