22757 18 0.3852578125 0.2050469483568075 0.520390625 0.410093896713615
22757 67 0.379796875 0.6323591549295774 0.75646875 0.7082394366197182
22757 74 0.42141406249999996 0.41012910798122065 0.082140625 0.06791079812206573
22757 76 0.569140625 0.7640375586854461 0.16603125000000002 0.4494366197183099
22757 62 0.4068515625 0.1089906103286385 0.038890625 0.21347417840375588
22757 1 0.87965625 0.8123474178403756 0.2406875 0.35061032863849767
22757 62 0.0896328125 0.26172535211267606 0.179265625 0.5216666666666666
22757 62 0.07307812500000001 0.45807511737089196 0.14596875 0.32943661971830984
22757 67 0.6159687500000001 0.15555164319248826 0.4205 0.2285680751173709
22757 73 0.305078125 0.5664084507042253 0.28428125 0.44793427230046945
