46743 14 0.7204791666666667 0.20964062500000002 0.16741666666666666 0.27578125
46743 1 0.4245208333333333 0.5720078125000001 0.44245833333333334 0.466359375
46743 1 0.3820520833333333 0.11581250000000001 0.10577083333333334 0.20659375
46743 1 0.31687499999999996 0.088578125 0.051666666666666666 0.11068750000000001
46743 3 0.802625 0.22696875 0.39475 0.4539375
46743 1 0.5741458333333332 0.1045 0.07766666666666668 0.10968750000000001
46743 1 0.44778125 0.07721875 0.028604166666666667 0.05428125
46743 3 0.61946875 0.15260156249999998 0.06264583333333333 0.116390625
46743 14 0.5131875 0.0963203125 0.035541666666666666 0.059203125
46743 31 0.39948958333333334 0.0850703125 0.07435416666666667 0.087703125
46743 1 0.41310416666666666 0.0693984375 0.028416666666666666 0.041328125
46743 3 0.5182083333333334 0.06809375 0.030333333333333334 0.01634375
46743 3 0.6205520833333333 0.0838671875 0.08597916666666668 0.103171875
46743 31 0.3263333333333333 0.06852343749999999 0.013833333333333333 0.030296875
46743 31 0.46040625 0.07582031250000001 0.016229166666666666 0.016515625
46743 8 0.7978333333333334 0.24246093750000003 0.4043333333333334 0.48492187500000006
