19534 1 0.8804166666666667 0.45878125000000003 0.23020833333333332 0.5851875
19534 33 0.45153125000000005 0.57203125 0.2861041666666667 0.32053125
19534 33 0.19925 0.5662890624999999 0.110875 0.13482812500000002
19534 33 0.4736145833333333 0.8862343750000001 0.17556249999999998 0.22149999999999997
19534 33 0.2941875 0.8656328125 0.229875 0.268734375
19534 33 0.21165625 0.43078125 0.1461875 0.07384375
19534 27 0.8715312500000001 0.84375 0.2569375 0.26821875
19534 33 0.2353333333333333 0.32109375 0.03725 0.04396875
19534 33 0.30959375000000006 0.57228125 0.14022916666666668 0.20065624999999998
19534 33 0.09548958333333334 0.9296875 0.18402083333333333 0.1171875
19534 33 0.4163125 0.3611640625 0.08600000000000001 0.044734375
19534 33 0.16586458333333332 0.3416015625 0.0525625 0.044546875
19534 33 0.11289583333333333 0.45568749999999997 0.092875 0.1610625
19534 33 0.4239583333333333 0.39375 0.7895833333333333 0.234375
