11569 3 0.1922578125 0.6275937500000001 0.079484375 0.08635416666666668
11569 6 0.615234375 0.5027708333333333 0.32384375 0.36733333333333335
11569 6 0.3209453125 0.5382916666666666 0.179046875 0.20495833333333333
11569 6 0.133640625 0.57559375 0.118875 0.10097916666666666
11569 1 0.063421875 0.6023125 0.01021875 0.06004166666666667
11569 1 0.047898437499999995 0.6011875000000001 0.016921875 0.05458333333333333
11569 1 0.8379296875 0.6049270833333333 0.030921874999999998 0.1000625
11569 1 0.08392968749999999 0.60525 0.011921875 0.0605
11569 1 0.8113359375 0.6199999999999999 0.024859375 0.09354166666666666
11569 3 0.21428124999999998 0.593875 0.031 0.032875
11569 1 0.0941328125 0.584875 0.012921875 0.035916666666666666
