9910 27 0.29253906250000006 0.3828937728937729 0.062453125 0.2702564102564103
9910 27 0.536125 0.3506593406593407 0.02253125 0.09853479853479853
9910 1 0.4323203125 0.5438278388278388 0.095859375 0.6291941391941392
9910 31 0.44053125 0.4793589743589744 0.0724375 0.3321245421245421
9910 1 0.3695859375 0.3903663003663004 0.06642187499999999 0.5733333333333334
9910 1 0.7897109375 0.4561355311355312 0.086234375 0.47014652014652014
9910 1 0.2828671875 0.24157509157509158 0.039265625 0.1189010989010989
9910 1 0.9193124999999999 0.4586813186813187 0.12437499999999999 0.6164102564102564
9910 1 0.6896953124999999 0.49950549450549453 0.069984375 0.6563003663003663
9910 1 0.260734375 0.573113553113553 0.1494375 0.8345054945054945
9910 1 0.11809375 0.4183516483516484 0.061 0.5716483516483517
9910 1 0.5137734375 0.4907142857142857 0.068578125 0.45388278388278386
9910 1 0.7712656250000001 0.4196153846153846 0.06640625 0.49087912087912083
9910 1 0.1648359375 0.4913553113553113 0.066359375 0.5284249084249084
9910 1 0.09148437499999999 0.4551831501831502 0.12846875 0.5672893772893773
9910 27 0.72009375 0.34003663003663004 0.01896875 0.12307692307692308
9910 28 0.4156640625 0.1993040293040293 0.146640625 0.15765567765567765
9910 28 0.2164375 0.14206959706959707 0.18371875 0.23417582417582417
9910 28 0.3079921875 0.10305860805860804 0.060453124999999996 0.1124908424908425
9910 28 0.2575390625 0.08258241758241758 0.10123437500000002 0.11923076923076922
9910 28 0.17078125000000002 0.19556776556776556 0.07815625000000001 0.1117948717948718
9910 28 0.0626796875 0.12329670329670328 0.125359375 0.10175824175824176
9910 28 0.10035937499999999 0.10269230769230768 0.103625 0.07673992673992673
9910 28 0.5021796875 0.19813186813186814 0.09276562499999999 0.21010989010989012
9910 28 0.354546875 0.11168498168498169 0.11521875 0.15062271062271063
9910 28 0.6943671874999999 0.12360805860805862 0.074046875 0.09615384615384616
9910 28 0.9760234375 0.3322161172161172 0.047953125 0.2513186813186813
9910 28 0.77225 0.14155677655677654 0.11965624999999999 0.09087912087912088
9910 1 0.310171875 0.6793040293040292 0.081625 0.3588278388278388
9910 28 0.8804062500000001 0.11639194139194138 0.1355625 0.10274725274725274
9910 1 0.37265625 0.5787545787545788 0.7390625 0.717948717948718
9910 28 0.96796875 0.13736263736263737 0.0609375 0.0989010989010989
