3897 25 0.47275 0.53034375 0.57471875 0.9168541666666666
3897 1 0.682546875 0.9164895833333333 0.168625 0.16702083333333334
3897 1 0.673140625 0.8789374999999999 0.0405 0.10520833333333333
3897 1 0.7432578125 0.87828125 0.11460937499999999 0.22472916666666667
3897 1 0.8677578125000001 0.84165625 0.210390625 0.31668749999999996
3897 1 0.1820234375 0.9595520833333333 0.087640625 0.0584375
3897 1 0.8908515625000002 0.8144479166666667 0.060015624999999996 0.052270833333333336
3897 1 0.9711328124999999 0.9437395833333333 0.055890625000000006 0.11252083333333333
3897 1 0.2703125 0.8974583333333332 0.04190625 0.1607916666666667
3897 1 0.6227343750000001 0.9382395833333333 0.10974999999999999 0.1231875
3897 1 0.3614765625 0.91953125 0.150265625 0.1609375
3897 1 0.5912734374999999 0.98859375 0.07270312500000001 0.0228125
