26226 7 0.4359859154929578 0.45588281249999996 0.22273865414710486 0.182359375
26226 1 0.8487558685446009 0.5159687500000001 0.019295774647887325 0.0675
26226 1 0.07320813771517998 0.5713203124999999 0.011643192488262911 0.034640625
26226 1 0.7736306729264476 0.49497656249999994 0.019499217527386543 0.031734374999999995
26226 1 0.07065727699530516 0.5389375 0.010641627543035994 0.025468750000000002
26226 10 0.5554694835680751 0.1476015625 0.019264475743348983 0.044765624999999996
26226 10 0.5557120500782473 0.2059453125 0.018560250391236304 0.041515625
26226 1 0.7883724569640063 0.49037499999999995 0.010172143974960876 0.022468750000000003
26226 10 0.40438184663536775 0.207046875 0.02275430359937402 0.042625
26226 10 0.40358372456964003 0.1486484375 0.02300469483568075 0.043703124999999995
