40414 17 0.7889531249999999 0.8156459330143541 0.09559375 0.12229665071770335
40414 44 0.12934375 0.43690191387559807 0.03240625 0.109688995215311
40414 44 0.075078125 0.4236842105263158 0.02996875 0.08779904306220096
40414 44 0.104328125 0.44494019138755975 0.018375 0.05744019138755981
40414 62 0.72446875 0.5896172248803828 0.07553125000000001 0.23129186602870816
40414 67 0.8790312499999999 0.6905861244019138 0.224375 0.4352870813397129
40414 1 0.29807031250000005 0.5364234449760765 0.108765625 0.4766267942583732
40414 1 0.3661171875 0.5161244019138757 0.090140625 0.3406698564593302
40414 51 0.7129453124999999 0.49255980861244025 0.032109375 0.030047846889952153
40414 51 0.8380625 0.5144856459330144 0.0560625 0.0341866028708134
40414 51 0.9070390625 0.5420215311004785 0.070453125 0.03370813397129187
40414 79 0.6223046875 0.5689832535885168 0.099796875 0.15954545454545455
40414 44 0.09784375000000001 0.42162679425837324 0.026500000000000003 0.09741626794258373
40414 51 0.6259453125000001 0.49815789473684213 0.057015625 0.027320574162679426
40414 62 0.49910156250000004 0.5564234449760765 0.058015625 0.09782296650717703
