13258 3 0.6947734375000001 0.4040492957746479 0.127078125 0.14030516431924883
13258 3 0.8484453125 0.4170422535211267 0.156703125 0.2780281690140845
13258 3 0.9281874999999999 0.4459976525821596 0.1380625 0.6257511737089202
13258 1 0.8099609375 0.3388967136150235 0.054484374999999995 0.09431924882629109
13258 1 0.7624765625000001 0.38785211267605635 0.041390625 0.20537558685446008
13258 1 0.6755703125 0.36708920187793426 0.023640625000000002 0.06323943661971831
13258 23 0.37907812500000004 0.6030281690140845 0.173125 0.4663849765258216
13258 1 0.7856796875000001 0.32330985915492955 0.020078125 0.04624413145539906
13258 23 0.6744375 0.7209741784037559 0.07731249999999999 0.15683098591549297
13258 23 0.7783593750000001 0.7556572769953053 0.23118750000000002 0.33943661971830985
