16796 67 0.49971875 0.510768 0.8805 0.833728
16796 1 0.8044765625 0.10989600000000001 0.11104687499999999 0.080336
16796 54 0.502546875 0.684832 0.30284374999999997 0.366304
16796 54 0.2654375 0.6556960000000001 0.36484375 0.402688
16796 47 0.75984375 0.31016000000000005 0.27678125 0.251328
16796 47 0.090875 0.22483199999999998 0.06490625 0.29056
16796 51 0.6057109374999999 0.133552 0.22639062499999998 0.118368
16796 56 0.4482109375 0.299624 0.062015625 0.085008
16796 56 0.48515625 0.34014399999999995 0.040999999999999995 0.03584
16796 56 0.289078125 0.37186400000000003 0.04215625 0.033168
16796 57 0.4810546875 0.293848 0.021578125 0.013328
16796 57 0.500546875 0.32545599999999997 0.010781250000000001 0.014976
16796 57 0.4676796875 0.360312 0.019921875 0.037968
16796 57 0.42310937499999995 0.396704 0.02040625 0.02
16796 57 0.37489062500000003 0.38023199999999996 0.036 0.035632
