39580 28 0.5009140625 0.30484777517564404 0.195609375 0.12135831381733021
39580 28 0.68596875 0.36710772833723654 0.1818125 0.14639344262295081
39580 3 0.24097656250000005 0.49717798594847773 0.391578125 0.2731381733021077
39580 3 0.926984375 0.45775175644028104 0.14603125 0.14285714285714285
39580 3 0.12365625 0.4250351288056206 0.15203125 0.10711943793911008
39580 1 0.477953125 0.629192037470726 0.13015625 0.540351288056206
39580 1 0.6529453125 0.6352576112412178 0.142421875 0.5483138173302108
39580 10 0.1866171875 0.1930679156908665 0.023453125 0.06285714285714286
39580 10 0.391515625 0.13026932084309134 0.03103125 0.026955503512880563
39580 31 0.6232734375 0.5778337236533958 0.019421874999999998 0.057681498829039814
39580 31 0.7106875 0.6318384074941451 0.03334375 0.1318735362997658
39580 3 0.029195312499999997 0.4596252927400468 0.058390624999999995 0.13466042154566746
39580 31 0.41696875 0.7017447306791569 0.061812500000000006 0.14208430913348946
39580 3 0.9759218749999998 0.7544262295081967 0.04815625 0.22510538641686184
