47481 1 0.3910078125 0.4838958333333333 0.182015625 0.39325
47481 55 0.09463281250000001 0.7464583333333333 0.185734375 0.13679166666666667
47481 79 0.913640625 0.7156770833333332 0.17271875 0.2880625
47481 44 0.18903125 0.6729270833333333 0.061750000000000006 0.14247916666666666
47481 47 0.05932031250000001 0.6017291666666666 0.037296875 0.066125
47481 51 0.1528671875 0.6295104166666666 0.06035937500000001 0.06310416666666667
47481 52 0.050554687499999994 0.6749166666666666 0.09439062499999999 0.043875
47481 47 0.1383984375 0.59346875 0.042640625 0.05872916666666667
47481 47 0.1624765625 0.5926875 0.007140625 0.021166666666666667
47481 51 0.1054296875 0.81440625 0.210859375 0.1694375
