37160 19 0.66540625 0.3960958904109589 0.10943750000000001 0.15821917808219177
37160 1 0.10718749999999999 0.6012465753424657 0.21437499999999998 0.7944931506849315
37160 19 0.364109375 0.555972602739726 0.11728125 0.1589041095890411
37160 19 0.7828984374999999 0.5135068493150684 0.168265625 0.19594520547945204
37160 19 0.8163750000000001 0.4164794520547945 0.10509375000000001 0.13257534246575342
37160 19 0.5665312499999999 0.5306164383561643 0.10271875 0.15142465753424658
37160 28 0.2306875 0.24797260273972604 0.461375 0.4959452054794521
37160 28 0.7595234375000001 0.10013698630136986 0.480953125 0.2
37160 15 0.70590625 0.8051917808219178 0.5881875 0.3636438356164383
37160 62 0.8384375000000001 0.7558356164383562 0.29034375 0.45194520547945205
