26367 1 0.8387890624999998 0.3648356807511737 0.050828125 0.24821596244131455
26367 1 0.9349453125 0.35143192488262914 0.090734375 0.35319248826291083
26367 1 0.2672890625 0.32919014084507037 0.055078125 0.22194835680751174
26367 41 0.4716796875 0.4743544600938967 0.162546875 0.21964788732394364
26367 41 0.912921875 0.5315610328638497 0.03721875 0.031150234741784036
26367 41 0.264859375 0.44360328638497654 0.0561875 0.020586854460093895
26367 41 0.9624609375000001 0.5239084507042253 0.074640625 0.09373239436619718
26367 41 0.831859375 0.4853403755868545 0.07165625 0.02795774647887324
26367 64 0.5851640625 0.3973826291079813 0.066078125 0.12171361502347418
26367 64 0.771140625 0.3493427230046948 0.09081249999999999 0.2491549295774648
26367 64 0.1318359375 0.34429577464788735 0.11273437500000001 0.14694835680751175
26367 64 0.328984375 0.34368544600938966 0.0530625 0.18572769953051643
26367 64 0.0448515625 0.32321596244131456 0.046859374999999995 0.17807511737089202
26367 64 0.2238671875 0.35881455399061035 0.048953125 0.13988262910798122
26367 64 0.50175 0.3794131455399062 0.06503125 0.1387323943661972
26367 64 0.9814140625000001 0.3763028169014085 0.037171875 0.23509389671361502
26367 64 0.6888984375 0.35264084507042254 0.108640625 0.23833333333333334
26367 64 0.9319375000000001 0.4407394366197183 0.025343749999999998 0.09265258215962441
26367 1 0.45383593749999995 0.25974178403755865 0.24723437499999998 0.5091079812206573
