3366 19 0.7599921875 0.4562708333333333 0.48001562499999995 0.6328333333333334
3366 1 0.2198359375 0.5374583333333334 0.123890625 0.28879166666666667
3366 1 0.7823671875 0.20867708333333332 0.172578125 0.4165625
3366 1 0.6163593749999999 0.1365104166666667 0.10996874999999999 0.10635416666666667
3366 1 0.616015625 0.8573020833333334 0.17021875 0.2584375
3366 1 0.7718125 0.87671875 0.15403125 0.23210416666666667
3366 1 0.059726562500000004 0.54128125 0.11945312500000001 0.3048541666666667
3366 1 0.1500234375 0.5642499999999999 0.070671875 0.21712499999999998
3366 28 0.9376093749999999 0.18998958333333332 0.12478125 0.14439583333333333
3366 44 0.30364843750000003 0.6351666666666667 0.018453125 0.071
3366 1 0.9070546875 0.83746875 0.133609375 0.3233125
3366 1 0.029226562499999997 0.20909375 0.054546874999999995 0.40260416666666665
