6783 1 0.36844262295081964 0.41638281250000003 0.36789227166276345 0.178859375
6783 1 0.8723536299765807 0.5889375 0.040538641686182667 0.03509375
6783 1 0.5933372365339579 0.5693984375 0.01135831381733021 0.024859375
6783 1 0.30415690866510536 0.5825 0.02597189695550351 0.03390625
6783 42 0.6025058548009368 0.32053906249999997 0.3540046838407494 0.10001562500000001
6783 38 0.939063231850117 0.1058828125 0.1218735362997658 0.192953125
6783 38 0.4512997658079625 0.145125 0.04939110070257611 0.06265625
6783 38 0.687704918032787 0.24235937500000002 0.11990632318501171 0.10353125
6783 38 0.7120257611241219 0.140953125 0.1234894613583138 0.06590625
6783 42 0.854168618266979 0.609265625 0.03953161592505854 0.00621875
6783 38 0.06324355971896956 0.353078125 0.1117798594847775 0.12653125
6783 38 0.22948477751756444 0.42948437500000003 0.061311475409836065 0.03371875
6783 1 0.09430913348946135 0.581375 0.02477751756440281 0.02053125
6783 1 0.9242974238875878 0.5811796874999999 0.02278688524590164 0.013703125
6783 1 0.01509367681498829 0.58621875 0.03018735362997658 0.04171875
6783 1 0.3990515222482436 0.5716015624999999 0.01622950819672131 0.006890625
