8876 44 0.34941176470588237 0.2576470588235294 0.24235294117647058 0.38823529411764707
8876 44 0.27194444444444443 0.7231209150326796 0.2654575163398693 0.43620915032679736
8876 44 0.13678921568627453 0.20636437908496733 0.2688725490196079 0.41037581699346404
8876 44 0.7635294117647058 0.7794117647058824 0.1952941176470588 0.4047058823529412
8876 44 0.52 0.7594117647058823 0.22588235294117648 0.4352941176470588
8876 44 0.46844771241830063 0.39917483660130715 0.1419607843137255 0.42325163398692806
8876 44 0.699297385620915 0.45797385620915027 0.139640522875817 0.4859803921568628
8876 44 0.5895915032679738 0.30807189542483665 0.20977124183006535 0.3761764705882353
8876 44 0.8431617647058823 0.3455228758169934 0.20991830065359476 0.3915032679738562
8876 44 0.23361928104575164 0.2933660130718954 0.11249999999999999 0.26794117647058824
8876 44 0.2112254901960784 0.5582598039215686 0.0976797385620915 0.14223856209150326
8876 44 0.90859477124183 0.6748039215686275 0.08418300653594772 0.135
8876 44 0.5047140522875817 0.1567483660130719 0.07462418300653595 0.10176470588235294
8876 44 0.5040849673202614 0.16258169934640523 0.5441176470588235 0.184640522875817
