48267 62 0.249796875 0.6734624413145539 0.17962499999999998 0.3900234741784038
48267 62 0.5852968749999999 0.300868544600939 0.073625 0.155868544600939
48267 62 0.5530234375 0.278075117370892 0.027546875 0.08126760563380281
48267 62 0.9256249999999999 0.43342723004694833 0.09375 0.14084507042253522
48267 62 0.9232734375 0.745575117370892 0.153453125 0.2582394366197183
48267 67 0.0726328125 0.47816901408450707 0.10220312499999999 0.06553990610328639
48267 67 0.5714296875 0.8190492957746479 0.686609375 0.3614788732394366
48267 1 0.1770546875 0.5471596244131456 0.14560937499999999 0.5269014084507042
48267 1 0.2158359375 0.3520070422535211 0.076109375 0.23349765258215963
48267 1 0.2614765625 0.3774413145539906 0.059203125 0.23112676056338027
48267 1 0.591546875 0.2209037558685446 0.0770625 0.1377699530516432
48267 1 0.8077031250000001 0.15653755868544603 0.05825 0.1298826291079812
48267 1 0.320453125 0.16454225352112675 0.066 0.17039906103286387
48267 1 0.318609375 0.22031690140845073 0.037593749999999995 0.05645539906103286
48267 46 0.6564453125 0.6962910798122066 0.026640625 0.10323943661971831
48267 46 0.7535859374999999 0.7750704225352113 0.036390624999999996 0.12122065727699531
48267 46 0.79240625 0.7341314553990611 0.0351875 0.11225352112676057
48267 46 0.811796875 0.6944953051643193 0.031968750000000004 0.07293427230046949
48267 46 0.7359296875 0.7336032863849765 0.034796875 0.10711267605633804
48267 46 0.7109296875 0.7637089201877935 0.032109375 0.09680751173708921
48267 49 0.506640625 0.7734976525821596 0.0735625 0.09976525821596244
48267 61 0.5474609375 0.8797769953051644 0.215390625 0.21795774647887323
48267 1 0.93303125 0.6292136150234742 0.1339375 0.5438262910798122
48267 1 0.41657031250000004 0.44157276995305167 0.261765625 0.7932394366197183
48267 1 0.17112500000000003 0.3075586854460094 0.06009375 0.12422535211267606
48267 46 0.5945078125 0.7009859154929577 0.034859375 0.11187793427230046
48267 46 0.771484375 0.7520539906103286 0.04059375 0.11406103286384978
48267 46 0.6285546875 0.7165023474178405 0.031234374999999998 0.10549295774647886
48267 46 0.676765625 0.6784624413145539 0.03284375 0.10194835680751174
48267 46 0.712015625 0.6809976525821597 0.030593749999999996 0.072981220657277
48267 46 0.7747265624999999 0.67018779342723 0.031796875 0.05408450704225352
48267 62 0.5709375 0.2356807511737089 0.0314375 0.06295774647887324
48267 67 0.24022656250000002 0.24336854460093896 0.101421875 0.0537793427230047
48267 1 0.8785390625 0.3552464788732394 0.242921875 0.6096478873239436
48267 47 0.0829296875 0.46056338028169014 0.018015625 0.02732394366197183
48267 47 0.0371640625 0.46679577464788735 0.017828125 0.02504694835680751
48267 62 0.6993203125 0.5199765258215963 0.11767187500000001 0.20563380281690138
48267 62 0.06959375 0.7882511737089202 0.1391875 0.37607981220657277
48267 1 0.059625 0.2468544600938967 0.0316875 0.07431924882629108
48267 46 0.6273984374999999 0.649330985915493 0.033828125 0.03894366197183099
48267 1 0.9520859375 0.32167840375586854 0.094171875 0.2757042253521127
48267 1 0.13984375 0.5316901408450704 0.2796875 0.6690140845070423
48267 46 0.81328125 0.5586854460093896 0.3265625 0.4788732394366197
