45492 3 0.16568750000000002 0.8186979166666666 0.023625 0.057895833333333334
45492 3 0.14171875 0.8145416666666667 0.03796875 0.07595833333333334
45492 8 0.066078125 0.8197708333333333 0.13018749999999998 0.28925
45492 31 0.44889062500000004 0.8781458333333334 0.059125000000000004 0.11916666666666667
45492 31 0.36226562500000004 0.9207083333333334 0.027500000000000004 0.06395833333333333
45492 31 0.23602343750000002 0.8532083333333332 0.066796875 0.12895833333333334
45492 3 0.1383671875 0.8314270833333333 0.038234375 0.09035416666666667
45492 1 0.43412500000000004 0.8755208333333333 0.09659375 0.24895833333333334
45492 1 0.32765625 0.8968958333333333 0.08003125 0.20620833333333335
45492 1 0.283828125 0.8827604166666666 0.06937499999999999 0.22872916666666668
45492 1 0.9377656249999999 0.7570833333333333 0.0599375 0.08629166666666667
45492 1 0.9783125 0.7474583333333332 0.024281249999999997 0.062000000000000006
45492 1 0.04053125 0.8789270833333334 0.062343749999999996 0.18885416666666668
45492 3 0.36078125 0.8031354166666667 0.02784375 0.03747916666666666
45492 10 0.6966484375 0.3632916666666667 0.053640625 0.23375
45492 1 0.960328125 0.7341770833333334 0.020999999999999998 0.037187500000000005
45492 1 0.9596640624999999 0.7523020833333334 0.028703125000000003 0.0496875
45492 10 0.8111171875000001 0.4160625 0.091609375 0.11433333333333334
45492 1 0.571765625 0.8791145833333334 0.0724375 0.24056249999999998
45492 1 0.9682812499999999 0.9007916666666667 0.06343750000000001 0.19841666666666666
45492 1 0.227828125 0.8681249999999999 0.09234375 0.25837499999999997
45492 3 0.40428125000000004 0.7983333333333333 0.01565625 0.017208333333333332
