4130 3 0.29396875 0.654224376731302 0.029343750000000002 0.03614958448753463
4130 3 0.36353125 0.6543490304709141 0.03821875 0.05490304709141274
4130 6 0.67040625 0.6645983379501385 0.3805 0.4136288088642659
4130 1 0.21584375000000003 0.66494459833795 0.01353125 0.09487534626038781
4130 1 0.182671875 0.6737396121883656 0.015562500000000002 0.08188365650969529
4130 3 0.2704140625 0.6542797783933518 0.019546875 0.02878116343490305
4130 3 0.25314843750000005 0.6557617728531856 0.028609375 0.03795013850415512
4130 3 0.222453125 0.6676731301939058 0.046125 0.0746814404432133
4130 1 0.055374999999999994 0.6728531855955678 0.029343750000000002 0.08742382271468144
4130 1 0.40247656249999997 0.6554986149584489 0.007671875 0.04373961218836565
4130 1 0.467390625 0.6545290858725762 0.01209375 0.05448753462603879
4130 10 0.4095859375 0.5974515235457064 0.011578125 0.03246537396121884
4130 10 0.1565625 0.5904155124653739 0.0093125 0.03168975069252077
4130 10 0.32620312500000004 0.6024099722991689 0.009625 0.0281994459833795
4130 1 0.026773437499999997 0.6722437673130194 0.018640625 0.09373961218836566
4130 10 0.43735156250000007 0.60101108033241 0.0053906250000000005 0.02556786703601108
4130 8 0.1874765625 0.6498476454293629 0.053109375 0.05476454293628809
4130 8 0.3306640625 0.6503185595567867 0.036671875 0.04966759002770083
4130 1 0.4137734375 0.6563434903047092 0.007859375 0.0450415512465374
4130 1 0.42053906249999995 0.6548337950138504 0.009609375 0.050055401662049866
4130 3 0.142921875 0.6329639889196675 0.029281249999999998 0.03695290858725762
