18559 37 0.5283020833333334 0.24255468749999998 0.020270833333333335 0.012921875
18559 62 0.6308125 0.2826796875 0.026791666666666665 0.090453125
18559 15 0.044895833333333336 0.11528906250000001 0.08979166666666667 0.009359375
18559 43 0.4804791666666667 0.2967421875 0.06358333333333334 0.131859375
18559 27 0.824125 0.34221875 0.09254166666666667 0.04609375
18559 1 0.5542083333333333 0.422359375 0.21558333333333335 0.40565625
18559 1 0.6029583333333333 0.26625 0.07825 0.1310625
18559 1 0.7505625000000001 0.13820312499999998 0.08091666666666668 0.105625
18559 1 0.32429166666666664 0.1399921875 0.09154166666666666 0.10414062500000001
18559 1 0.39815625000000004 0.1401953125 0.07314583333333333 0.10389062499999999
18559 1 0.4648020833333334 0.097875 0.07310416666666668 0.091375
18559 1 0.6796770833333333 0.13365624999999998 0.08139583333333333 0.1088125
18559 1 0.5343125000000001 0.1515234375 0.06733333333333333 0.08345312499999999
18559 1 0.8949583333333333 0.13661718750000001 0.0755 0.099203125
18559 1 0.6066562500000001 0.0829453125 0.07722916666666667 0.071578125
18559 1 0.11694791666666667 0.14775 0.08860416666666666 0.09890625
18559 1 0.82696875 0.13527343749999998 0.08989583333333333 0.11460937499999999
18559 62 0.9549583333333334 0.306421875 0.08945833333333333 0.1115
18559 15 0.04021875 0.0779375 0.07481249999999999 0.0118125
18559 1 0.25571875 0.142328125 0.09543750000000001 0.10446875
18559 1 0.5302083333333333 0.278125 0.9354166666666667 0.55625
