23793 6 0.883984375 0.4598966408268734 0.22234375 0.4304909560723514
23793 6 0.6121640625 0.41648578811369513 0.341078125 0.2089922480620155
23793 1 0.72290625 0.5536304909560723 0.04009375 0.23397932816537467
23793 1 0.6408203125 0.5562403100775194 0.050859375 0.22596899224806202
23793 3 0.17392968749999999 0.4337080103359173 0.127734375 0.04493540051679587
23793 1 0.6734765625 0.5656072351421189 0.025453125 0.17204134366925064
23793 1 0.757140625 0.5451162790697673 0.02103125 0.19162790697674417
23793 1 0.7683515625 0.5726227390180879 0.026765624999999998 0.1464341085271318
23793 1 0.5785625 0.5695348837209302 0.02421875 0.16258397932816537
23793 1 0.5550937499999999 0.5492764857881137 0.03134375 0.20806201550387596
23793 1 0.49334375 0.5738501291989664 0.03903125 0.15808785529715763
23793 1 0.5104375 0.5671834625322998 0.04034375 0.16770025839793284
23793 1 0.45522656250000004 0.5744702842377261 0.025109375 0.16377260981912145
23793 1 0.41395312500000003 0.5770671834625323 0.027187499999999996 0.15785529715762275
23793 19 0.06265625 0.6869379844961241 0.10946875 0.2639018087855297
23793 32 0.717640625 0.5174935400516796 0.0123125 0.0648578811369509
23793 27 0.161328125 0.5319509043927649 0.03428125 0.07521963824289406
23793 1 0.37443750000000003 0.5724289405684755 0.02303125 0.17488372093023258
23793 32 0.1891640625 0.5656201550387596 0.009453125 0.047881136950904395
23793 32 0.218828125 0.5644702842377262 0.00425 0.05322997416020672
23793 32 0.5051484375 0.5505038759689923 0.002484375 0.03
23793 3 0.7452109375 0.42629198966408266 0.07664062499999999 0.0727906976744186
23793 27 0.5493828125 0.5396640826873386 0.025796875000000004 0.10459948320413436
23793 1 0.56015625 0.4095607235142119 0.8296875 0.5400516795865633
