28560 62 0.0771484375 0.45855971896955505 0.154296875 0.3897189695550351
28560 62 0.0222421875 0.34730679156908667 0.041609375 0.17850117096018736
28560 4 0.43941406250000004 0.749847775175644 0.179515625 0.35557377049180333
28560 1 0.304421875 0.6378922716627634 0.19596875 0.6883372365339578
28560 1 0.5170703125 0.6456088992974239 0.155640625 0.5129508196721312
28560 3 0.8752265625 0.6154332552693209 0.249546875 0.7685245901639345
28560 8 0.33059374999999996 0.4269672131147541 0.53525 0.38653395784543326
28560 1 0.6426875 0.29403981264637 0.01975 0.026252927400468386
28560 1 0.6022968750000001 0.31025761124121776 0.021875 0.09451990632318501
28560 1 0.8501640625 0.418559718969555 0.10814062499999999 0.18119437939110072
28560 8 0.661125 0.476615925058548 0.22009375000000003 0.4597423887587822
