16672 4 0.31774218750000005 0.3930327868852459 0.039046874999999995 0.0710304449648712
16672 1 0.31546875 0.3705971896955504 0.034437499999999996 0.08629976580796253
16672 1 0.6208750000000001 0.3429976580796253 0.012531249999999999 0.02046838407494145
16672 3 0.378859375 0.3127751756440281 0.11474999999999999 0.08985948477751755
16672 3 0.62928125 0.35621779859484776 0.14103125 0.12245901639344262
16672 3 0.7650390625 0.6204098360655739 0.22839062499999999 0.22704918032786886
16672 3 0.7098671875 0.2961943793911007 0.119484375 0.07697892271662762
16672 1 0.6112968750000001 0.1723887587822014 0.01378125 0.02313817330210773
16672 3 0.9309687499999999 0.32799765807962533 0.11659375000000001 0.08161592505854802
16672 3 0.22240625 0.3001288056206089 0.07409375 0.06784543325526932
16672 3 0.10391406249999999 0.17653395784543324 0.036890624999999996 0.030538641686182668
16672 3 0.301515625 0.16242388758782203 0.056906250000000005 0.03459016393442623
16672 3 0.6590546875000001 0.2149648711943794 0.07964062499999999 0.05480093676814988
16672 3 0.5947109375 0.09718969555035128 0.015390625 0.01826697892271663
16672 8 0.5716796875 0.13644028103044498 0.028390625000000003 0.03976580796252927
16672 3 0.3822890625 0.1633957845433255 0.051671875 0.0297423887587822
16672 3 0.9858671874999999 0.38126463700234187 0.028265625 0.05667447306791569
16672 8 0.251484375 0.131288056206089 0.03790625 0.03845433255269321
16672 10 0.5534609375 0.2250936768149883 0.12476562499999999 0.04896955503512881
