18244 54 0.3662091503267974 0.825392156862745 0.25624183006535944 0.2630392156862745
18244 54 0.7268218954248366 0.6890277777777778 0.2628267973856209 0.1440032679738562
18244 47 0.08427287581699347 0.4146078431372549 0.1640359477124183 0.2853921568627451
18244 47 0.8966258169934641 0.3573039215686275 0.20223856209150326 0.47640522875816993
18244 47 0.2202777777777778 0.2147222222222222 0.12852941176470586 0.1496078431372549
18244 50 0.34084150326797386 0.1081454248366013 0.299297385620915 0.08491830065359476
18244 61 0.6247222222222222 0.4584313725490196 0.17977124183006535 0.15281045751633987
18244 61 0.542124183006536 0.5049754901960785 0.14084967320261438 0.15566993464052287
18244 49 0.9508905228758169 0.6748529411764705 0.098218954248366 0.036830065359477124
18244 49 0.046977124183006536 0.6623366013071896 0.09395424836601307 0.026143790849673203
18244 50 0.583782679738562 0.7750163398692811 0.18883986928104574 0.1704248366013072
18244 50 0.6676633986928104 0.07425653594771242 0.17366013071895425 0.13044117647058823
18244 50 0.31767156862745094 0.6910539215686273 0.3369771241830065 0.13001633986928104
18244 50 0.07755718954248367 0.23465686274509806 0.10834967320261438 0.040816993464052286
18244 61 0.5574591503267974 0.3662173202614379 0.11655228758169935 0.1152124183006536
18244 61 0.3505147058823529 0.4831372549019608 0.19877450980392158 0.13003267973856208
18244 1 0.9296323529411764 0.06543300653594772 0.13580065359477125 0.13086601307189544
18244 47 0.04888888888888889 0.17897058823529413 0.09777777777777778 0.13225490196078432
18244 47 0.645890522875817 0.2741421568627451 0.24651960784313726 0.0928921568627451
18244 61 0.4113480392156863 0.5210457516339869 0.14197712418300654 0.11493464052287582
18244 61 0.6888153594771241 0.7656127450980391 0.10383986928104574 0.14387254901960783
18244 61 0.6625 0.38497549019607846 0.09238562091503268 0.08563725490196078
18244 61 0.28494281045751635 0.4340114379084967 0.11658496732026143 0.08877450980392157
18244 61 0.3315359477124183 0.3670424836601307 0.12098039215686275 0.10062091503267974
18244 61 0.4155065359477124 0.3430065359477124 0.1183986928104575 0.12604575163398693
18244 50 0.9699101307189542 0.19019607843137257 0.0601797385620915 0.16104575163398693
18244 51 0.7583986928104575 0.9123937908496732 0.483202614379085 0.14468954248366012
18244 47 0.7112826797385621 0.180359477124183 0.11178104575163399 0.10640522875816995
18244 54 0.27125 0.6551552287581699 0.13733660130718953 0.11638888888888889
