27622 1 0.15712500000000001 0.34003125 0.3077916666666667 0.3716875
27622 1 0.39567708333333335 0.4070625 0.27281249999999996 0.45640625
27622 1 0.6103229166666667 0.4498046875 0.32314583333333335 0.483484375
27622 1 0.75075 0.609234375 0.4985 0.76125
27622 1 0.7750208333333333 0.30304687500000005 0.41233333333333333 0.60271875
27622 49 0.50615625 0.6606171875 0.1989375 0.12698437499999998
27622 61 0.44615625 0.7148046875 0.2241875 0.19132812500000002
27622 67 0.5105104166666666 0.765765625 0.3783958333333333 0.43918749999999995
27622 62 0.5745208333333333 0.344421875 0.05579166666666667 0.08759375
27622 1 0.23089583333333333 0.736984375 0.4479166666666667 0.4921875
