19374 67 0.5004296875 0.7674182242990655 0.9948593750000001 0.43820093457943926
19374 1 0.6837734375 0.3977453271028037 0.309578125 0.6831542056074766
19374 1 0.11397656249999999 0.299661214953271 0.22795312499999998 0.4333878504672897
19374 1 0.459859375 0.2754322429906542 0.1713125 0.22698598130841122
19374 1 0.3811640625 0.4059345794392524 0.258734375 0.4253271028037383
19374 1 0.8797656250000001 0.22754672897196263 0.0245 0.0688785046728972
19374 59 0.4633828125 0.6674532710280374 0.164796875 0.09406542056074765
19374 44 0.0996171875 0.7761682242990654 0.08835937499999999 0.19429906542056075
19374 1 0.9908828125 0.4227686915887851 0.017359375 0.08829439252336449
19374 1 0.211078125 0.26632009345794394 0.0458125 0.09025700934579439
19374 1 0.190640625 0.21322429906542056 0.05434375 0.12186915887850466
19374 1 0.8983515625 0.23476635514018693 0.010359375 0.06878504672897197
19374 1 0.8160703125 0.27917056074766355 0.227390625 0.4398364485981308
19374 67 0.9551484374999999 0.435338785046729 0.057078125 0.06684579439252336
