13140 17 0.122359375 0.22170833333333337 0.19346875 0.14741666666666667
13140 44 0.20773437499999997 0.4468020833333334 0.07803125 0.3267291666666667
13140 65 0.20983593749999999 0.18053125 0.412921875 0.3528125
13140 73 0.6084296874999999 0.42921875000000004 0.461796875 0.6426875
13140 44 0.7200781249999999 0.37859375 0.03578125 0.10856249999999999
13140 44 0.7878046875 0.39514583333333336 0.043578125 0.09120833333333334
13140 47 0.3476875 0.3759270833333333 0.090875 0.1509375
13140 54 0.29935156249999995 0.7849791666666667 0.137265625 0.16383333333333333
13140 44 0.7582734375 0.37938541666666664 0.046828125 0.09260416666666667
13140 76 0.61434375 0.5726041666666666 0.46125 0.354
