47813 37 0.7482500000000001 0.30276041666666664 0.009093750000000001 0.0125625
47813 43 0.809484375 0.24453125 0.04265625 0.0331875
47813 43 0.29692187500000006 0.33165625 0.1075625 0.07793749999999999
47813 1 0.33446093749999994 0.5608125 0.172296875 0.47070833333333334
47813 1 0.25877343750000004 0.32144791666666667 0.069703125 0.26389583333333333
47813 1 0.56528125 0.2339270833333333 0.07290624999999999 0.1593125
47813 1 0.784328125 0.25634375 0.074 0.14022916666666668
47813 1 0.86284375 0.08502083333333334 0.024531249999999998 0.04425
47813 1 0.9793593750000001 0.17770833333333333 0.040875 0.11316666666666667
47813 1 0.1238984375 0.19563541666666667 0.041453125 0.08314583333333332
47813 1 0.7541171875 0.09930208333333333 0.021484375 0.050479166666666665
47813 1 0.5637421875 0.046 0.022109375 0.043291666666666666
47813 1 0.77534375 0.10775 0.02709375 0.07941666666666666
47813 1 0.47143750000000006 0.1753333333333333 0.02690625 0.08520833333333333
47813 1 0.3452421875 0.16267708333333336 0.026171875 0.10722916666666667
47813 43 0.5629531249999999 0.25278125 0.010624999999999999 0.025020833333333332
47813 1 0.3451953125 0.08372916666666666 0.028890624999999996 0.08416666666666667
47813 1 0.49921875 0.09270833333333334 0.9984375 0.18541666666666667
