39592 24 0.3588359375 0.33113053613053617 0.300640625 0.36948717948717946
39592 24 0.4417578125 0.5025757575757576 0.376421875 0.6949417249417249
39592 24 0.6138281250000001 0.6007459207459208 0.209375 0.7752913752913754
39592 1 0.949390625 0.21680652680652682 0.08384375 0.3027972027972028
39592 1 0.9101171875 0.14262237762237762 0.08785937499999999 0.19955710955710956
39592 1 0.8363515625 0.18646853146853148 0.08757812499999999 0.27340326340326343
39592 1 0.7537421875 0.23503496503496504 0.08267187499999999 0.34265734265734266
39592 1 0.6920078125 0.14641025641025643 0.052171875 0.15062937062937065
39592 1 0.57865625 0.08524475524475525 0.11081250000000001 0.16433566433566432
39592 1 0.44909375 0.04841491841491841 0.01521875 0.07193473193473193
39592 1 0.46471093750000003 0.05377622377622378 0.021703125 0.086993006993007
39592 1 0.42905468750000003 0.06701631701631702 0.019046874999999998 0.09557109557109557
39592 1 0.3801328125 0.04117715617715618 0.023421875 0.04268065268065268
39592 1 0.6760078125000001 0.018927738927738927 0.083921875 0.037855477855477854
39592 1 0.337171875 0.05343822843822843 0.017875 0.04375291375291375
39592 1 0.4102578125 0.07513986013986014 0.020453125 0.1141958041958042
39592 1 0.4265625 0.22144522144522144 0.36875 0.4428904428904429
