26488 16 0.20280468750000002 0.6922287735849056 0.066453125 0.07459905660377358
26488 6 0.8799296875 0.3015448113207547 0.18557812499999998 0.17540094339622642
26488 1 0.5914140625 0.5699882075471697 0.29285937500000003 0.6974292452830189
26488 1 0.35990625 0.32378537735849056 0.11568750000000001 0.1251179245283019
26488 1 0.4396328125 0.3654127358490566 0.047171875 0.12672169811320755
26488 16 0.1711640625 0.6593160377358489 0.045328125000000004 0.08712264150943395
26488 15 0.6146328125 0.6865212264150944 0.770734375 0.5775235849056604
26488 1 0.27460156249999995 0.3682311320754717 0.046328125 0.10089622641509434
26488 1 0.0990546875 0.3030070754716981 0.031296875 0.09025943396226416
26488 1 0.12337500000000001 0.2965801886792453 0.038375 0.1135377358490566
26488 1 0.2870859375 0.32496462264150944 0.041703125 0.08374999999999999
26488 1 0.256546875 0.34196933962264153 0.01121875 0.04346698113207547
26488 1 0.1566640625 0.31237028301886793 0.010265625 0.10672169811320754
26488 2 0.241609375 0.40060141509433966 0.02653125 0.04492924528301887
26488 16 0.31134375 0.6974882075471697 0.088125 0.046391509433962266
