37514 3 0.38962 0.4102266666666667 0.02588 0.025093333333333332
37514 3 0.24545000000000003 0.40889333333333333 0.04318 0.0332
37514 1 0.63099 0.45296 0.04754 0.18821333333333332
37514 1 0.51901 0.45073333333333326 0.023219999999999998 0.07405333333333333
37514 1 0.50471 0.4608133333333333 0.013900000000000001 0.05506666666666666
37514 2 0.83174 0.7426933333333333 0.32864 0.18650666666666665
37514 1 0.9749200000000001 0.4455333333333333 0.01292 0.06472
37514 1 0.9936200000000001 0.45608 0.01276 0.05264
37514 38 0.34151 0.20609333333333332 0.12074 0.13096
37514 38 0.20647 0.62964 0.40618 0.4426933333333333
37514 38 0.84186 0.19192 0.13032 0.07365333333333333
37514 38 0.7981900000000001 0.30888 0.0585 0.05749333333333333
37514 1 0.13361 0.4184933333333333 0.01194 0.028079999999999997
37514 1 0.89712 0.4142533333333333 0.0056 0.03496
37514 1 0.79983 0.41403999999999996 0.00766 0.03917333333333333
37514 1 0.9340900000000001 0.4587466666666667 0.02302 0.06666666666666667
37514 1 0.77428 0.42993333333333333 0.00828 0.041626666666666666
37514 8 0.34242 0.4057066666666667 0.06976 0.052320000000000005
37514 38 0.21630000000000002 0.3864 0.024480000000000002 0.03850666666666667
37514 1 0.76309 0.4165466666666666 0.00902 0.022906666666666665
37514 1 0.21774000000000002 0.41257333333333335 0.01316 0.03725333333333333
37514 3 0.10662999999999999 0.41187999999999997 0.03458 0.04173333333333334
