47221 6 0.2550546875 0.47131249999999997 0.456171875 0.21453125
47221 1 0.084265625 0.638203125 0.1505625 0.49437499999999995
47221 1 0.9020390624999999 0.7326406249999999 0.159421875 0.48453125
47221 1 0.64290625 0.4944921875 0.043937500000000004 0.081359375
47221 1 0.41524218749999997 0.5505 0.057828124999999994 0.18203125
47221 1 0.58025 0.5771171875000001 0.07871875 0.235546875
47221 1 0.3215234375 0.5380859375 0.043234375000000005 0.15435937500000002
47221 1 0.511015625 0.554828125 0.08078125 0.21259375
47221 1 0.6891406250000001 0.5969453124999999 0.07121875 0.330578125
47221 1 0.2548828125 0.5604921875000001 0.080203125 0.23279687500000001
47221 1 0.8098671875000001 0.6714453125000001 0.058421875 0.212671875
47221 1 0.18834374999999998 0.5809765625 0.08071874999999999 0.228703125
47221 31 0.28175781250000004 0.5250390625000001 0.031515625000000005 0.09232812500000001
47221 1 0.8593125 0.6485546875 0.13096875 0.43382812499999995
47221 1 0.80909375 0.5371015625 0.06171875 0.172609375
47221 1 0.58671875 0.615625 0.8140625 0.346875
