1958 72 0.5364375 0.17147916666666668 0.203375 0.20587499999999997
1958 63 0.8153203125000001 0.8294583333333333 0.369359375 0.3182916666666667
1958 63 0.1534609375 0.8255625000000001 0.303296875 0.348875
1958 1 0.27505468750000006 0.6358854166666668 0.305890625 0.6909791666666667
1958 1 0.7675546875 0.58903125 0.377515625 0.5797708333333333
1958 75 0.32234375 0.37105208333333334 0.02678125 0.059770833333333336
1958 62 0.1515 0.8246249999999999 0.30278125 0.35075
1958 62 0.06489843749999999 0.5461458333333333 0.12979687499999998 0.20695833333333333
1958 75 0.566453125 0.52090625 0.011125 0.06252083333333333
1958 75 0.6932265625 0.28676041666666663 0.034515625 0.04602083333333333
1958 75 0.75321875 0.4888229166666667 0.0171875 0.03877083333333333
1958 75 0.46000781249999995 0.35859375 0.055671875 0.021145833333333332
1958 75 0.5830546875 0.4220208333333334 0.038703125 0.04070833333333333
1958 75 0.4289296875 0.46541666666666665 0.030234375 0.03691666666666667
