39406 22 0.462171875 0.5213471502590674 0.14909375 0.31911917098445597
39406 22 0.5766171875 0.4581865284974094 0.244109375 0.43735751295336783
39406 22 0.8032656250000001 0.500259067357513 0.25421875 0.3856476683937824
39406 22 0.21659375 0.4482124352331606 0.24196875 0.43502590673575126
39406 22 0.090125 0.5370725388601036 0.16128125 0.3146113989637306
39406 22 0.9592734375 0.5457642487046632 0.081453125 0.3110621761658031
39406 22 0.9624843750000001 0.3567098445595855 0.07503125000000001 0.14357512953367876
39406 22 0.65890625 0.28843264248704664 0.12525 0.10360103626943006
39406 22 0.303140625 0.5900129533678756 0.10887500000000001 0.15199481865284975
39406 22 0.31956249999999997 0.4508031088082901 0.12690625 0.2548704663212435
