18688 40 0.67940625 0.501015625 0.041479166666666664 0.031125000000000003
18688 40 0.7145416666666667 0.698734375 0.04579166666666667 0.030906250000000003
18688 1 0.6528541666666666 0.6939062500000001 0.16725 0.293375
18688 1 0.5463958333333333 0.463875 0.17329166666666668 0.26875
18688 1 0.8920625 0.29681250000000003 0.11058333333333333 0.05240625
18688 1 0.6626041666666667 0.48883593750000004 0.16999999999999998 0.167796875
18688 1 0.9699479166666667 0.28696875 0.06010416666666667 0.0769375
18688 1 0.7820208333333334 0.289890625 0.107875 0.07190625
18688 1 0.7307708333333333 0.2575 0.05845833333333333 0.07790625
18688 1 0.6854375 0.28028906249999996 0.11220833333333333 0.087984375
18688 1 0.3935208333333334 0.189671875 0.05633333333333333 0.03596875
18688 1 0.10333333333333332 0.1755 0.04558333333333333 0.05128125
18688 1 0.9627395833333333 0.244171875 0.06802083333333334 0.08609375
18688 1 0.9142395833333334 0.2622265625 0.0725625 0.10189062499999998
18688 39 0.6040104166666665 0.38390625 0.05064583333333333 0.031656250000000004
18688 37 0.5882708333333333 0.7002421875 0.017958333333333333 0.015234375
18688 1 0.8777395833333335 0.202984375 0.11914583333333333 0.093375
18688 1 0.5 0.30625 0.9958333333333333 0.34375
