4256 67 0.52859375 0.4955114822546973 0.9428124999999999 0.9865135699373696
4256 47 0.70471875 0.4415553235908142 0.13171875 0.1705427974947808
4256 47 0.50571875 0.20603340292275574 0.13021875 0.18626304801670146
4256 48 0.43184374999999997 0.7865135699373695 0.05046874999999999 0.37022964509394574
4256 48 0.28028906249999996 0.11416492693110646 0.260203125 0.05872651356993737
4256 49 0.47047656250000003 0.7200835073068893 0.716296875 0.3938204592901879
4256 51 0.26094531249999997 0.3432150313152401 0.310453125 0.4197077244258873
4256 56 0.2913046875 0.27273486430062627 0.121046875 0.08526096033402923
4256 56 0.2391484375 0.40229645093945726 0.179171875 0.17795407098121085
4256 56 0.63184375 0.8463256784968685 0.10346875 0.10555323590814197
4256 56 0.6424609375 0.7572964509394572 0.256078125 0.2515866388308977
4256 51 0.6295 0.779686847599165 0.32759375 0.43620041753653443
