36561 44 0.8354140624999999 0.8146774193548388 0.084171875 0.34838709677419355
36561 62 0.12371093749999999 0.8113104838709677 0.24742187499999999 0.3773790322580645
36561 67 0.494359375 0.7821975806451613 0.554 0.4356048387096774
36561 1 0.5041796875 0.45169354838709674 0.14454687500000002 0.40451612903225803
36561 1 0.853828125 0.6065322580645162 0.25987499999999997 0.7215322580645162
36561 1 0.32165625000000003 0.3853024193548387 0.1286875 0.398508064516129
36561 1 0.132359375 0.5741532258064516 0.24034375 0.8516935483870968
36561 1 0.049765625 0.3873588709677419 0.057437499999999996 0.27278225806451617
36561 46 0.49896875000000007 0.7957056451612904 0.042562499999999996 0.2202016129032258
36561 50 0.3352421875 0.7539717741935483 0.106203125 0.033104838709677425
36561 47 0.41486718749999996 0.7579435483870968 0.033140625 0.12153225806451613
36561 49 0.32846875 0.7603830645161291 0.0965 0.020120967741935485
36561 62 0.9387109375 0.81625 0.12257812500000001 0.3675
36561 62 0.5595625 0.5454637096774194 0.11265624999999999 0.26100806451612907
36561 62 0.4002734375 0.4778024193548387 0.049015625 0.16157258064516128
36561 62 0.01915625 0.47639112903225805 0.03484375 0.15729838709677418
36561 62 0.107296875 0.8601814516129032 0.16778125 0.07213709677419355
36561 62 0.19994531249999997 0.5784879032258065 0.07535937499999999 0.15600806451612903
36561 47 0.45421875 0.9388306451612902 0.05046874999999999 0.1182258064516129
36561 47 0.6320546874999999 0.8906048387096774 0.026984374999999998 0.15669354838709676
36561 1 0.6451640624999999 0.5272782258064516 0.16707812500000002 0.49350806451612905
36561 47 0.2791328125 0.6081048387096775 0.028046875 0.0842741935483871
36561 47 0.474765625 0.6426209677419356 0.02559375 0.09451612903225808
36561 47 0.3449375 0.6257056451612902 0.0240625 0.07721774193548386
36561 48 0.5521484375 0.6793951612903225 0.049765625 0.010161290322580644
