16578 3 0.7671250000000001 0.8421495327102804 0.46575 0.31570093457943926
16578 3 0.4418125 0.7222196261682243 0.11878124999999999 0.07621495327102804
16578 3 0.1514921875 0.7392172897196263 0.132921875 0.06647196261682242
16578 3 0.3983203125 0.6916355140186917 0.028609375 0.02850467289719626
16578 3 0.4866171875 0.6834112149532711 0.024484375 0.029205607476635514
16578 3 0.4799375 0.6684929906542056 0.01559375 0.015724299065420562
16578 10 0.8513671875 0.41294392523364487 0.047546875 0.10172897196261682
16578 1 0.0147421875 0.7727336448598131 0.029484375 0.1208411214953271
16578 1 0.882234375 0.6964018691588785 0.06209375 0.1697663551401869
16578 1 0.77284375 0.6706308411214954 0.03703125 0.04551401869158878
16578 1 0.2311953125 0.7103855140186915 0.017140625 0.05530373831775701
16578 1 0.6350546875 0.6817640186915889 0.012640624999999999 0.035957943925233646
16578 27 0.014570312499999998 0.7505841121495327 0.021359375 0.0391588785046729
16578 3 0.44109375 0.6765303738317756 0.0189375 0.01969626168224299
16578 3 0.7347421875 0.6707359813084112 0.035046875 0.03474299065420561
16578 3 0.41007812499999996 0.6859813084112149 0.0168125 0.026121495327102805
16578 8 0.4747968749999999 0.6457710280373832 0.014343749999999999 0.02247663551401869
16578 8 0.4114453125 0.6778621495327103 0.021484375 0.02689252336448598
16578 10 0.079046875 0.6604906542056075 0.011 0.027429906542056074
16578 3 0.029179687500000002 0.7355841121495327 0.058359375000000005 0.05757009345794393
16578 3 0.4284140625 0.675572429906542 0.012359375 0.026238317757009348
16578 3 0.4296875 0.6596028037383178 0.013375000000000001 0.013177570093457942
16578 10 0.421375 0.10509345794392524 0.03390625 0.13827102803738317
16578 10 0.012523437500000002 0.5611214953271028 0.014796875000000001 0.034953271028037386
16578 1 0.9086796875 0.6975116822429905 0.06348437500000001 0.1908177570093458
