41231 37 0.348421875 0.6302286902286903 0.044625 0.0567983367983368
41231 1 0.42053124999999997 0.5333991683991683 0.043687500000000004 0.23898128898128898
41231 1 0.6076484375 0.5658835758835759 0.072640625 0.2574220374220374
41231 1 0.7186328124999999 0.617983367983368 0.170578125 0.29214137214137215
41231 1 0.8655624999999999 0.6353014553014553 0.12628124999999998 0.33180873180873177
41231 1 0.3380703125 0.6442723492723492 0.165015625 0.34484407484407487
41231 1 0.32625 0.5215488565488565 0.054906250000000004 0.10792099792099791
41231 1 0.033625 0.5851767151767152 0.0625 0.24494802494802492
41231 15 0.3283125 0.5476195426195426 0.07346875 0.02268191268191268
41231 1 0.7771640625 0.474968814968815 0.026703125 0.0797920997920998
41231 1 0.8700234375000001 0.46652806652806655 0.023046875 0.023492723492723494
41231 1 0.819375 0.570904365904366 0.0661875 0.2576923076923077
41231 1 0.7205390625 0.5323492723492723 0.038671875 0.17604989604989607
41231 1 0.7451718749999999 0.4687318087318087 0.02446875 0.05891891891891892
