42408 3 0.9309375 0.50890625 0.1379375 0.09777083333333333
42408 6 0.6047734375 0.4340520833333333 0.494328125 0.3327708333333333
42408 1 0.181328125 0.49557291666666664 0.02734375 0.0839375
42408 1 0.10633593749999999 0.46593749999999995 0.0073906250000000005 0.016583333333333332
42408 1 0.125046875 0.5036875 0.0245 0.114125
42408 1 0.08524218749999998 0.5045833333333333 0.019984375 0.11641666666666667
42408 1 0.2178359375 0.49074999999999996 0.013484375000000002 0.0455
42408 1 0.1012734375 0.4984375 0.015828125000000002 0.09370833333333332
42408 1 0.1611328125 0.4913020833333333 0.018984375 0.07985416666666666
42408 1 0.144390625 0.49101041666666667 0.01484375 0.0659375
42408 27 0.11697656249999999 0.47679166666666667 0.022328124999999997 0.04045833333333334
42408 6 0.321140625 0.4553125 0.08221875 0.109625
42408 1 0.1113359375 0.4935833333333334 0.012984375000000001 0.07312500000000001
42408 1 0.5262734375 0.4388958333333333 0.023265625 0.03104166666666667
42408 1 0.7858125 0.4162708333333333 0.01525 0.03795833333333333
42408 3 0.2349609375 0.4751354166666667 0.049234375000000004 0.042520833333333334
42408 3 0.2734296875 0.47072916666666664 0.008453125 0.02475
42408 8 0.2077109375 0.45451041666666664 0.025609375 0.03389583333333333
42408 3 0.2652734375 0.47588541666666667 0.011921875 0.0244375
