28356 1 0.5902252252252252 0.7313 0.15438438438438437 0.29152
28356 38 0.3293993993993994 0.09453 0.10798798798798799 0.06854
28356 1 0.6900600600600602 0.65171 0.02918918918918919 0.053219999999999996
28356 1 0.9446546546546546 0.63442 0.008768768768768769 0.01852
28356 1 0.9287237237237237 0.6355299999999999 0.00873873873873874 0.01506
28356 1 0.9827177177177178 0.63334 0.016786786786786786 0.027039999999999998
28356 1 0.7604804804804806 0.6300399999999999 0.005645645645645645 0.01228
28356 1 0.7736786786786787 0.62868 0.0106006006006006 0.0124
28356 1 0.717027027027027 0.63107 0.009549549549549551 0.0089
28356 1 0.42509009009009013 0.63187 0.007537537537537537 0.00626
