18214 19 0.415953125 0.9253541666666666 0.305125 0.11991666666666667
18214 19 0.604640625 0.912375 0.25634375 0.17525000000000002
18214 2 0.16314843750000002 0.7962812499999999 0.033578125 0.06002083333333333
18214 3 0.47755468749999996 0.78140625 0.147859375 0.17364583333333333
18214 3 0.09860156249999999 0.875 0.19720312499999998 0.24570833333333333
18214 3 0.5336875 0.7286041666666667 0.04146875 0.057749999999999996
18214 4 0.6725625 0.7725624999999999 0.05028125 0.10058333333333333
18214 2 0.3149921875 0.7529374999999999 0.017578125 0.05191666666666667
18214 3 0.325015625 0.7344583333333333 0.12025 0.05404166666666667
18214 1 0.63525 0.7107708333333334 0.021406249999999998 0.02804166666666667
18214 1 0.16971874999999997 0.7730104166666666 0.038 0.14902083333333332
18214 1 0.314859375 0.7288645833333333 0.02471875 0.07481249999999999
18214 1 0.8974765625000002 0.7990208333333333 0.032640625 0.139125
18214 1 0.6954921875 0.7009687499999999 0.027046874999999998 0.050270833333333334
18214 2 0.5719531250000001 0.7402708333333333 0.010875 0.029375
18214 1 0.5721875 0.7204166666666667 0.018187500000000002 0.052375
18214 2 0.591015625 0.7286666666666667 0.013500000000000002 0.03729166666666666
18214 2 0.39821874999999995 0.7420000000000001 0.0136875 0.029041666666666667
18214 3 0.56084375 0.73046875 0.01615625 0.034604166666666665
18214 1 0.1180078125 0.731125 0.040828125 0.05333333333333334
18214 1 0.5962265625 0.7106875 0.010921875000000001 0.013833333333333333
18214 3 0.5070390625 0.7091562499999999 0.012734375000000001 0.008812500000000001
18214 3 0.423109375 0.7359375 0.02728125 0.02825
18214 8 0.79090625 0.8285729166666667 0.23765624999999999 0.2597291666666667
