39911 62 0.5992578125 0.4377049180327868 0.064359375 0.174847775175644
39911 3 0.0946953125 0.3763348946135831 0.18651562500000002 0.16344262295081968
39911 6 0.1544296875 0.24100702576112412 0.308859375 0.2292271662763466
39911 1 0.613171875 0.3962177985948478 0.07515625000000001 0.20540983606557375
39911 1 0.854296875 0.4583723653395784 0.0955 0.14021077283372366
39911 37 0.75459375 0.29916861826697894 0.0421875 0.05889929742388758
39911 40 0.8221406250000001 0.2659250585480094 0.093 0.1677751756440281
39911 40 0.1585546875 0.6492154566744731 0.106484375 0.19234192037470724
39911 3 0.469375 0.33101873536299764 0.12428125000000001 0.11187353629976582
39911 1 0.8284765625 0.34149882903981266 0.081734375 0.36613583138173306
39911 1 0.28146875 0.5260421545667447 0.32315625 0.9192505854800936
39911 1 0.7479765625 0.4361943793911007 0.22760937499999997 0.8489695550351288
