26900 6 0.6004687499999999 0.4348360655737705 0.6431875 0.8516861826697892
26900 1 0.28518750000000004 0.5836533957845433 0.06787499999999999 0.2181264637002342
26900 1 0.0738046875 0.5052341920374708 0.056734375000000004 0.19346604215456675
26900 1 0.025523437500000003 0.741768149882904 0.049390625 0.5164637002341921
26900 31 0.06325 0.7349063231850117 0.0819375 0.22278688524590162
26900 31 0.073890625 0.5999414519906323 0.05846875 0.10138173302107728
26900 31 0.1153984375 0.7008782201405153 0.049328125 0.1143559718969555
26900 6 0.2623125 0.49468384074941457 0.03825 0.17629976580796253
26900 33 0.308234375 0.6026463700234191 0.03378125 0.11100702576112412
26900 6 0.246671875 0.4668618266978923 0.0626875 0.1500702576112412
