37527 1 0.34009846827133483 0.596703125 0.45245076586433264 0.573625
37527 44 0.5391794310722101 0.424234375 0.0449671772428884 0.11950000000000001
37527 44 0.7609190371991248 0.42328124999999994 0.060787746170678336 0.15359375
37527 44 0.6728884026258205 0.42696875 0.036455142231947485 0.129375
37527 44 0.8462035010940919 0.4296640625 0.05358862144420131 0.159734375
37527 44 0.8916083150984684 0.4278046875 0.03901531728665208 0.147984375
37527 44 0.9760393873085339 0.622796875 0.04792122538293216 0.16728125
37527 44 0.8633260393873086 0.60225 0.04266958424507659 0.1434375
37527 44 0.633960612691466 0.580796875 0.045251641137855576 0.11821875
37527 44 0.6767943107221007 0.582921875 0.04422319474835886 0.1314375
37527 44 0.4712582056892779 0.41775 0.047680525164113786 0.09640625
37527 44 0.6238840262582057 0.4216875 0.058621444201312906 0.14465625
37527 44 0.5778336980306346 0.4229375 0.04932166301969365 0.11784375
37527 46 0.32711159737417944 0.5481015625 0.052341356673960615 0.052640624999999996
37527 47 0.1735667396061269 0.9733906250000001 0.04971553610503282 0.05321875
37527 47 0.32234135667396063 0.9297109375 0.04800875273522976 0.054828125000000005
37527 47 0.22865426695842453 0.9514921874999999 0.04492341356673961 0.031328125
37527 47 0.11040481400437638 0.8975624999999999 0.03035010940919037 0.025968750000000002
37527 47 0.14797592997811815 0.8907265624999999 0.03446389496717724 0.031015625
37527 47 0.09962800875273523 0.9589375 0.04201312910284464 0.03665625
37527 44 0.7026148796498907 0.42603906249999995 0.02759299781181619 0.145796875
37527 47 0.22580962800875276 0.9197109375 0.08286652078774616 0.075421875
37527 47 0.06388402625820569 0.950578125 0.031181619256017507 0.0368125
37527 47 0.2764551422319475 0.9563671875 0.04271334792122538 0.039078125000000005
37527 47 0.03793216630196937 0.9376015625 0.032669584245076586 0.029234375
37527 47 0.016673960612691465 0.9327890625 0.03334792122538293 0.031890625
37527 44 0.5 0.32578125 0.9956236323851203 0.6234375
