24699 13 0.94697 0.3381869688385269 0.10606 0.24033994334277622
24699 16 0.31113 0.13090651558073654 0.0095 0.012351274787535413
24699 16 0.26643 0.24746458923512749 0.006860000000000001 0.004617563739376771
24699 16 0.41374 0.2486685552407932 0.00784 0.008158640226628894
24699 16 0.40049 0.22273371104815864 0.00526 0.007223796033994334
24699 16 0.56029 0.07821529745042492 0.00846 0.013711048158640226
24699 16 0.29395 0.26936260623229463 0.00614 0.007960339943342776
24699 16 0.42949 0.16456090651558072 0.00514 0.007932011331444758
24699 16 0.43903000000000003 0.23096317280453255 0.00662 0.008895184135977337
24699 16 0.58038 0.07674220963172805 0.0061600000000000005 0.012861189801699717
24699 16 0.5201699999999999 0.08516997167138811 0.00858 0.009886685552407933
24699 16 0.11061 0.3821954674220963 0.01466 0.027677053824362606
24699 16 0.442 0.29178470254957506 0.816 0.29461756373937675
