27734 24 0.79178125 0.6078636363636363 0.38159375 0.5145909090909091
27734 24 0.5820000000000001 0.38602272727272724 0.14015625 0.2742272727272727
27734 24 0.2824921875 0.3887386363636363 0.17195312499999998 0.20402272727272727
27734 24 0.1373828125 0.2933181818181818 0.077734375 0.17350000000000002
27734 24 0.18062499999999998 0.2736022727272727 0.14853125 0.1653409090909091
27734 24 0.2886171875 0.23557954545454546 0.066203125 0.1330681818181818
27734 24 0.190546875 0.18296590909090907 0.050249999999999996 0.03238636363636364
27734 24 0.054000000000000006 0.28781818181818186 0.032625 0.11863636363636364
27734 24 0.22466406249999998 0.25932954545454545 0.09914062500000001 0.07111363636363636
27734 24 0.3378828125 0.27055681818181815 0.044109375 0.11261363636363636
27734 24 0.3850546875 0.26560227272727277 0.163828125 0.19065909090909092
