42416 67 0.5 0.7279337899543379 1.0 0.5187899543378995
42416 47 0.1304921875 0.7905479452054794 0.15826562500000002 0.34009132420091326
42416 60 0.5345000000000001 0.4131392694063927 0.14409375 0.11988584474885844
42416 60 0.48666406250000005 0.35797945205479453 0.048765625 0.095
42416 60 0.40063281249999994 0.37752283105022827 0.13995312499999998 0.2067351598173516
42416 59 0.5184609375000001 0.9151826484018265 0.16082812500000002 0.09214611872146118
42416 59 0.49664062499999995 0.7935045662100457 0.1438125 0.06659817351598174
42416 60 0.8367890625 0.2569178082191781 0.159296875 0.16356164383561644
42416 59 0.3465078125 0.7983333333333333 0.12351562499999999 0.08191780821917809
42416 59 0.34928125 0.8578196347031964 0.1489375 0.0621689497716895
42416 60 0.7227421875 0.3104680365296804 0.11760937499999999 0.15148401826484018
42416 60 0.60059375 0.32587899543379 0.08890624999999999 0.06102739726027397
