3236 63 0.9420703125000001 0.823804347826087 0.11585937500000001 0.25375
3236 62 0.0736328125 0.8935190217391304 0.146953125 0.21296195652173913
3236 67 0.6745625000000001 0.9456385869565217 0.3638125 0.10872282608695652
3236 49 0.6774765625000001 0.9745380434782609 0.022953124999999998 0.027228260869565216
3236 51 0.6725546875 0.9611141304347826 0.076234375 0.04494565217391304
3236 51 0.5816796875 0.910883152173913 0.032671875 0.0402445652173913
3236 51 0.555234375 0.9841983695652174 0.05159375000000001 0.029320652173913043
3236 1 0.3932265625 0.6632608695652173 0.137234375 0.5663586956521739
3236 1 0.530421875 0.7393206521739131 0.15634375 0.32358695652173913
3236 1 0.10983593750000001 0.7842663043478261 0.191234375 0.35505434782608697
3236 1 0.43235156249999995 0.8992255434782608 0.180734375 0.20154891304347827
3236 1 0.6096484375 0.709578804347826 0.116328125 0.35404891304347824
3236 1 0.8763359375 0.8261277173913043 0.122265625 0.3477445652173913
3236 1 0.8421093749999999 0.7333288043478261 0.12459374999999999 0.4433423913043478
3236 1 0.26458593750000003 0.8884239130434782 0.165890625 0.22157608695652176
3236 46 0.59853125 0.9661141304347827 0.013718749999999998 0.06777173913043479
3236 46 0.5219296875 0.9487771739130436 0.017484375 0.08038043478260869
3236 46 0.1952265625 0.7691168478260869 0.014546875 0.07002717391304347
3236 46 0.6831406250000001 0.7688586956521739 0.013000000000000001 0.055923913043478254
3236 46 0.44945312499999995 0.6656385869565218 0.01528125 0.04035326086956521
3236 62 0.506953125 0.7917934782608695 0.122875 0.26342391304347823
3236 62 0.158390625 0.9574592391304347 0.17240625 0.08508152173913043
3236 44 0.4336953125 0.6011141304347827 0.031359375 0.0475
3236 75 0.798453125 0.9813451086956522 0.01884375 0.030842391304347825
3236 75 0.8152578125 0.9858016304347827 0.022015625 0.02839673913043478
