43077 1 0.5302187500000001 0.43617187500000004 0.028249999999999997 0.035125
43077 1 0.6375859375 0.3778125 0.016796875 0.015562500000000002
43077 1 0.5819765625 0.41741406249999996 0.013734374999999998 0.035109375
43077 1 0.8736015624999999 0.44055468750000004 0.025546875000000004 0.020421875
43077 1 0.17559375 0.40910156249999996 0.0165625 0.036109375
43077 8 0.46567968749999994 0.406375 0.143265625 0.08875
43077 9 0.5649921875 0.728453125 0.394265625 0.222375
43077 9 0.4292734375 0.6920390624999999 0.394109375 0.348328125
43077 9 0.1634453125 0.4943515625 0.326890625 0.136671875
43077 9 0.5143437499999999 0.48949999999999994 0.198125 0.079375
43077 9 0.8714531249999998 0.4522421875 0.08299999999999999 0.024734375
43077 9 0.9593984375 0.3930546875 0.042203125 0.06364062499999999
43077 1 0.1209375 0.3647578125 0.0280625 0.07082812499999999
43077 1 0.10225781250000002 0.3676640625 0.017265625 0.070421875
43077 9 0.66778125 0.4772421875 0.14378125 0.043671875
43077 9 0.7715468750000001 0.76484375 0.34821875 0.2085
43077 9 0.6613203125 0.4086015625 0.228453125 0.188765625
43077 1 0.4691171874999999 0.432328125 0.016671875 0.0703125
43077 9 0.765265625 0.41391406249999996 0.0904375 0.022921875
