18811 32 0.6436484375 0.4134451718494272 0.033828125 0.21589198036006546
18811 31 0.8395156250000001 0.38576104746317513 0.059187500000000004 0.11567921440261866
18811 31 0.9743671875000001 0.43111292962356795 0.051265625 0.18108019639934533
18811 31 0.562703125 0.44306055646481185 0.08459375 0.32867430441898526
18811 1 0.2873515625 0.5295171849427168 0.151546875 0.6240425531914894
18811 1 0.6239687500000001 0.5687561374795417 0.27184375 0.784746317512275
18811 1 0.7536640625000001 0.5216530278232406 0.117140625 0.5115548281505728
18811 1 0.9227734375000001 0.4830605564648118 0.117453125 0.4457283142389525
18811 1 0.7525859374999999 0.28016366612111293 0.050671875 0.12972176759410803
18811 1 0.7843125 0.2544353518821604 0.04440625 0.08811783960720132
18811 1 0.8006015625 0.18173486088379703 0.016265625 0.022978723404255316
18811 1 0.85315625 0.285139116202946 0.07546875 0.14612111292962357
18811 1 0.9685546875 0.33702945990180033 0.062890625 0.24302782324058922
18811 1 0.5358671875000001 0.6349427168576105 0.129046875 0.3584615384615385
18811 1 0.970140625 0.7136988543371522 0.05971875 0.4607201309328969
18811 1 0.7701953125000001 0.18279050736497546 0.015171875000000001 0.018052373158756137
18811 1 0.8707734374999999 0.21837152209492636 0.026921875 0.05445171849427169
18811 31 0.803515625 0.3463584288052373 0.038 0.039427168576104746
18811 1 0.7875 0.48117839607201307 0.215625 0.6153846153846154
