39106 62 0.37103125 0.41434684684684686 0.0799375 0.13418918918918918
39106 62 0.22521093749999999 0.4492454954954954 0.047296875 0.20641891891891892
39106 1 0.1481015625 0.5011261261261262 0.280609375 0.9618018018018019
39106 1 0.30538281250000004 0.40800675675675674 0.159734375 0.6907432432432432
39106 1 0.8551015625 0.46067567567567563 0.213578125 0.6247297297297297
39106 1 0.6072265625 0.40112612612612614 0.120046875 0.555045045045045
39106 31 0.8366484375000001 0.4003603603603604 0.102859375 0.16900900900900903
39106 75 0.331296875 0.21050675675675676 0.013250000000000001 0.025518018018018018
39106 75 0.62609375 0.32433558558558556 0.013375000000000001 0.014346846846846848
39106 75 0.9297890625 0.4426013513513513 0.019078125 0.02295045045045045
