24601 1 0.69438 0.5176 0.27976 0.74832
24601 1 0.74421 0.2694533333333333 0.11938 0.22525333333333333
24601 1 0.52136 0.17901333333333333 0.054240000000000003 0.2859733333333333
24601 1 0.39518000000000003 0.08930666666666667 0.057159999999999996 0.16816
24601 1 0.32805999999999996 0.09036000000000001 0.05644 0.1741066666666667
24601 1 0.02318 0.10208 0.04636 0.09482666666666667
24601 1 0.36065 0.09445333333333333 0.03546 0.15136
24601 43 0.77319 0.4850266666666667 0.02894 0.025946666666666666
24601 62 0.74548 0.25024 0.0974 0.11904
24601 1 0.48831 0.07250666666666666 0.048979999999999996 0.14501333333333333
