36732 20 0.7673359375000001 0.6695316159250585 0.465328125 0.6392974238875878
36732 20 0.5162890625000001 0.5643091334894613 0.043265625 0.06327868852459016
36732 1 0.3380859375 0.5164754098360655 0.427296875 0.7775409836065573
36732 1 0.8732421875 0.5003161592505855 0.094609375 0.17037470725995316
36732 77 0.22535937499999997 0.5789695550351289 0.06496874999999999 0.06491803278688524
36732 77 0.12059374999999999 0.4781030444964871 0.0134375 0.04107728337236534
36732 1 0.08696875000000001 0.46251756440281033 0.03659375 0.13421545667447307
36732 1 0.0787109375 0.7078571428571429 0.14842187499999998 0.5528103044496487
36732 1 0.39961718749999997 0.4281967213114754 0.021140625 0.027166276346604214
36732 15 0.8836953125000001 0.45064402810304444 0.232609375 0.10807962529274004
36732 19 0.4684921875 0.43779859484777517 0.075671875 0.03873536299765808
36732 20 0.7570781249999999 0.5081498829039812 0.027187499999999996 0.02622950819672131
36732 20 0.38840624999999995 0.5662763466042154 0.022593750000000003 0.06473067915690867
36732 27 0.2649375 0.5209367681498829 0.24921875 0.23498829039812646
36732 27 0.0936484375 0.4244847775175644 0.005703125 0.021662763466042154
