10149 44 0.6242890624999999 0.4733780991735537 0.077828125 0.2662190082644628
10149 44 0.79121875 0.47526859504132235 0.10896874999999999 0.25805785123966946
10149 44 0.8896796874999999 0.4614256198347107 0.06867187500000001 0.2709917355371901
10149 44 0.936046875 0.45776859504132233 0.02271875 0.2847107438016529
10149 1 0.20223437500000002 0.5376342975206613 0.39428125 0.9033677685950413
10149 49 0.4114531250000001 0.5811260330578513 0.046875 0.06609504132231404
10149 51 0.38742968749999995 0.9431714876033058 0.15101562500000001 0.11365702479338842
10149 44 0.7014453125 0.47425619834710747 0.083203125 0.261198347107438
10149 50 0.3005078125 0.5222314049586777 0.032203125 0.06925619834710744
10149 50 0.36945312500000005 0.3466219008264462 0.039718750000000004 0.2055578512396694
10149 50 0.3968125 0.32361570247933885 0.031656250000000004 0.20727272727272725
10149 50 0.33116406249999997 0.5665082644628099 0.022265625 0.035330578512396696
10149 64 0.6268125 0.10341942148760332 0.13609374999999999 0.17518595041322316
10149 47 0.8642421875 0.7469421487603306 0.074578125 0.1652066115702479
10149 47 0.7660546875 0.7464979338842975 0.072203125 0.15886363636363637
10149 47 0.676546875 0.7391632231404959 0.0699375 0.16646694214876032
10149 49 0.4280234375 0.5716838842975208 0.045859375 0.06547520661157025
10149 49 0.2544375 0.8027272727272728 0.21121875 0.05028925619834711
10149 49 0.25453125 0.8019938016528926 0.21128125 0.05167355371900827
10149 49 0.4322109375 0.5563739669421488 0.054796875 0.07130165289256198
