45343 3 0.0846796875 0.26236458333333335 0.07257812500000001 0.04302083333333333
45343 3 0.090171875 0.46180208333333334 0.18034375 0.3573125
45343 3 0.145703125 0.27460416666666665 0.074375 0.15175
45343 3 0.318296875 0.6560624999999999 0.4766875 0.43775000000000003
45343 3 0.1695234375 0.14480208333333333 0.146890625 0.0853125
45343 6 0.589046875 0.48202083333333334 0.8207812499999999 0.7438333333333333
45343 1 0.06389843749999999 0.7868124999999999 0.12442187499999999 0.3949166666666667
45343 1 0.13059375 0.7874791666666667 0.1144375 0.4250416666666667
45343 8 0.0897734375 0.459625 0.179546875 0.3710833333333333
45343 1 0.9430156249999999 0.42171875000000003 0.09196875 0.1220625
45343 8 0.17178125 0.14402083333333332 0.14415625 0.08108333333333334
45343 8 0.1472109375 0.26427083333333334 0.079078125 0.12712500000000002
45343 8 0.0166171875 0.21979166666666666 0.033234375 0.11508333333333334
