32220 9 0.3788359375 0.24811550151975684 0.09907812499999999 0.20164133738601825
32220 9 0.4862265625 0.29908814589665655 0.067265625 0.17227963525835865
32220 9 0.9332578125000002 0.37357142857142855 0.062734375 0.0639209726443769
32220 9 0.5627968750000001 0.4226899696048632 0.069625 0.14671732522796355
32220 9 0.7957890624999999 0.23361702127659575 0.084859375 0.1923404255319149
32220 9 0.57125 0.23819148936170212 0.06815625 0.10787234042553193
32220 9 0.7116015625000001 0.24682370820668692 0.108578125 0.22021276595744682
32220 1 0.045351562500000005 0.5979483282674772 0.022203125 0.13680851063829785
32220 1 0.06227343750000001 0.5879483282674772 0.016421875 0.14562310030395137
32220 9 0.85375 0.24890577507598785 0.05565625 0.11112462006079028
