46242 20 0.9611171875 0.7110630841121495 0.017234375 0.0322196261682243
46242 20 0.8391328125000002 0.7110397196261682 0.036921875 0.027593457943925235
46242 20 0.707984375 0.7223714953271029 0.0641875 0.044042056074766356
46242 20 0.6699531249999999 0.7356425233644859 0.05059375000000001 0.035397196261682244
46242 20 0.6593906250000001 0.7147079439252336 0.027250000000000003 0.015443925233644861
46242 20 0.36628906250000004 0.7153271028037383 0.015296874999999998 0.01897196261682243
46242 21 0.56909375 0.7329672897196262 0.05184375 0.04046728971962617
46242 21 0.7564062500000001 0.7532710280373832 0.054093749999999996 0.05364485981308412
46242 21 0.7216171875 0.7257242990654206 0.036671875 0.03467289719626168
46242 21 0.6707421875 0.7343224299065421 0.053078125 0.04060747663551401
46242 21 0.8398984374999999 0.7106542056074767 0.034109375 0.025934579439252335
46242 21 0.7030390625 0.724497663551402 0.014984375 0.03119158878504673
46242 21 0.3639921875 0.7127686915887851 0.032390625 0.029275700934579436
46242 21 0.33376562499999995 0.7315186915887851 0.04740625 0.037570093457943925
46242 21 0.31021875000000004 0.715338785046729 0.029656250000000002 0.024182242990654204
46242 21 0.2632890625 0.7183177570093457 0.021890625 0.025186915887850467
46242 21 0.6596015625 0.7110280373831775 0.025703125 0.016308411214953272
46242 21 0.73284375 0.7034929906542056 0.01840625 0.012640186915887851
46242 20 0.1094453125 0.7214252336448598 0.016765625 0.024626168224299062
46242 21 0.5834531249999999 0.6935280373831776 0.01278125 0.015514018691588784
46242 21 0.69140625 0.7044392523364486 0.0359375 0.02570093457943925
