4108 62 0.6897500000000001 0.28596875 0.16366666666666668 0.14709375
4108 47 0.8552812500000001 0.885078125 0.1910625 0.21553125
4108 58 0.45305208333333336 0.766 0.11039583333333333 0.09990625
4108 31 0.94753125 0.17915625 0.10493749999999999 0.139875
4108 47 0.6274895833333333 0.5510625 0.11464583333333334 0.16309374999999998
4108 47 0.5629791666666667 0.506328125 0.10099999999999999 0.15078125
4108 47 0.6893437500000001 0.4990859375 0.10693749999999999 0.150703125
4108 47 0.9305 0.9625937500000001 0.13899999999999998 0.0748125
4108 47 0.44721875 0.19325781250000001 0.06147916666666667 0.060890625
4108 50 0.8479895833333334 0.7808984375 0.0458125 0.162703125
4108 51 0.3902291666666667 0.9417031250000001 0.25954166666666667 0.11659375000000001
4108 51 0.93178125 0.9618984375 0.1364375 0.07620312500000001
4108 58 0.5641354166666667 0.7550859375 0.11889583333333334 0.073171875
4108 58 0.5498437500000001 0.695671875 0.1260625 0.06065625
4108 58 0.38527083333333334 0.7273515625 0.10766666666666666 0.08495312499999999
4108 58 0.48903125000000003 0.5880390625 0.07406249999999999 0.054671875
4108 58 0.5492812499999999 0.6117812499999999 0.08502083333333334 0.05615625
4108 58 0.7295104166666667 0.62221875 0.1148125 0.056999999999999995
4108 58 0.45009375 0.6805546875 0.11597916666666667 0.093015625
4108 58 0.5302916666666666 0.64953125 0.106625 0.0560625
4108 58 0.7612812499999999 0.6731640624999999 0.10347916666666666 0.059515625
4108 61 0.5677916666666667 0.264046875 0.06891666666666667 0.0426875
4108 62 0.9638749999999999 0.49613281249999996 0.07225 0.11551562500000001
4108 67 0.42366666666666664 0.44106249999999997 0.7599166666666667 0.4795625
4108 1 0.95028125 0.160921875 0.09764583333333333 0.32184375
4108 1 0.5632916666666666 0.12711718749999998 0.4075 0.25392187499999996
4108 48 0.442125 0.1566015625 0.018541666666666668 0.030359375
4108 48 0.6533229166666666 0.46457031249999997 0.0834375 0.082890625
4108 48 0.6106666666666667 0.447984375 0.0485 0.09334375
4108 48 0.34420833333333334 0.9307265625000001 0.12729166666666666 0.138546875
4108 61 0.31011458333333336 0.28865624999999995 0.21947916666666664 0.059687500000000004
4108 61 0.4649479166666667 0.2751953125 0.05072916666666667 0.034171875000000004
4108 61 0.517 0.3150703125 0.04429166666666667 0.046578125
4108 61 0.5246354166666667 0.21897656249999997 0.06197916666666667 0.037515625000000004
4108 61 0.41566666666666663 0.49084374999999997 0.10045833333333333 0.041999999999999996
4108 61 0.2580104166666667 0.4922109375 0.07272916666666666 0.054546874999999995
4108 61 0.20194791666666667 0.43079687499999997 0.09460416666666666 0.04571875
4108 61 0.5038229166666667 0.42140625 0.055187499999999994 0.045406249999999995
4108 61 0.3428854166666666 0.3466328125 0.31035416666666665 0.102359375
4108 61 0.6380729166666667 0.30414062499999994 0.0433125 0.031875
4108 62 0.11775000000000001 0.7636328125 0.23550000000000001 0.47273437500000004
4108 1 0.8609791666666667 0.40409375000000003 0.2780416666666667 0.24484374999999997
4108 50 0.5418958333333334 0.40528906249999996 0.039375 0.113671875
4108 58 0.23238541666666668 0.6887109375 0.08693749999999999 0.06932812499999999
4108 62 0.08089583333333333 0.561015625 0.16179166666666667 0.175625
4108 47 0.6194479166666667 0.35805468749999997 0.0835625 0.089796875
4108 58 0.33288541666666666 0.694921875 0.12614583333333332 0.08434375
4108 58 0.8608229166666668 0.6790468749999999 0.12147916666666667 0.0595625
4108 58 0.32058333333333333 0.640421875 0.04041666666666666 0.042249999999999996
4108 58 0.634375 0.71171875 0.7270833333333333 0.3984375
