27136 32 0.3308631921824104 0.42296093749999997 0.05785016286644952 0.284265625
27136 32 0.5599022801302931 0.41666406250000004 0.06338762214983713 0.26351562500000003
27136 32 0.7407736156351791 0.40521875000000007 0.06838762214983714 0.26984375
27136 1 0.7730130293159609 0.543734375 0.4127361563517915 0.91253125
27136 1 0.5363599348534202 0.5574375 0.26408794788273615 0.8542500000000001
27136 1 0.9644218241042345 0.297375 0.07115635179153094 0.2826875
27136 1 0.6405700325732899 0.1711015625 0.12234527687296418 0.19498437500000002
27136 1 0.29578175895765474 0.5608984374999999 0.43250814332247556 0.878203125
27136 1 0.8649837133550489 0.22800781250000002 0.08055374592833876 0.08367187499999999
27136 1 0.2520032573289902 0.8202265624999999 0.0795114006514658 0.270109375
