33494 19 0.5131953125 0.5581875000000001 0.764546875 0.838375
33494 1 0.1380390625 0.2632291666666667 0.051546875000000006 0.15641666666666668
33494 1 0.04909375 0.4622708333333333 0.0955625 0.5837083333333334
33494 1 0.7147421875 0.163125 0.053890625000000004 0.09441666666666666
33494 1 0.7996562500000001 0.17561458333333332 0.0526875 0.08985416666666667
33494 1 0.78353125 0.17167708333333334 0.042812499999999996 0.10731249999999999
33494 27 0.8781328125 0.24504166666666669 0.055109375 0.053375
33494 1 0.27537500000000004 0.20733333333333331 0.07384375 0.05725
33494 62 0.10106250000000001 0.33218749999999997 0.0615 0.09145833333333334
33494 62 0.08953124999999999 0.2777395833333333 0.04240625 0.0300625
