13220 62 0.45234375 0.36404205607476636 0.14428125 0.17079439252336448
13220 67 0.43703125 0.6811565420560747 0.529875 0.6049766355140187
13220 1 0.30885937500000005 0.30967289719626173 0.18384375 0.4146261682242991
13220 1 0.67478125 0.587838785046729 0.3645 0.6891822429906542
13220 1 0.8494609375 0.32882009345794394 0.09617187499999999 0.21497663551401872
13220 47 0.4694999999999999 0.5243341121495327 0.038906249999999996 0.0558177570093458
13220 51 0.3620234375 0.5513317757009346 0.135578125 0.06401869158878504
13220 46 0.470796875 0.49918224299065417 0.04271875 0.19457943925233645
13220 46 0.46233593749999996 0.4255140186915888 0.037328125000000004 0.16948598130841122
13220 46 0.606359375 0.4176635514018691 0.049062499999999995 0.22070093457943923
13220 1 0.9207656250000001 0.5214719626168224 0.1521875 0.4886448598130841
13220 46 0.6828828125 0.40503504672897195 0.039609375 0.08848130841121495
13220 51 0.40519531249999996 0.46047897196261683 0.107515625 0.059883177570093454
13220 51 0.5564921875000001 0.4243341121495327 0.06029687500000001 0.04535046728971963
13220 51 0.595671875 0.5413668224299065 0.045406249999999995 0.0344626168224299
13220 51 0.8409609375 0.42339953271028036 0.019953125 0.03357476635514019
13220 62 0.964671875 0.4057126168224299 0.0215 0.12446261682242991
13220 62 0.2082421875 0.4353855140186916 0.046578125 0.17478971962616824
13220 62 0.1368359375 0.748820093457944 0.273671875 0.49894859813084114
