40906 32 0.302453125 0.8521794871794872 0.1411875 0.2956410256410256
40906 62 0.7329687500000001 0.7657575757575757 0.1464375 0.3265734265734266
40906 62 0.38035156249999996 0.8386363636363636 0.085859375 0.2943822843822844
40906 1 0.556296875 0.6745920745920745 0.33128125 0.6265734265734266
40906 1 0.62625 0.5368764568764569 0.057937499999999996 0.27986013986013986
40906 1 0.7100625 0.506993006993007 0.1035625 0.2151981351981352
40906 1 0.3250546875 0.5721328671328672 0.057109375 0.34403263403263407
40906 46 0.9833046874999999 0.8198251748251748 0.033390625 0.16463869463869463
40906 46 0.9233593750000001 0.8022494172494173 0.06475 0.1541025641025641
40906 67 0.7161171875 0.60506993006993 0.295546875 0.16463869463869463
40906 1 0.266453125 0.6907575757575757 0.050687499999999996 0.1175058275058275
40906 62 0.9359453125 0.7105594405594405 0.128109375 0.2202797202797203
40906 67 0.893390625 0.9054778554778554 0.19528125000000002 0.18848484848484848
40906 1 0.19239062499999998 0.5960955710955711 0.38478124999999996 0.787016317016317
40906 1 0.3813125 0.5760955710955711 0.026500000000000003 0.22627039627039625
40906 1 0.02515625 0.47754079254079257 0.04971875 0.4256177156177156
