24239 37 0.365828125 0.23725352112676057 0.05209375000000001 0.07502347417840376
24239 1 0.2531796875 0.5019600938967136 0.17879687500000002 0.744906103286385
24239 1 0.37301562499999996 0.6668779342723006 0.11465624999999999 0.5771830985915493
24239 1 0.42330468749999994 0.5622300469483568 0.170515625 0.5505633802816902
24239 4 0.5184375 0.649237089201878 0.050562499999999996 0.05640845070422536
24239 1 0.2641171875 0.6657511737089202 0.033203125 0.1252112676056338
24239 1 0.18594531250000002 0.6842723004694836 0.034609375 0.082018779342723
24239 1 0.791015625 0.5965140845070422 0.0885625 0.3659389671361502
24239 1 0.1318125 0.6685915492957746 0.01209375 0.020751173708920188
24239 1 0.7049609374999999 0.6021361502347418 0.105734375 0.34694835680751174
24239 1 0.8134218750000001 0.5891431924882629 0.0120625 0.04255868544600939
24239 15 0.1122265625 0.717218309859155 0.038265625 0.04190140845070423
24239 15 0.16353125000000002 0.6981220657276995 0.016875 0.008215962441314555
24239 27 0.262828125 0.6429577464788733 0.01553125 0.0392018779342723
24239 1 0.08959375 0.6856690140845071 0.0195 0.03809859154929578
24239 1 0.15301562500000002 0.6917018779342722 0.0203125 0.07077464788732395
24239 1 0.9268906249999999 0.580868544600939 0.00721875 0.02615023474178404
24239 15 0.0125859375 0.7205399061032863 0.025171875 0.03915492957746479
24239 15 0.139859375 0.7016901408450704 0.01821875 0.006478873239436619
24239 15 0.0600546875 0.7161032863849764 0.026109375 0.034178403755868544
24239 15 0.1689140625 0.6931924882629108 0.022828124999999998 0.02352112676056338
24239 1 0.24704687499999997 0.6238967136150235 0.007656250000000001 0.029906103286384978
24239 1 0.45390625 0.6443661971830986 0.8765625 0.20422535211267606
