32068 63 0.225 0.7554479166666667 0.44356249999999997 0.4645208333333333
32068 63 0.7169375 0.6677395833333333 0.52096875 0.5913958333333333
32068 62 0.7367421875 0.31923958333333335 0.026421875 0.12847916666666667
32068 62 0.8280625 0.3114895833333334 0.07668749999999999 0.12560416666666666
32068 67 0.8351171875000001 0.30225 0.166859375 0.06066666666666667
32068 1 0.7097265625 0.5896979166666667 0.312078125 0.4362291666666666
32068 73 0.7364765625 0.6134375000000001 0.149703125 0.13583333333333333
32068 52 0.348703125 0.23471874999999998 0.022625 0.0353125
32068 53 0.33078906249999995 0.24477083333333333 0.014953125000000001 0.016166666666666666
32068 53 0.3213828125 0.23815624999999999 0.010578124999999999 0.018187500000000002
32068 78 0.6285234375 0.22629166666666667 0.065359375 0.05083333333333333
32068 62 0.8610390625 0.35325 0.089609375 0.17141666666666666
32068 62 0.9337109374999999 0.30232291666666666 0.023484375 0.08172916666666666
32068 79 0.3150625 0.36266666666666664 0.0889375 0.21108333333333332
