6220 49 0.10203906250000001 0.4387411764705882 0.151234375 0.04698823529411764
6220 50 0.45688281249999996 0.9078117647058823 0.173921875 0.05091764705882353
6220 51 0.28337500000000004 0.3435647058823529 0.1331875 0.20618823529411764
6220 51 0.2889453125 0.5650941176470589 0.123296875 0.19014117647058823
6220 51 0.6306093749999999 0.3128705882352941 0.17446875 0.25830588235294116
6220 51 0.40853906249999994 0.08847058823529412 0.10398437499999999 0.17694117647058824
6220 51 0.43721875 0.3382117647058824 0.13378125000000002 0.20145882352941177
6220 47 0.9700234374999999 0.4040823529411765 0.059953124999999996 0.14185882352941176
6220 55 0.06602343749999999 0.3788941176470588 0.097046875 0.08809411764705882
6220 55 0.0883984375 0.33687058823529414 0.11126562499999999 0.18051764705882353
6220 55 0.0745 0.33585882352941177 0.08403125 0.10564705882352941
6220 67 0.5010546875 0.4937882352941177 0.9952343750000001 0.9715764705882354
6220 44 0.6403046874999999 0.0983764705882353 0.078390625 0.15063529411764706
