32646 64 0.82954 0.5023466666666666 0.08344 0.25376
32646 62 0.4826 0.6875733333333334 0.17504 0.26122666666666666
32646 62 0.28453 0.47944000000000003 0.11434 0.049600000000000005
32646 62 0.28940999999999995 0.6646266666666666 0.1585 0.16456
32646 63 0.31129 0.8021466666666667 0.61614 0.39570666666666665
32646 67 0.37845 0.5721200000000001 0.58074 0.1476
32646 62 0.4466 0.4766933333333333 0.10024 0.04938666666666667
32646 64 0.37734999999999996 0.48195999999999994 0.0659 0.12701333333333334
32646 64 0.9609200000000001 0.6263066666666667 0.07816 0.246
32646 75 0.62663 0.56332 0.0173 0.03181333333333333
