41180 21 0.472429906542056 0.5466171875 0.5900467289719626 0.5149843749999999
41180 21 0.5523481308411214 0.6051249999999999 0.5923598130841121 0.33190624999999996
41180 1 0.5754556074766356 0.3850546875 0.07703271028037383 0.155828125
41180 1 0.7741939252336449 0.38696875000000003 0.056285046728971964 0.09965625
41180 1 0.919661214953271 0.38987499999999997 0.024602803738317757 0.08071874999999999
41180 1 0.33988317757009345 0.381921875 0.020233644859813084 0.0386875
41180 1 0.2698948598130841 0.3792109375 0.021004672897196264 0.040640625
41180 1 0.3106658878504673 0.3748671875 0.033014018691588785 0.059703125
41180 1 0.859053738317757 0.3931953125 0.022266355140186916 0.043328125
41180 1 0.9043925233644861 0.3928671875 0.015093457943925234 0.045859375
41180 1 0.9512500000000002 0.395046875 0.020630841121495328 0.04140625
41180 1 0.28796728971962615 0.3777890625 0.02135514018691589 0.043546875
41180 1 0.6974999999999999 0.37794531249999996 0.005093457943925234 0.006390625
41180 1 0.06206775700934579 0.37240625 0.022827102803738317 0.04378125
41180 1 0.08665887850467291 0.3726328125 0.02280373831775701 0.039703125
41180 27 0.46769859813084114 0.3374140625 0.05796728971962616 0.054421874999999995
41180 1 0.48364485981308414 0.353125 0.9345794392523364 0.140625
