47192 62 0.27162000000000003 0.6647333333333334 0.07264 0.14749333333333334
47192 62 0.21545999999999998 0.6755866666666666 0.09115999999999999 0.13976
47192 62 0.11813999999999998 0.74052 0.11896 0.26050666666666666
47192 62 0.16929 0.6436933333333333 0.04958 0.11495999999999999
47192 63 0.28667000000000004 0.8454666666666667 0.38062 0.27194666666666667
47192 67 0.09763 0.7268933333333333 0.19434 0.22530666666666666
47192 1 0.20577 0.7624399999999999 0.06686 0.14413333333333334
47192 73 0.36949 0.8349199999999999 0.06374 0.09079999999999999
47192 62 0.7459199999999999 0.896 0.19884000000000002 0.208
47192 62 0.42046999999999995 0.7335866666666667 0.15802000000000002 0.21837333333333334
47192 62 0.00897 0.6810666666666666 0.0175 0.18389333333333333
