31748 3 0.11860937499999999 0.7196518105849583 0.13471875 0.1764066852367688
31748 3 0.698703125 0.6540807799442897 0.033187499999999995 0.0435933147632312
31748 6 0.35546875 0.6185376044568245 0.342875 0.34604456824512536
31748 6 0.54915625 0.6170891364902507 0.04259375 0.08448467966573815
31748 1 0.06265625 0.6535654596100279 0.0268125 0.1335376044568245
31748 1 0.0836015625 0.6387186629526462 0.037328125000000004 0.14011142061281337
31748 1 0.8701484374999999 0.6676880222841225 0.018359375 0.11047353760445681
31748 1 0.8601015625 0.693091922005571 0.014421875 0.06183844011142061
31748 1 0.7968203125 0.6547075208913649 0.020328125 0.07972144846796658
31748 1 0.783140625 0.6535933147632311 0.01028125 0.07905292479108635
31748 1 0.10292187500000001 0.6413370473537605 0.01203125 0.08785515320334261
31748 3 0.611375 0.6185097493036211 0.012375 0.01657381615598886
31748 1 0.848640625 0.6384540389972145 0.0138125 0.03707520891364903
31748 1 0.8445859375 0.6866295264623955 0.010859375000000001 0.06846796657381615
31748 3 0.6538125 0.6354874651810585 0.025312499999999998 0.02596100278551532
