34223 62 0.10318000000000001 0.44544000000000006 0.13256 0.2449066666666667
34223 62 0.22234 0.46805333333333327 0.08996 0.08906666666666667
34223 1 0.32359 0.3921333333333334 0.20898 0.7842666666666668
34223 1 0.5195 0.3855866666666667 0.1148 0.7548533333333333
34223 1 0.62697 0.41250666666666674 0.22246000000000002 0.79776
34223 1 0.88904 0.40240000000000004 0.21068 0.7730133333333333
34223 47 0.8827200000000001 0.23928000000000002 0.03052 0.07850666666666667
34223 75 0.54139 0.23327999999999996 0.01598 0.07552
34223 67 0.03286 0.3672933333333333 0.06148 0.017733333333333334
34223 75 0.71489 0.14257333333333333 0.01662 0.01576
34223 18 0.21413 0.8671866666666668 0.1077 0.15149333333333334
