38155 1 0.118921875 0.45971830985915496 0.055343750000000004 0.19774647887323943
38155 1 0.15090625 0.45965962441314556 0.097375 0.24241784037558683
38155 1 0.2558515625 0.4894600938967136 0.11517187499999999 0.3018779342723005
38155 1 0.6044609375000001 0.44922535211267606 0.07182812499999999 0.20079812206572772
38155 1 0.8493906250000001 0.46792253521126753 0.09506250000000001 0.46363849765258214
38155 1 0.9864374999999999 0.42238262910798124 0.027125 0.23565727699530517
38155 34 0.12173437499999999 0.35569248826291083 0.027125 0.029788732394366198
38155 1 0.8045 0.45768779342723004 0.041999999999999996 0.24908450704225352
38155 1 0.21326562500000001 0.4697300469483568 0.0359375 0.19955399061032866
38155 1 0.03621875 0.4941197183098592 0.06540625 0.3319014084507042
38155 1 0.77184375 0.4361267605633803 0.0385 0.1972300469483568
