18075 28 0.43351288056206094 0.43588281250000005 0.4150819672131148 0.21554687499999997
18075 28 0.7609953161592505 0.263625 0.3615222482435597 0.13121875
18075 28 0.09556206088992975 0.3771796875 0.17772833723653395 0.073828125
18075 1 0.40572599531615927 0.7283984375 0.3218969555035128 0.5033593749999999
18075 1 0.7987587822014052 0.6548437500000001 0.4024824355971897 0.6903125
18075 1 0.08588992974238875 0.47303125 0.09768149882903981 0.18203125
18075 1 0.6040983606557376 0.545390625 0.20215456674473067 0.51903125
18075 1 0.7461826697892272 0.3387734375 0.06496487119437938 0.058453124999999995
18075 31 0.2694847775175644 0.5705546875 0.07517564402810305 0.136859375
18075 31 0.12388758782201405 0.42941406249999997 0.05091334894613583 0.074296875
18075 31 0.6619320843091334 0.806640625 0.1717798594847775 0.22696875
