18934 28 0.4184730538922155 0.27997000000000005 0.5107784431137724 0.38462
18934 28 0.7922305389221558 0.06967 0.4003293413173653 0.06742000000000001
18934 62 0.9288772455089821 0.36473999999999995 0.10859281437125749 0.15392
18934 62 0.8067365269461078 0.37233 0.1437125748502994 0.16266
18934 1 0.36920658682634727 0.24455000000000002 0.09859281437125748 0.10962000000000001
18934 15 0.23119760479041915 0.39314 0.3704191616766467 0.12552
18934 15 0.45446107784431133 0.26018 0.18443113772455091 0.07944
18934 43 0.7977844311377245 0.465 0.2923952095808383 0.1242
18934 1 0.47726047904191626 0.24614999999999998 0.09907185628742517 0.07034
18934 28 0.9617964071856288 0.14564000000000002 0.03952095808383233 0.03424
18934 62 0.21303892215568862 0.27001 0.05224550898203593 0.06178
18934 62 0.1268862275449102 0.26536000000000004 0.054251497005988025 0.0718
18934 62 0.9273203592814371 0.24793 0.10979041916167666 0.0999
18934 1 0.46076347305389215 0.52208 0.6960179640718562 0.54544
