26027 32 0.2713231850117096 0.0664296875 0.013419203747072601 0.022984375
26027 4 0.5486182669789228 0.5729296875 0.9027634660421546 0.747203125
26027 1 0.7477283372365339 0.17865625 0.21555035128805622 0.34831249999999997
26027 1 0.45139344262295084 0.093 0.11051522248243559 0.18434375
26027 1 0.5942271662763466 0.1101953125 0.1163231850117096 0.218984375
26027 1 0.8827166276346604 0.1263203125 0.10177985948477752 0.25192187499999996
26027 1 0.9360187353629976 0.15489843749999999 0.12796252927400467 0.276828125
26027 1 0.1544847775175644 0.12321875 0.09824355971896956 0.2376875
26027 1 0.2615807962529274 0.07984375 0.25482435597189695 0.14596875
26027 1 0.5286533957845434 0.0581875 0.08161592505854802 0.116375
26027 1 0.39885245901639343 0.32371875 0.5749882903981265 0.4636875
26027 1 0.3132903981264637 0.1343125 0.1476112412177986 0.145375
26027 4 0.9357611241217798 0.3879921875 0.12847775175644027 0.278953125
26027 1 0.6419906323185012 0.11271093749999998 0.05250585480093677 0.21857812499999998
