48014 18 0.6247265625 0.5782786885245902 0.128046875 0.3596018735362998
48014 3 0.9476328125 0.35411007025761126 0.10120312499999999 0.2518735362997658
48014 3 0.675796875 0.38967213114754096 0.23531249999999998 0.20430913348946134
48014 3 0.8522812499999999 0.3344028103044496 0.1693125 0.20430913348946134
48014 3 0.0948046875 0.2743793911007026 0.056015625 0.07704918032786885
48014 3 0.30183593750000004 0.29795081967213116 0.091890625 0.11149882903981265
48014 1 0.42355468749999997 0.40224824355971894 0.163421875 0.6831381733021077
48014 1 0.13493750000000002 0.433711943793911 0.1229375 0.24718969555035128
48014 1 0.21130468750000003 0.3980913348946136 0.06867187500000001 0.2021311475409836
48014 1 0.376359375 0.4799882903981264 0.19090625 0.3499063231850117
48014 15 0.28850781249999996 0.5360421545667446 0.186328125 0.3445901639344262
48014 8 0.042828125 0.2747658079625293 0.08565625 0.11936768149882904
48014 8 0.21789062499999998 0.28566744730679156 0.12175 0.16599531615925056
48014 3 0.32351562500000003 0.25524590163934424 0.048343750000000005 0.06838407494145199
