44922 47 0.21101999999999999 0.23145645645645646 0.15563999999999997 0.3415915915915916
44922 60 0.47772 0.44003003003003005 0.15688 0.20648648648648651
44922 60 0.3233 0.4830630630630631 0.16276 0.24438438438438437
44922 60 0.63762 0.3372822822822823 0.16408 0.1909009009009009
44922 60 0.6129300000000001 0.137987987987988 0.17438 0.22462462462462462
44922 60 0.45123 0.15504504504504504 0.16013999999999998 0.21573573573573573
44922 60 0.49760000000000004 0.2888288288288289 0.16008 0.15435435435435435
44922 60 0.31149 0.3076726726726727 0.1705 0.1915015015015015
44922 60 0.32882 0.18683183183183183 0.15380000000000002 0.2072972972972973
44922 60 0.219 0.2915015015015015 0.101 0.18198198198198198
44922 67 0.5 0.6096996996996997 1.0 0.7806006006006005
44922 47 0.9771 0.15621621621621623 0.027440000000000003 0.27231231231231234
44922 60 0.46187 0.6701351351351351 0.16606 0.17660660660660663
44922 60 0.73349 0.5075525525525525 0.12534 0.1417117117117117
44922 60 0.72112 0.6381681681681681 0.1608 0.18138138138138138
44922 51 0.50554 0.7735735735735736 0.69016 0.38342342342342345
44922 60 0.20434 0.421966966966967 0.13256 0.16117117117117116
44922 60 0.464 0.44744744744744747 0.756 0.6426426426426426
