43171 18 0.76071 0.8787873754152824 0.14474 0.15757475083056477
43171 62 0.5754600000000001 0.7915448504983389 0.14628 0.3698671096345515
43171 67 0.6827300000000001 0.7376744186046512 0.43466000000000005 0.3801328903654485
43171 62 0.8150799999999999 0.7550664451827243 0.07984000000000001 0.19325581395348837
43171 62 0.6396900000000001 0.684767441860465 0.08618 0.31817275747508306
43171 62 0.93978 0.7296511627906976 0.12043999999999999 0.36561461794019934
43171 51 0.8098099999999999 0.5779900332225915 0.07306 0.05451827242524917
43171 51 0.7190500000000001 0.5725415282392027 0.07342 0.049534883720930234
43171 47 0.67813 0.595531561461794 0.0213 0.03850498338870432
43171 47 0.63685 0.5625415282392027 0.01902 0.03425249169435216
43171 51 0.77744 0.5653820598006645 0.05316 0.052358803986710965
43171 62 0.8525 0.5995182724252492 0.049 0.13903654485049835
