26438 7 0.511703125 0.4842757009345794 0.41628125000000005 0.19999999999999998
26438 1 0.707671875 0.7365654205607477 0.12237499999999998 0.5268691588785047
26438 1 0.8836562500000001 0.2741588785046729 0.18634375 0.35504672897196266
26438 1 0.274265625 0.49887850467289724 0.25396874999999997 0.8764018691588785
26438 1 0.05259375000000001 0.5022429906542055 0.10218750000000001 0.9955140186915887
26438 1 0.9452734375 0.5644742990654206 0.108203125 0.8382009345794392
26438 1 0.7228125000000001 0.1746495327102804 0.017343749999999998 0.03275700934579439
26438 1 0.7057578125 0.17866822429906543 0.011765625 0.02336448598130841
26438 1 0.9780234375000001 0.11398364485981308 0.043953124999999996 0.09563084112149532
26438 1 0.65090625 0.17096962616822428 0.00975 0.0325
26438 31 0.8720156250000001 0.34214953271028037 0.01528125 0.1966355140186916
26438 62 0.7809453124999999 0.4151168224299065 0.099703125 0.12649532710280373
26438 1 0.581375 0.16751168224299065 0.037593749999999995 0.03535046728971963
26438 1 0.5572421875000001 0.1730373831775701 0.014578125 0.03172897196261682
26438 7 0.44983593749999995 0.17237149532710277 0.026453125 0.026004672897196265
26438 1 0.7994375 0.1782943925233645 0.013625000000000002 0.03336448598130841
26438 1 0.64609375 0.169392523364486 0.4265625 0.08177570093457943
