38449 3 0.7206171875 0.3471548117154812 0.558765625 0.5785355648535565
38449 1 0.306296875 0.5516841004184101 0.24671875000000001 0.8741631799163181
38449 1 0.6899375 0.4125523012552301 0.2679375 0.7623430962343096
38449 31 0.408796875 0.535439330543933 0.10640625 0.23656903765690376
38449 31 0.7136328125 0.3974267782426778 0.158046875 0.39234309623430963
38449 33 0.6763828125 0.8539330543933055 0.318890625 0.2651882845188285
38449 3 0.40661718750000003 0.04439330543933054 0.061921875 0.053807531380753136
38449 3 0.349234375 0.03748953974895397 0.0589375 0.06217573221757322
38449 3 0.520046875 0.042499999999999996 0.10465625 0.06725941422594142
38449 33 0.28396875 0.854163179916318 0.21006249999999999 0.23175732217573222
