38934 7 0.37353125 0.5408958333333334 0.41425 0.24887499999999999
38934 9 0.6511015625 0.04302083333333333 0.076765625 0.06870833333333333
38934 9 0.5114609375000001 0.040281250000000005 0.078421875 0.0574375
38934 9 0.3218515625 0.0259375 0.063046875 0.041666666666666664
38934 9 0.3453984375 0.0640625 0.034796875 0.034
38934 1 0.964140625 0.31686458333333334 0.0130625 0.041312499999999995
38934 1 0.8942890625000001 0.29698958333333336 0.014328125 0.03735416666666667
38934 1 0.9741796875000001 0.3202083333333333 0.012109375 0.037375000000000005
38934 1 0.8869609374999999 0.3133020833333333 0.010953125 0.03152083333333334
38934 1 0.6297187500000001 0.1135625 0.0083125 0.008666666666666666
38934 1 0.9839296875000001 0.352125 0.013109375000000001 0.03941666666666667
38934 1 0.46375781250000003 0.44425000000000003 0.014890625 0.060375
38934 1 0.64484375 0.1129375 0.00596875 0.010875
38934 1 0.649328125 0.11143750000000001 0.00290625 0.005916666666666666
38934 1 0.48607031250000005 0.054218749999999996 0.003046875 0.011395833333333332
