38380 39 0.20846875000000004 0.533125 0.10049999999999999 0.10722826086956522
38380 27 0.7539374999999999 0.8593342391304348 0.0938125 0.2219836956521739
38380 27 0.9102734375000001 0.8256521739130436 0.156109375 0.15070652173913043
38380 33 0.7193515625 0.8780842391304348 0.17220312499999998 0.203125
38380 1 0.5769453125 0.44457880434782604 0.187359375 0.5258423913043478
38380 1 0.6112734375000001 0.5285326086956522 0.09764062500000001 0.5960869565217392
38380 1 0.76765625 0.5477038043478261 0.1550625 0.6199184782608695
38380 1 0.814765625 0.4218614130434783 0.046125 0.2625815217391304
38380 1 0.9520078125000001 0.5264130434782609 0.091703125 0.5304347826086956
38380 1 0.6917187499999999 0.39317934782608693 0.0125 0.10309782608695651
38380 1 0.3305625 0.3579755434782609 0.0155 0.09513586956521738
38380 1 0.34508593750000005 0.3628804347826087 0.017140625 0.11543478260869565
38380 1 0.38569531249999994 0.41573369565217394 0.187359375 0.32809782608695653
38380 1 0.4668828125 0.3761141304347826 0.013859374999999998 0.057119565217391303
38380 3 0.8898203125 0.3975 0.031171874999999998 0.08679347826086957
38380 27 0.676046875 0.8771195652173914 0.0900625 0.2027717391304348
38380 40 0.44173437499999996 0.5561005434782608 0.037875 0.07073369565217391
38380 40 0.8341328125 0.5849320652173913 0.022578124999999998 0.06567934782608696
38380 40 0.9585156249999999 0.6309239130434783 0.04740625 0.09728260869565217
38380 39 0.6618906250000001 0.34438858695652175 0.01715625 0.022635869565217393
38380 1 0.702828125 0.5569429347826087 0.06290625 0.44823369565217386
38380 15 0.7808515625 0.8086684782608695 0.43360937499999996 0.225
38380 40 0.63946875 0.42195652173913045 0.02475 0.07304347826086956
38380 40 0.3484140625 0.3768885869565218 0.010140625 0.021168478260869567
38380 1 0.8416640625000001 0.40967391304347833 0.018671874999999998 0.09793478260869565
38380 1 0.12321875 0.3675407608695652 0.144875 0.47013586956521736
38380 1 0.5171875 0.47282608695652173 0.95 0.45108695652173914
