12838 44 0.39273437499999997 0.40990624999999997 0.0625 0.1914375
12838 44 0.6214453125 0.35502083333333334 0.051515624999999995 0.16912500000000003
12838 44 0.18539062499999998 0.16645833333333335 0.044 0.13216666666666665
12838 62 0.0556171875 0.43483333333333335 0.09439062499999999 0.1415833333333333
12838 62 0.357953125 0.37702083333333325 0.20224999999999999 0.1564583333333333
12838 67 0.3095703125 0.5785208333333334 0.605703125 0.413875
12838 58 0.36671875 0.6108541666666666 0.1150625 0.08983333333333333
12838 58 0.19040625000000003 0.6077083333333334 0.10959375 0.09545833333333334
12838 58 0.2356015625 0.5913958333333333 0.09426562499999999 0.09458333333333332
12838 58 0.4606328125 0.5111979166666667 0.09473437500000001 0.03827083333333334
12838 58 0.30543750000000003 0.5462708333333333 0.099875 0.04908333333333333
12838 58 0.342078125 0.5382916666666666 0.09071875 0.04529166666666666
12838 58 0.3961015625 0.59546875 0.098328125 0.07635416666666667
12838 58 0.4425156250000001 0.58134375 0.114375 0.0853125
12838 58 0.48721875 0.5713125 0.09528125 0.09120833333333334
12838 58 0.41734375 0.5979375000000001 0.09140625 0.08270833333333334
12838 1 0.5682578125 0.5044895833333333 0.863484375 0.9865208333333333
12838 1 0.26207812500000005 0.24363541666666666 0.31853125000000004 0.4872708333333333
12838 1 0.5224765625000001 0.205625 0.138203125 0.40225000000000005
12838 1 0.739046875 0.19888541666666665 0.39268749999999997 0.3842708333333333
12838 31 0.9698125000000001 0.2868958333333333 0.053468749999999995 0.16179166666666667
12838 58 0.2716015625 0.5785625 0.083078125 0.08333333333333333
12838 62 0.8674140625 0.92471875 0.265171875 0.12810416666666666
12838 62 0.34778906249999997 0.8125 0.178265625 0.15483333333333332
12838 67 0.0824609375 0.291125 0.15723437499999998 0.15691666666666665
12838 1 0.0589921875 0.7595520833333332 0.117984375 0.4539375
12838 1 0.12696093749999998 0.11237499999999999 0.079046875 0.21525
12838 1 0.1947890625 0.07009375000000001 0.11754687500000001 0.14018750000000002
12838 1 0.9535937500000001 0.20701041666666667 0.09281249999999999 0.41402083333333334
12838 1 0.0396796875 0.10880208333333334 0.077890625 0.21522916666666667
12838 1 0.43285937499999994 0.20229166666666668 0.074875 0.36995833333333333
12838 1 0.42894531250000006 0.19935416666666667 0.049171875 0.20541666666666666
12838 1 0.01603125 0.26207291666666666 0.02665625 0.1446875
12838 44 0.058687500000000004 0.17259375 0.03225 0.12997916666666667
12838 58 0.513609375 0.541125 0.067125 0.04625
12838 58 0.36810156250000003 0.5300520833333333 0.08595312499999999 0.0466875
12838 58 0.5 0.3333333333333333 0.996875 0.4625
