13279 3 0.8735781250000001 0.5457083333333334 0.22737500000000002 0.11663888888888889
13279 3 0.2818359375 0.536375 0.012921875 0.03875
13279 3 0.13872656249999998 0.60225 0.13873437500000002 0.13005555555555556
13279 3 0.0611796875 0.6034305555555555 0.053734375 0.0948611111111111
13279 3 0.22512499999999996 0.5769166666666666 0.0666875 0.05816666666666667
13279 3 0.37341406250000003 0.5850833333333333 0.029734375 0.051722222222222225
13279 2 0.359421875 0.6584722222222222 0.161625 0.2131111111111111
13279 8 0.5948046874999999 0.4268055555555555 0.376265625 0.4797222222222222
13279 3 0.0769765625 0.5442916666666666 0.027984375 0.023916666666666666
13279 10 0.2894375 0.48830555555555555 0.0081875 0.0325
13279 10 0.2968515625 0.4881527777777778 0.007671875 0.028972222222222222
13279 3 0.1901953125 0.5650416666666668 0.020953125 0.03936111111111111
