20106 20 0.405953125 0.47817647058823537 0.025718750000000002 0.04581176470588235
20106 20 0.327546875 0.4991058823529412 0.03421875 0.0539764705882353
20106 20 0.269046875 0.5011529411764706 0.048812499999999995 0.06588235294117648
20106 20 0.051601562499999996 0.5310117647058823 0.079734375 0.07665882352941177
20106 1 0.8587031250000001 0.5937529411764707 0.22040625 0.6896705882352941
20106 1 0.42170312499999996 0.4645176470588236 0.02446875 0.10348235294117647
20106 20 0.29771875000000003 0.4982588235294118 0.03053125 0.05407058823529412
20106 20 0.3498359375 0.4888117647058823 0.024578125 0.03917647058823529
20106 20 0.21339843749999998 0.5105999999999999 0.057984375 0.07230588235294118
20106 20 0.3825625 0.4718823529411764 0.0225625 0.053552941176470595
20106 20 0.4612890625 0.46498823529411765 0.016015625 0.047247058823529406
20106 20 0.442453125 0.47008235294117645 0.0294375 0.05409411764705882
20106 20 0.32569531250000006 0.47422352941176465 0.029453125000000004 0.020776470588235296
20106 20 0.316578125 0.4637647058823529 0.036625000000000005 0.019105882352941174
20106 20 0.3002109375 0.46174117647058827 0.018296875 0.008752941176470588
20106 20 0.3625 0.3811764705882353 0.71875 0.3058823529411765
