19450 1 0.384234375 0.75525 0.29865624999999996 0.36466666666666664
19450 1 0.70734375 0.7415104166666667 0.17646875 0.3581041666666666
19450 1 0.8126875 0.6725 0.1110625 0.35370833333333335
19450 1 0.26921093749999997 0.32882291666666663 0.046296875 0.0975625
19450 1 0.7483046875 0.4436875 0.081078125 0.08333333333333333
19450 1 0.3731171875 0.4151770833333333 0.075046875 0.11564583333333332
19450 1 0.5525234375 0.3101770833333334 0.029703125000000004 0.0865625
19450 62 0.4598046875 0.453625 0.044234375 0.05575
19450 62 0.39928125000000003 0.12291666666666666 0.03540625 0.016
19450 62 0.42664843750000003 0.0925 0.036578125 0.017291666666666667
19450 62 0.48432031249999996 0.0605625 0.033828125 0.021125
19450 62 0.451296875 0.06164583333333332 0.036 0.01983333333333333
19450 62 0.486296875 0.08746875 0.0175625 0.016979166666666667
19450 62 0.405015625 0.15128125 0.03521875 0.021520833333333333
19450 1 0.7872734375 0.18637499999999999 0.047046875 0.08016666666666666
19450 1 0.8934140625 0.14555208333333336 0.037890625 0.07164583333333334
19450 1 0.7021875 0.37549999999999994 0.076 0.10770833333333334
19450 1 0.425875 0.23374999999999999 0.0426875 0.08537499999999999
19450 1 0.299140625 0.2769270833333334 0.042312499999999996 0.09285416666666667
19450 40 0.2427578125 0.6384166666666666 0.020171875 0.057958333333333334
19450 40 0.7883515624999999 0.7068437500000001 0.039328125000000005 0.030979166666666665
19450 62 0.3955703125 0.09469791666666666 0.024578125 0.021479166666666667
19450 62 0.37382031250000003 0.11941666666666667 0.034859375 0.024458333333333335
19450 62 0.44126562499999994 0.18188541666666666 0.030125000000000002 0.035437500000000004
19450 1 0.5140859375 0.33206250000000004 0.031921875 0.08016666666666666
19450 62 0.4342734375 0.12040625 0.020203125 0.020979166666666667
19450 1 0.49921875 0.253125 0.9984375 0.50625
