5294 3 0.6763046875 0.1720823244552058 0.13679687499999998 0.17491525423728813
5294 3 0.23996093749999997 0.1425181598062954 0.17285937499999998 0.22004842615012105
5294 3 0.3364296875 0.19550847457627119 0.24651562500000002 0.2516949152542373
5294 3 0.4743515625 0.10819612590799033 0.072640625 0.11566585956416466
5294 3 0.41510937499999995 0.14430992736077483 0.15928124999999999 0.16648910411622278
5294 15 0.13034375 0.21026634382566586 0.08521875 0.15162227602905567
5294 15 0.23614843749999997 0.34175544794188856 0.171609375 0.2879176755447942
5294 15 0.5902109375 0.7647941888619855 0.345140625 0.3168523002421308
5294 8 0.052203124999999996 0.20112590799031477 0.10440624999999999 0.40225181598062953
5294 8 0.8516562499999999 0.294818401937046 0.2966875 0.4337046004842615
5294 1 0.619796875 0.0807142857142857 0.03565625 0.08167070217917675
5294 1 0.586578125 0.6296489104116222 0.37559375 0.6089830508474576
5294 1 0.4451953125 0.5056174334140435 0.43795312500000005 0.5483292978208233
5294 1 0.38824218750000006 0.47388619854721553 0.256484375 0.42021791767554484
5294 1 0.6732734375 0.067590799031477 0.019796875 0.03920096852300242
5294 1 0.704953125 0.06823244552058111 0.02684375 0.06585956416464891
5294 1 0.7283671875000001 0.08848668280871672 0.019671875 0.09629539951573851
5294 1 0.5133515625 0.067409200968523 0.023203124999999998 0.11234866828087167
5294 1 0.6377265625 0.060702179176755446 0.018078125 0.047941888619854725
5294 3 0.436609375 0.044358353510895884 0.0435 0.04542372881355933
5294 1 0.372671875 0.033426150121065375 0.015062500000000001 0.047191283292978205
5294 1 0.42164843750000003 0.04343825665859564 0.012703125000000001 0.04280871670702179
5294 1 0.8843984375 0.06320823244552058 0.015296874999999998 0.023365617433414046
