1350 5 0.4799921875 0.39930722891566267 0.764140625 0.5258433734939759
1350 1 0.626140625 0.6378012048192772 0.02046875 0.09588353413654618
1350 1 0.605796875 0.6360341365461848 0.02409375 0.09664658634538154
1350 1 0.5300546875000001 0.6271184738955824 0.033140625 0.1096987951807229
1350 1 0.57934375 0.6345783132530122 0.03103125 0.0983132530120482
1350 1 0.3502890625 0.6115160642570282 0.015484375 0.07680722891566265
1350 1 0.36628125 0.6155722891566265 0.02090625 0.08359437751004016
1350 1 0.315640625 0.609558232931727 0.0213125 0.07313253012048193
1350 1 0.063578125 0.6064859437751003 0.029875000000000002 0.07911646586345382
1350 1 0.2946875 0.6097389558232931 0.017906250000000002 0.07108433734939759
1350 1 0.0160390625 0.5954518072289157 0.016609375000000003 0.0890562248995984
1350 1 0.0473359375 0.603734939759036 0.018390625 0.07690763052208835
1350 1 0.041109375 0.600933734939759 0.01971875 0.06728915662650602
1350 1 0.7195859375 0.6458433734939759 0.026390625 0.08931726907630522
1350 1 0.66484375 0.6365461847389559 0.2609375 0.11244979919678715
