41577 1 0.5775 0.6925390625000001 0.20320833333333335 0.164828125
41577 1 0.9124687499999999 0.230203125 0.043604166666666666 0.02975
41577 39 0.5299270833333334 0.642234375 0.06289583333333333 0.060312500000000005
41577 40 0.4618645833333333 0.77090625 0.04677083333333333 0.03234375
41577 1 0.5451041666666667 0.29546875000000006 0.04883333333333333 0.03765625
41577 1 0.5151041666666667 0.2823203125 0.03775 0.045296875
41577 1 0.44022916666666667 0.268625 0.041 0.04334375
41577 1 0.25265624999999997 0.3135546875 0.050020833333333334 0.051109375
41577 1 0.5276145833333333 0.4793828124999999 0.06572916666666667 0.095609375
41577 15 0.24358333333333332 0.5016406250000001 0.17725 0.0393125
41577 62 0.08552083333333332 0.29084374999999996 0.025458333333333336 0.0209375
41577 62 0.5271250000000001 0.2346640625 0.031375 0.016671875
41577 62 0.3969791666666666 0.30110937499999996 0.050291666666666665 0.01859375
41577 62 0.020062499999999997 0.292921875 0.034124999999999996 0.0201875
41577 62 0.3042708333333334 0.190453125 0.049708333333333334 0.03975
41577 62 0.192625 0.2880234375 0.03666666666666667 0.015953125000000002
41577 62 0.21628125000000004 0.287828125 0.030770833333333334 0.01521875
41577 1 0.2559791666666667 0.7118203125 0.12479166666666666 0.180109375
41577 62 0.9215520833333333 0.17470312500000001 0.03185416666666666 0.0164375
41577 62 0.13827083333333332 0.27258593750000004 0.033166666666666664 0.012796875
41577 62 0.8869062499999999 0.2002578125 0.028479166666666667 0.013703125
41577 62 0.8452291666666666 0.2154375 0.028416666666666666 0.01278125
41577 1 0.38708333333333333 0.7389765625 0.17779166666666668 0.127484375
41577 1 0.57203125 0.48309375 0.0709375 0.07921875
41577 1 0.41648958333333336 0.3466875 0.07002083333333334 0.056343750000000005
41577 15 0.4735833333333333 0.495125 0.07945833333333334 0.0479375
41577 1 0.89425 0.276359375 0.05183333333333333 0.038875
41577 1 0.6921666666666667 0.29796093749999997 0.04420833333333333 0.035296875
41577 62 0.7960729166666667 0.20178124999999997 0.025520833333333333 0.01365625
41577 62 0.8234166666666667 0.22690625 0.02725 0.01490625
41577 62 0.49895833333333334 0.26953125 0.9979166666666667 0.2140625
41577 1 0.49895833333333334 0.2796875 0.9979166666666667 0.559375
