11340 1 0.3970546875 0.1296244131455399 0.132984375 0.19173708920187796
11340 1 0.7553203125 0.5221009389671362 0.069578125 0.2018544600938967
11340 1 0.2901328125 0.6466666666666667 0.13739062500000002 0.4212206572769953
11340 22 0.3898125 0.5582511737089202 0.62659375 0.6923239436619718
11340 1 0.6693203125 0.6715023474178404 0.09814062500000001 0.21309859154929578
11340 1 0.0306640625 0.8134741784037558 0.061328125 0.3325821596244132
11340 2 0.0673515625 0.9281103286384976 0.067671875 0.1386150234741784
11340 3 0.7939765624999999 0.6143427230046948 0.411921875 0.7488732394366197
11340 2 0.32341406250000004 0.8070539906103286 0.37117187500000004 0.31528169014084506
11340 2 0.6300625 0.6963145539906103 0.20818750000000003 0.185868544600939
11340 1 0.8198281249999999 0.6726760563380282 0.06734375000000001 0.23798122065727698
