15902 1 0.5073809523809524 0.2637890625 0.47516290726817045 0.334296875
15902 41 0.47043859649122804 0.503140625 0.2568170426065163 0.07321875
15902 1 0.9054010025062657 0.3600703125 0.04233082706766918 0.081734375
15902 1 0.9392731829573935 0.35532812500000005 0.03629072681704261 0.07290624999999999
15902 1 0.7962155388471178 0.34509375000000003 0.044561403508771934 0.07390624999999999
15902 1 0.7489473684210526 0.345296875 0.03548872180451128 0.06853125
15902 1 0.5189724310776942 0.3691796875 0.04225563909774436 0.071703125
15902 3 0.25822055137844613 0.36014843750000003 0.03378446115288221 0.019171874999999998
15902 41 0.5173182957393484 0.41127343750000006 0.040150375939849624 0.009703125
15902 1 0.9774937343358397 0.3508515625 0.037794486215538846 0.063703125
15902 3 0.030300751879699248 0.35621875 0.03989974937343358 0.018687500000000003
