47735 44 0.1977109375 0.6260772833723655 0.058953124999999995 0.310327868852459
47735 44 0.14478125 0.6187939110070259 0.05371875 0.3154332552693208
47735 44 0.10782812500000001 0.553559718969555 0.0496875 0.2594847775175644
47735 44 0.043046875 0.561288056206089 0.0373125 0.24515222482435597
47735 44 0.7995078125 0.29196721311475404 0.020765625 0.09971896955503512
47735 44 0.6610781250000001 0.2847189695550351 0.0141875 0.07843091334894614
47735 44 0.6448515625000001 0.3017798594847775 0.011828125 0.05194379391100702
47735 62 0.701984375 0.4107611241217799 0.1100625 0.16962529274004687
47735 62 0.9721093749999999 0.5810655737704917 0.055781250000000004 0.16208430913348945
47735 67 0.2521875 0.7775058548009368 0.49800000000000005 0.1770257611241218
47735 1 0.48577343749999996 0.5224707259953162 0.48276562500000003 0.9055971896955504
47735 1 0.21814843750000001 0.5685362997658079 0.43629687500000003 0.8314519906323184
47735 1 0.867953125 0.5309718969555035 0.26409375 0.6853161592505854
47735 1 0.7908828124999999 0.24381733021077287 0.100453125 0.18651053864168618
47735 1 0.8554999999999999 0.22648711943793912 0.10553125000000001 0.21124121779859487
47735 1 0.6768906250000001 0.2479742388758782 0.10484374999999999 0.16981264637002344
47735 1 0.19991406250000002 0.36129976580796247 0.16317187500000002 0.3598829039812646
47735 1 0.065453125 0.4132201405152225 0.13090625 0.37791569086651056
47735 1 0.44079687500000003 0.21909836065573773 0.06596874999999999 0.17304449648711945
47735 1 0.026203125 0.26491803278688525 0.05240625 0.10398126463700234
47735 1 0.1379921875 0.34774004683840753 0.072953125 0.3279859484777518
47735 1 0.8053750000000001 0.40022248243559716 0.1524375 0.3025526932084309
47735 27 0.833546875 0.9155737704918032 0.22528125000000002 0.14285714285714285
47735 62 0.9197890625000001 0.7416861826697894 0.160421875 0.24135831381733022
47735 62 0.953953125 0.8782786885245901 0.09209375 0.24021077283372363
47735 62 0.7522734375 0.3627283372365339 0.020171875 0.06044496487119438
47735 1 0.469 0.3325526932084309 0.10259375 0.26117096018735364
47735 1 0.30546875 0.21311475409836064 0.0546875 0.15456674473067916
