2644 3 0.02659375 0.7802483069977426 0.050562499999999996 0.1710158013544018
2644 6 0.43009375 0.5915801354401806 0.75440625 0.6112415349887133
2644 1 0.515640625 0.39326185101580136 0.041999999999999996 0.058442437923250566
2644 1 0.7258671875 0.4251805869074492 0.053484374999999994 0.07776523702031603
2644 1 0.565078125 0.39010158013544016 0.049312499999999995 0.05948081264108353
2644 1 0.40431249999999996 0.4089277652370203 0.03621875 0.04661399548532731
2644 1 0.36999218749999996 0.4093227990970654 0.046015625 0.0509706546275395
2644 1 0.260921875 0.42021444695259597 0.0464375 0.051354401805869074
2644 1 0.2966953125 0.42563205417607225 0.028640624999999996 0.028465011286681715
2644 1 0.22067187500000002 0.42882618510158016 0.0300625 0.03580135440180587
2644 1 0.32431249999999995 0.4170541760722348 0.03725 0.04625282167042889
2644 1 0.689296875 0.41960496613995485 0.03453125 0.07257336343115124
2644 1 0.6338984375 0.4119300225733634 0.040265625 0.06792325056433408
2644 1 0.6690625 0.4231828442437923 0.021249999999999998 0.06424379232505643
2644 1 0.474578125 0.4138487584650113 0.0203125 0.02142212189616253
2644 1 0.171875 0.42776523702031605 0.065625 0.056433408577878104
