6517 3 0.16369791666666664 0.63253125 0.23227083333333332 0.1263125
6517 3 0.3784270833333333 0.58228125 0.0944375 0.062406249999999996
6517 3 0.49145833333333333 0.3983984375 0.08895833333333333 0.039140625
6517 3 0.58609375 0.38429687500000004 0.05210416666666667 0.03328125
6517 3 0.6366875000000001 0.39938281249999996 0.05308333333333334 0.037421875
6517 3 0.64196875 0.3790390625 0.0463125 0.029484375
6517 3 0.025833333333333333 0.5036953125 0.049041666666666664 0.05795312500000001
6517 3 0.33238541666666666 0.5893046875 0.11410416666666667 0.069390625
6517 33 0.37097916666666664 0.711828125 0.10929166666666666 0.10818749999999999
6517 31 0.32784375000000004 0.6349296875 0.08872916666666668 0.129421875
6517 1 0.95196875 0.218890625 0.0100625 0.01665625
6517 1 0.3180729166666667 0.655109375 0.13152083333333334 0.25103125
6517 1 0.271125 0.37366406249999995 0.01025 0.013703125
6517 1 0.21697916666666667 0.386265625 0.017374999999999998 0.03584375
