35532 44 0.609640625 0.477 0.01771875 0.064125
35532 67 0.5369921875 0.7681979166666667 0.926015625 0.44168749999999996
35532 1 0.3320234375 0.44494791666666667 0.279765625 0.5123541666666667
35532 1 0.7726093749999999 0.43142708333333335 0.10687500000000001 0.37252083333333336
35532 61 0.636765625 0.6742083333333333 0.28821875 0.118625
35532 48 0.25608593749999997 0.6945208333333334 0.015171875000000001 0.07949999999999999
35532 48 0.2376875 0.6724687500000001 0.010312499999999999 0.028895833333333332
35532 48 0.24496875 0.669875 0.017 0.03325
35532 51 0.8308671875 0.6077187500000001 0.057703125 0.0418125
35532 62 0.9064765625 0.5063125 0.185640625 0.21945833333333334
35532 62 0.9567656249999998 0.45951041666666664 0.08646875000000001 0.15002083333333335
35532 1 0.49887499999999996 0.396625 0.198875 0.5415833333333333
35532 1 0.0596171875 0.74540625 0.119234375 0.5091875
35532 48 0.216265625 0.6774895833333333 0.01653125 0.04127083333333333
35532 48 0.8940937499999999 0.5695 0.011875 0.034583333333333334
35532 51 0.3924140625 0.7203645833333333 0.059296875000000006 0.06564583333333333
35532 49 0.853078125 0.6882395833333333 0.14428125 0.0153125
35532 49 0.4655234375 0.12851041666666668 0.030046875 0.25702083333333337
35532 48 0.2538125 0.6738541666666668 0.0228125 0.04416666666666667
35532 48 0.8673046875000001 0.6021145833333333 0.030015625 0.0394375
35532 48 0.2273359375 0.6755520833333333 0.013078125 0.04472916666666667
35532 63 0.9570624999999999 0.46940624999999997 0.085875 0.16927083333333334
