7174 19 0.5311764705882354 0.9150490196078431 0.05591503267973856 0.05591503267973856
7174 19 0.6557679738562091 0.9120833333333332 0.025751633986928105 0.042924836601307186
7174 19 0.6590931372549019 0.8156209150326796 0.05178104575163399 0.034575163398692814
7174 19 0.9611519607843138 0.9589624183006538 0.06357843137254901 0.05086601307189542
7174 19 0.8611437908496732 0.8986601307189542 0.042483660130718956 0.050359477124183004
7174 19 0.8296078431372549 0.8984477124183007 0.04029411764705882 0.050980392156862744
7174 19 0.6125898692810458 0.9130718954248366 0.06586601307189544 0.048366013071895426
7174 19 0.25554738562091506 0.7944199346405229 0.03531045751633987 0.026584967320261436
7174 19 0.4780392156862745 0.9169281045751634 0.05552287581699346 0.05228758169934641
7174 19 0.6460294117647059 0.9077532679738564 0.04058823529411765 0.041094771241830065
7174 19 0.7431372549019608 0.9038725490196078 0.058039215686274515 0.04937908496732026
7174 19 0.7579656862745098 0.9490114379084968 0.034232026143790846 0.05014705882352941
7174 19 0.8420751633986928 0.9544035947712417 0.08202614379084967 0.055343137254901954
7174 19 0.8666748366013072 0.7623120915032681 0.04410130718954248 0.03034313725490196
7174 15 0.5742320261437909 0.9683823529411765 0.11480392156862745 0.060588235294117644
7174 19 0.898186274509804 0.8173611111111111 0.059150326797385626 0.045441176470588235
7174 19 0.5 0.7083333333333334 0.9967320261437909 0.5800653594771242
