37863 28 0.8021328125 0.49686111111111114 0.350609375 0.3497777777777778
37863 28 0.1891796875 0.3813472222222222 0.332953125 0.11441666666666667
37863 28 0.5005625 0.3832916666666667 0.32359375 0.12808333333333333
37863 67 0.387703125 0.755638888888889 0.09506250000000001 0.14516666666666667
37863 1 0.14202343750000002 0.6469305555555556 0.045921875 0.27675
37863 1 0.23698437500000002 0.6632222222222222 0.0824375 0.162
37863 1 0.21702343749999997 0.6319583333333333 0.032953125 0.09697222222222221
37863 1 0.5436875 0.6166666666666667 0.03378125 0.07116666666666667
37863 67 0.6105937499999999 0.747 0.07190625 0.1295
37863 62 0.4591796875 0.7398055555555555 0.07273437499999999 0.13161111111111112
37863 62 0.24451562500000001 0.7414722222222222 0.06103125 0.13583333333333333
37863 62 0.32042187499999997 0.7255833333333332 0.0708125 0.11222222222222222
37863 62 0.6681796875000001 0.7418194444444445 0.081171875 0.13541666666666666
37863 62 0.573421875 0.7450416666666667 0.080625 0.13925
37863 62 0.9564609374999999 0.7429305555555555 0.071765625 0.14469444444444446
37863 62 0.8068828124999999 0.7305138888888889 0.041015625 0.1103611111111111
37863 62 0.3155703125 0.7040000000000001 0.018765625 0.06155555555555556
37863 62 0.6041484374999999 0.7123194444444445 0.028390625000000003 0.04869444444444445
37863 62 0.7754218749999999 0.7241527777777778 0.038656249999999996 0.10169444444444445
37863 67 0.4501953125 0.6979027777777778 0.049671875 0.010027777777777778
37863 67 0.830453125 0.7096805555555555 0.048875 0.03769444444444445
37863 1 0.722515625 0.6286944444444444 0.037625 0.07272222222222222
37863 1 0.4061484375 0.6151944444444445 0.029078125 0.047888888888888884
37863 62 0.25471093749999996 0.737236111111111 0.051484375000000006 0.12058333333333332
37863 62 0.5236171875 0.7277361111111111 0.022453124999999997 0.1156388888888889
37863 1 0.5834218750000001 0.6235138888888889 0.0163125 0.05586111111111111
37863 67 0.9064453125 0.7287222222222223 0.054953125000000005 0.091
37863 67 0.1676484375 0.7087916666666666 0.017203125 0.05430555555555556
