11774 44 0.667875 0.06388541666666667 0.024406249999999997 0.07935416666666667
11774 1 0.3632578125 0.5695625 0.367453125 0.8389166666666666
11774 1 0.7129218749999999 0.5404479166666667 0.34381249999999997 0.8876458333333334
11774 31 0.950671875 0.72421875 0.09865625 0.4843125
11774 1 0.330515625 0.39951041666666665 0.0328125 0.035354166666666666
11774 1 0.1572578125 0.48180208333333335 0.079578125 0.27939583333333334
11774 44 0.16071875 0.6176354166666667 0.0265625 0.10702083333333333
11774 44 0.11683593750000001 0.6008125 0.079953125 0.16054166666666667
11774 61 0.3047578125 0.785375 0.065234375 0.036458333333333336
11774 61 0.3666796875 0.7825520833333334 0.054171875 0.036104166666666666
11774 61 0.33892968749999997 0.7526145833333333 0.080296875 0.06460416666666667
11774 61 0.4840234375 0.7396041666666666 0.064515625 0.06304166666666668
11774 61 0.5444531250000001 0.7498854166666666 0.058499999999999996 0.06331250000000001
11774 61 0.3851171875 0.7555729166666667 0.041109375 0.037187500000000005
