16823 17 0.7671354166666666 0.326796875 0.2036875 0.13446875
16823 67 0.5003958333333334 0.8517578125 0.9945 0.291765625
16823 47 0.6658333333333334 0.9449296875 0.22929166666666667 0.11014062499999999
16823 49 0.27617708333333335 0.8304375 0.37377083333333333 0.095625
16823 1 0.6631041666666667 0.19952343749999998 0.03075 0.054796875
16823 1 0.6253020833333333 0.2081484375 0.03472916666666667 0.042015625
16823 1 0.5958854166666666 0.2081328125 0.0301875 0.045296875
16823 1 0.31033333333333335 0.24420312500000002 0.08166666666666668 0.20384375000000002
16823 51 0.8588958333333333 0.9106171875 0.23345833333333335 0.155515625
16823 51 0.19254166666666667 0.29053125 0.035541666666666666 0.0140625
16823 62 0.03461458333333333 0.621515625 0.06922916666666666 0.21165625000000002
16823 62 0.6624895833333333 0.45811718749999997 0.048854166666666664 0.17379687500000002
16823 67 0.2150520833333333 0.346546875 0.1518958333333333 0.13215625
16823 1 0.3535520833333333 0.4483125 0.6471874999999999 0.707875
16823 47 0.20082291666666668 0.277625 0.03227083333333333 0.020624999999999998
16823 62 0.28948958333333336 0.3089921875 0.12210416666666667 0.107640625
