34491 44 0.7447734375 0.5400520833333334 0.021640625 0.0443125
34491 44 0.776890625 0.5403125000000001 0.0240625 0.04691666666666667
34491 1 0.16395312499999998 0.5168125 0.23374999999999999 0.5941666666666666
34491 1 0.4090859375 0.5849479166666666 0.17970312500000002 0.3407291666666667
34491 1 0.6607890624999999 0.5053541666666667 0.154796875 0.18683333333333335
34491 1 0.8806171875000001 0.5271145833333333 0.19720312499999998 0.5101041666666667
34491 73 0.2922265625 0.7747812500000001 0.229734375 0.23197916666666665
34491 73 0.77665625 0.8036145833333332 0.22909375 0.2459375
34491 27 0.7600078125 0.5966041666666667 0.11185937500000001 0.087
34491 47 0.5066796874999999 0.5715 0.025265625000000003 0.066375
34491 54 0.43092187499999995 0.5589479166666667 0.0305625 0.06739583333333334
34491 75 0.196625 0.8985833333333333 0.03290625 0.0355
34491 27 0.5229062499999999 0.8745625 0.18009375 0.25
34491 73 0.508015625 0.6265729166666667 0.1409375 0.0578125
34491 67 0.520875 0.6380520833333334 0.540125 0.09497916666666667
34491 31 0.5243593750000001 0.8620416666666667 0.1808125 0.22808333333333333
