2560 37 0.4021244131455399 0.1692578125 0.02523474178403756 0.016390625
2560 43 0.2634507042253521 0.5677109375 0.09746478873239438 0.092015625
2560 1 0.3376056338028169 0.7106796875 0.2768544600938967 0.435953125
2560 1 0.5628051643192488 0.2607890625 0.0937793427230047 0.056609374999999997
2560 1 0.25785211267605634 0.280234375 0.11068075117370892 0.0510625
2560 1 0.9330399061032865 0.1336328125 0.12016431924882628 0.068734375
2560 1 0.1897887323943662 0.13814062500000002 0.10356807511737089 0.07303125
2560 1 0.1228755868544601 0.1465 0.1265023474178404 0.08375
2560 1 0.03899061032863849 0.1572578125 0.07671361502347418 0.065546875
2560 1 0.4965140845070422 0.15613281250000002 0.09598591549295775 0.12132812500000001
2560 1 0.8654107981220657 0.09708593750000001 0.07025821596244132 0.076921875
2560 1 0.4081220657276995 0.039156250000000004 0.0864319248826291 0.074875
2560 1 0.33105633802816903 0.047859374999999996 0.10065727699530518 0.08065625
2560 1 0.9402464788732394 0.090265625 0.08133802816901409 0.07921875
2560 62 0.13766431924882627 0.1949296875 0.07659624413145541 0.034171875000000004
2560 62 0.21455399061032862 0.1932890625 0.0771830985915493 0.039109375
2560 62 0.2811150234741784 0.185546875 0.095 0.04315625
2560 62 0.2987793427230047 0.22266406249999998 0.07934272300469483 0.040921875
2560 62 0.6856103286384977 0.138890625 0.08859154929577465 0.033375
2560 62 0.36698356807511734 0.10230468750000002 0.08781690140845069 0.033890625
2560 62 0.4503051643192488 0.126390625 0.05197183098591549 0.03646875
2560 1 0.04071596244131455 0.2832890625 0.0814319248826291 0.058015625
2560 62 0.17618544600938968 0.23858593749999998 0.10255868544600938 0.038328125000000005
2560 1 0.45422535211267606 0.10859375 0.9084507042253521 0.2171875
