37843 1 0.6237109375 0.13596018735362997 0.368828125 0.267423887587822
37843 47 0.57946875 0.7983957845433255 0.2263125 0.4029274004683841
37843 47 0.8411015624999999 0.23221311475409837 0.089953125 0.15056206088992977
37843 47 0.604125 0.3264637002341921 0.059343749999999994 0.1189695550351288
37843 48 0.218265625 0.9089461358313817 0.06553125 0.18210772833723654
37843 49 0.2857890625 0.8900351288056205 0.108171875 0.2199297423887588
37843 59 0.162671875 0.629215456674473 0.32534375 0.4404449648711944
37843 59 0.5804765625 0.6359953161592505 0.523265625 0.4134894613583138
37843 59 0.10345312499999999 0.3325878220140515 0.1559375 0.1168384074941452
37843 59 0.45153906250000003 0.33765807962529276 0.147390625 0.20163934426229507
37843 59 0.8064453125 0.3942505854800937 0.330578125 0.21384074941451992
37843 59 0.577234375 0.6696604215456674 0.20690624999999999 0.16629976580796255
37843 67 0.5656562500000001 0.55692037470726 0.8686875000000001 0.6170257611241219
37843 1 0.19496093750000001 0.15454332552693206 0.386453125 0.303887587822014
37843 59 0.9727968749999999 0.5995901639344263 0.05440625 0.08887587822014052
