6057 43 0.7315078125000001 0.3387002341920375 0.246234375 0.16096018735363
6057 1 0.60421875 0.5584309133489461 0.33884375 0.8831381733021078
6057 1 0.9140937499999999 0.3454098360655738 0.17181249999999998 0.4921311475409836
6057 1 0.1774609375 0.4968969555035129 0.165015625 0.19843091334894614
6057 1 0.2573046875 0.4297540983606557 0.127171875 0.3202107728337236
6057 1 0.3995625 0.4134894613583138 0.18440625 0.2966276346604215
6057 1 0.060453124999999996 0.40737704918032785 0.11790624999999999 0.37583138173302105
6057 1 0.0864140625 0.25836065573770495 0.086796875 0.17409836065573772
6057 1 0.83709375 0.22639344262295083 0.06343750000000001 0.10730679156908665
6057 1 0.25045312500000005 0.2866393442622951 0.14931250000000001 0.2689227166276347
6057 1 0.40405468750000006 0.5113934426229508 0.169421875 0.15955503512880562
6057 1 0.7787265624999999 0.4544379391100703 0.178453125 0.24072599531615926
6057 1 0.515765625 0.11909836065573771 0.06596874999999999 0.0764168618266979
6057 1 0.44964062499999996 0.2422599531615925 0.09553125 0.19318501170960187
