47667 72 0.20525000000000002 0.35894791666666664 0.40740625 0.38889583333333333
47667 62 0.2846796875 0.69784375 0.169359375 0.16989583333333333
47667 1 0.482859375 0.5662916666666666 0.75 0.8629166666666667
47667 1 0.3716171875 0.7014687500000001 0.23532812500000003 0.4966041666666667
47667 34 0.5216328125 0.8842708333333333 0.338765625 0.16854166666666667
47667 1 0.31477343750000003 0.24236458333333336 0.052796875 0.045145833333333336
47667 1 0.2903203125 0.44895833333333335 0.070078125 0.08258333333333333
47667 73 0.0581953125 0.9186145833333333 0.116390625 0.10918749999999999
47667 1 0.0494296875 0.26238541666666665 0.015890625 0.029770833333333333
47667 1 0.1008046875 0.26896875000000003 0.023796875000000002 0.052812500000000005
47667 1 0.20860937499999999 0.29464583333333333 0.061281249999999995 0.12708333333333333
47667 47 0.185765625 0.7871666666666666 0.03603125 0.09016666666666667
47667 72 0.7484609375 0.33708333333333335 0.503078125 0.4095416666666667
47667 1 0.11588281249999999 0.45747916666666666 0.102953125 0.130875
