27975 21 0.522265625 0.7786770833333333 0.09625 0.19935416666666667
27975 3 0.3507109375 0.438875 0.14251562499999998 0.12841666666666668
27975 3 0.24455468749999998 0.41783333333333333 0.10223437500000002 0.10579166666666667
27975 1 0.252796875 0.4058958333333333 0.022093750000000002 0.06241666666666667
27975 1 0.43739062500000003 0.38085416666666666 0.01634375 0.10162500000000001
27975 1 0.812 0.41219791666666666 0.038125 0.0570625
27975 1 0.147796875 0.31509375 0.0295 0.05314583333333334
27975 4 0.150203125 0.33176041666666667 0.0435625 0.050979166666666666
27975 1 0.177859375 0.3032291666666666 0.01728125 0.043541666666666666
27975 1 0.05196093749999999 0.32796875000000003 0.023484375 0.06835416666666667
27975 2 0.1896953125 0.34078125 0.049359375 0.04677083333333333
27975 2 0.2214921875 0.31656249999999997 0.044765624999999996 0.03820833333333333
27975 1 0.2848515625 0.38282291666666673 0.021671875 0.03835416666666667
27975 1 0.3050234375 0.38229166666666664 0.019703125 0.02420833333333333
27975 1 0.26960937500000004 0.29232291666666665 0.01171875 0.0366875
27975 1 0.1106484375 0.3489166666666667 0.022453124999999997 0.043583333333333335
27975 2 0.1517734375 0.33356250000000004 0.042203125 0.051541666666666666
27975 21 0.3527265625 0.5236041666666666 0.060578125000000003 0.099375
27975 21 0.5262578125 0.4757395833333333 0.088890625 0.08414583333333334
27975 21 0.6053046875 0.4661770833333333 0.068609375 0.08922916666666666
27975 21 0.166015625 0.4482604166666667 0.0319375 0.07952083333333333
27975 21 0.2764921875 0.4809791666666667 0.069359375 0.07758333333333334
27975 4 0.8109609375 0.5510625 0.10582812500000001 0.13520833333333335
27975 1 0.733125 0.39046875000000003 0.01990625 0.037562500000000006
27975 2 0.2580546875 0.35726041666666664 0.041890625 0.035062499999999996
27975 2 0.1795703125 0.339875 0.044109375 0.04716666666666667
