46382 20 0.26478906249999995 0.7550585480093678 0.056984375 0.0848711943793911
46382 20 0.22479687499999995 0.7543559718969554 0.0419375 0.07887587822014051
46382 20 0.6011953125 0.5577166276346605 0.039609375 0.040960187353629975
46382 20 0.22804687500000004 0.589519906323185 0.025656250000000002 0.04353629976580796
46382 20 0.14987499999999998 0.6112295081967213 0.03625 0.04175644028103044
46382 20 0.9789140625 0.6547892271662764 0.042171875 0.047939110070257605
46382 20 0.11589843750000002 0.6083372365339578 0.024390625 0.04351288056206089
46382 20 0.1770703125 0.59211943793911 0.039515625 0.04859484777517564
46382 20 0.25934375 0.5832786885245902 0.025875 0.03798594847775175
46382 20 0.542296875 0.6055854800936767 0.0610625 0.05028103044496487
