36907 5 0.4276171875 0.3837587822014052 0.090078125 0.17009367681498827
36907 31 0.28425 0.7444964871194378 0.01378125 0.019297423887587824
36907 31 0.8296484375000001 0.7467213114754098 0.009984375 0.022903981264637
36907 31 0.9127656249999999 0.7379859484777518 0.01328125 0.03648711943793911
36907 31 0.027218750000000003 0.7669086651053864 0.014593749999999999 0.04426229508196721
36907 1 0.0131640625 0.7803629976580797 0.026328125 0.14447306791569087
36907 1 0.0411171875 0.7858548009367682 0.035265625 0.14608899297423888
36907 1 0.086078125 0.7801405152224824 0.021843750000000002 0.12004683840749414
36907 1 0.1291328125 0.7549648711943794 0.033109375 0.12655737704918033
36907 1 0.2162734375 0.7516042154566743 0.018484375 0.10142857142857144
36907 1 0.38121875000000005 0.7906908665105387 0.042562499999999996 0.16381733021077283
36907 1 0.4096640625 0.763864168618267 0.036921875 0.12388758782201405
36907 1 0.4466640625 0.7516627634660421 0.017140625 0.0936768149882904
36907 1 0.15630468749999998 0.7732084309133489 0.037359375 0.14903981264637003
36907 1 0.0586953125 0.7562763466042155 0.029265625 0.10772833723653395
36907 5 0.8878984375 0.7246955503512881 0.224203125 0.0948711943793911
36907 5 0.5707421875 0.6789227166276347 0.240390625 0.10646370023419204
36907 31 0.5385703125 0.7469437939110072 0.027546875 0.04494145199063232
36907 1 0.3382734375 0.7623770491803279 0.010734375 0.0652224824355972
36907 1 0.1931328125 0.7949414519906323 0.037046875 0.16327868852459015
36907 1 0.7401093750000001 0.764519906323185 0.033937499999999995 0.13911007025761124
36907 31 0.7072265625 0.7381850117096018 0.011578125 0.02892271662763466
36907 1 0.5234375 0.752927400468384 0.95 0.27400468384074944
