47509 32 0.15446000000000001 0.6095822454308095 0.047240000000000004 0.0764490861618799
47509 32 0.51674 0.9446214099216711 0.03164 0.06840731070496084
47509 32 0.81282 0.595822454308094 0.02708 0.10302872062663186
47509 32 0.18949000000000002 0.9702741514360312 0.0205 0.018720626631853785
47509 32 0.8457100000000001 0.3125065274151436 0.01694 0.016083550913838122
47509 1 0.50694 0.8280809399477806 0.25648000000000004 0.30785900783289816
47509 1 0.50522 0.16741514360313317 0.30468 0.3258485639686684
47509 1 0.8236600000000001 0.1662924281984334 0.30812 0.31462140992167104
47509 1 0.83017 0.495443864229765 0.27326 0.30953002610966057
47509 1 0.49575 0.4887597911227154 0.29606 0.3168407310704961
47509 1 0.17615999999999998 0.4963838120104439 0.30228 0.3410704960835509
47509 1 0.20537 0.8263185378590079 0.2539 0.31550913838120104
47509 1 0.8469 0.828093994778068 0.29608 0.3168668407310705
47509 1 0.20444 0.17454308093994778 0.2536 0.2972845953002611
