39464 3 0.87559375 0.5830669546436285 0.063125 0.06004319654427646
39464 3 0.9422109375 0.5919870410367172 0.115578125 0.1203023758099352
39464 3 0.84015625 0.5672246220302376 0.049812499999999996 0.053542116630669545
39464 3 0.7477265625 0.5573326133909288 0.033921875000000004 0.024730021598272138
39464 3 0.7974140625 0.6861447084233261 0.183703125 0.22248380129589634
39464 3 0.7815859374999999 0.5575053995680346 0.053390625000000004 0.02429805615550756
39464 2 0.5092421875 0.616987041036717 0.042140625 0.08049676025917928
39464 2 0.4408437500000001 0.6388336933045355 0.03234375 0.06777537796976242
39464 3 0.7271953124999999 0.5623866090712742 0.019546875 0.017732181425485962
39464 3 0.5615 0.560842332613391 0.01175 0.018228941684665226
39464 3 0.7837578125 0.53877969762419 0.024328125 0.015442764578833694
39464 3 0.56203125 0.5830345572354212 0.01075 0.02529157667386609
