41259 1 0.21638281250000002 0.3816470588235294 0.244734375 0.6157176470588236
41259 1 0.5812968749999999 0.44038823529411764 0.21018750000000003 0.4892941176470588
41259 1 0.8341796875 0.4112352941176471 0.226828125 0.5438352941176471
41259 39 0.359609375 0.2068 0.14696875 0.030776470588235294
41259 40 0.0195703125 0.37151764705882356 0.039140625 0.053952941176470585
41259 15 0.7273750000000001 0.4032470588235294 0.14525 0.025176470588235293
41259 1 0.03984375 0.3373176470588235 0.0796875 0.38385882352941175
41259 40 0.5133671874999999 0.30176470588235293 0.061796874999999994 0.11618823529411765
41259 44 0.4638984375 0.34982352941176464 0.019703125 0.06251764705882353
41259 15 0.1329375 0.3749176470588235 0.1495625 0.02103529411764706
41259 1 0.31128125 0.1897764705882353 0.08240625 0.1560235294117647
