35525 44 0.8320000000000001 0.5895784543325527 0.028125 0.09086651053864168
35525 44 0.6308828125000001 0.8323185011709602 0.028421875000000003 0.1165807962529274
35525 44 0.6123046875 0.8409601873536299 0.016890625 0.12562060889929744
35525 1 0.5882968749999999 0.5664519906323185 0.14275 0.5653161592505854
35525 49 0.28983593750000003 0.330480093676815 0.007671875 0.07969555035128806
35525 49 0.29896875 0.3319789227166276 0.00715625 0.07538641686182669
35525 49 0.3064609375 0.3357142857142857 0.008046875 0.07189695550351288
35525 51 0.729890625 0.3806440281030445 0.037593749999999995 0.03796252927400469
35525 51 0.42579687499999996 0.8147540983606557 0.08396875000000001 0.08763466042154568
35525 44 0.6724765625 0.8340163934426229 0.022203125 0.14381733021077284
35525 44 0.6897734375 0.8334777517564403 0.024484375 0.1348711943793911
35525 44 0.6530390625 0.8415105386416861 0.017609375 0.1186182669789227
35525 44 0.6454843749999999 0.8263700234192037 0.0170625 0.1126463700234192
35525 44 0.211171875 0.3593911007025761 0.0158125 0.07213114754098361
35525 49 0.1124765625 0.21976580796252929 0.015515625 0.270632318501171
35525 49 0.1473125 0.2570491803278689 0.0138125 0.17981264637002342
35525 49 0.17783593749999999 0.24738875878220137 0.020671875 0.2336065573770492
35525 49 0.16500781250000002 0.2430327868852459 0.011078125 0.24405152224824356
35525 49 0.3221875 0.3345550351288056 0.0050625 0.04381733021077284
35525 49 0.15596875000000002 0.2765573770491803 0.00965625 0.10430913348946136
35525 79 0.6641640625 0.5762880562060889 0.165515625 0.09515222482435598
35525 51 0.721734375 0.554976580796253 0.08671875 0.07004683840749415
35525 44 0.6164453125 0.7963934426229509 0.021671875 0.0703512880562061
35525 49 0.2600546875 0.33942622950819673 0.004109375 0.045456674473067914
35525 49 0.314859375 0.3399531615925058 0.0079375 0.035737704918032784
