44112 44 0.7720666666666666 0.85663 0.10279999999999999 0.1971
44112 44 0.8025333333333333 0.6363399999999999 0.06501333333333333 0.17136
44112 44 0.72628 0.62997 0.1036 0.20338
44112 44 0.6087733333333334 0.30468 0.06474666666666667 0.1986
44112 44 0.7298533333333334 0.29451 0.08914666666666667 0.1407
44112 44 0.5849066666666667 0.50185 0.08010666666666666 0.16146000000000002
44112 44 0.6749866666666666 0.32219 0.0304 0.06734
44112 44 0.7129733333333333 0.8211499999999999 0.11330666666666667 0.1613
44112 44 0.6535066666666667 0.31304000000000004 0.07522666666666666 0.21059999999999998
44112 44 0.27738666666666667 0.41555999999999993 0.07210666666666667 0.08932
44112 44 0.6621466666666667 0.6231599999999999 0.07048 0.17176
44112 44 0.35150666666666663 0.07792 0.07271999999999999 0.08312
44112 44 0.4786666666666667 0.352 0.584 0.668
