2860 2 0.331359375 0.18211458333333336 0.3620625 0.3491458333333333
2860 1 0.680640625 0.2686354166666666 0.017093749999999998 0.027604166666666666
2860 3 0.4845546875 0.5224791666666667 0.8140468750000001 0.42920833333333336
2860 3 0.9093515624999998 0.26679166666666665 0.068921875 0.027166666666666665
2860 3 0.7542890625 0.323375 0.299796875 0.14075000000000001
2860 3 0.5593515625000001 0.28 0.08401562500000001 0.03804166666666667
2860 3 0.5460468749999999 0.2743229166666667 0.08303125 0.05535416666666667
2860 3 0.511578125 0.26435416666666667 0.0335 0.029208333333333333
2860 3 0.0479765625 0.25435416666666666 0.095015625 0.06054166666666667
2860 3 0.9160078125 0.29066666666666663 0.042015625 0.018791666666666665
2860 1 0.6675546874999999 0.25940625 0.014328125 0.021354166666666667
2860 3 0.8387343749999999 0.3863020833333333 0.31784375 0.17385416666666667
2860 3 0.6125 0.28854166666666664 0.14375 0.06041666666666667
2860 3 0.5696015625 0.2687708333333333 0.08004687499999999 0.022916666666666665
2860 3 0.4388515625 0.2730625 0.135296875 0.09579166666666666
2860 1 0.5942734375 0.24603125 0.009828125 0.015062500000000001
2860 3 0.20907031250000002 0.23798958333333334 0.035921875 0.03264583333333333
2860 3 0.5203125 0.25625 0.95625 0.10416666666666667
