44800 8 0.64066 0.35453333333333337 0.07908 0.054773333333333334
44800 1 0.69966 0.43049333333333334 0.0418 0.15746666666666667
44800 1 0.31504 0.4275333333333333 0.054439999999999995 0.14216
44800 1 0.79899 0.4166666666666667 0.02366 0.10133333333333333
44800 1 0.98717 0.4109333333333334 0.02478 0.10426666666666667
44800 1 0.66474 0.40728000000000003 0.03284 0.1056
44800 41 0.35275 0.48153333333333337 0.04494 0.019973333333333333
44800 41 0.70085 0.42854666666666663 0.04982 0.027013333333333337
44800 3 0.75426 0.39997333333333335 0.03332 0.04144
44800 3 0.22566 0.39358666666666664 0.10456 0.09485333333333333
44800 3 0.25063 0.3860533333333333 0.08993999999999999 0.08906666666666667
44800 8 0.8282200000000001 0.39736 0.06772 0.08282666666666666
44800 3 0.3544 0.39971999999999996 0.060880000000000004 0.06008
44800 1 0.9345899999999999 0.4053733333333333 0.05258 0.12306666666666666
44800 3 0.60146 0.39644000000000007 0.056479999999999995 0.056613333333333335
