44671 3 0.14092505854800935 0.09536718749999999 0.09688524590163934 0.036046875
44671 3 0.4314168618266979 0.03940625 0.08269320843091335 0.021124999999999998
44671 3 0.3435128805620609 0.062109375 0.07868852459016394 0.024781249999999998
44671 3 0.2652224824355972 0.07040625 0.07100702576112412 0.02790625
44671 3 0.5548477751756441 0.022804687499999997 0.06580796252927401 0.018734375
44671 1 0.24923887587822013 0.301125 0.38395784543325523 0.32359375
44671 41 0.24778688524590164 0.49928124999999995 0.29543325526932085 0.08365625
44671 3 0.08352459016393442 0.1031953125 0.033091334894613585 0.020703125
44671 3 0.03814988290398126 0.11590625000000002 0.07475409836065575 0.034375
44671 3 0.3302810304449649 0.05116406250000001 0.05779859484777518 0.015859375000000002
44671 3 0.3951170960187353 0.0494375 0.0656440281030445 0.01771875
44671 3 0.5741803278688525 0.0138671875 0.03871194379391101 0.019578125
