12757 32 0.523484375 0.26913348946135834 0.01153125 0.07817330210772834
12757 32 0.1314453125 0.2554566744730679 0.009921875 0.09311475409836065
12757 37 0.204578125 0.4568501170960187 0.04296875 0.03416861826697892
12757 43 0.7980546875 0.6006674473067916 0.173453125 0.1456440281030445
12757 1 0.5962109375000001 0.6130093676814988 0.24539062500000003 0.7739812646370023
12757 1 0.9776796874999999 0.43351288056206094 0.044640625 0.44800936768149885
12757 1 0.7178046875 0.33552693208430917 0.067328125 0.10412177985948477
12757 1 0.7349296875 0.2661592505854801 0.094484375 0.17807962529274007
12757 62 0.8542343749999999 0.5187704918032787 0.0911875 0.14822014051522248
12757 62 0.272125 0.31461358313817334 0.06446874999999999 0.08988290398126464
12757 62 0.4969843750000001 0.3454566744730679 0.038593749999999996 0.03423887587822014
12757 62 0.4268828125 0.34272833723653395 0.034546875 0.031686182669789224
12757 62 0.2256328125 0.3558665105386417 0.026140625 0.052107728337236536
12757 64 0.49922656249999997 0.04749414519906323 0.22004687500000003 0.07166276346604215
12757 1 0.5975859375 0.20194379391100703 0.026921875 0.047728337236533955
12757 1 0.55365625 0.3033723653395785 0.063875 0.16042154566744732
12757 1 0.3826015625 0.33632318501170966 0.061265625000000004 0.10149882903981265
12757 1 0.4574453125000001 0.3326814988290398 0.07864062499999999 0.10625292740046838
12757 1 0.4093046875 0.22637002341920373 0.06539062500000001 0.11704918032786885
12757 1 0.661546875 0.2464285714285714 0.048625 0.12002341920374707
12757 1 0.520484375 0.2506908665105386 0.0663125 0.1631615925058548
12757 1 0.297609375 0.3202224824355972 0.09146875 0.14156908665105386
12757 27 0.42803125 0.28762295081967215 0.05084375 0.07538641686182669
12757 62 0.47207812500000007 0.29805620608899297 0.047375 0.05306791569086651
12757 1 0.331109375 0.21348946135831384 0.0599375 0.11011709601873537
12757 62 0.6818828125 0.34921545667447307 0.018921874999999998 0.023864168618266977
12757 1 0.3578125 0.2611241217798595 0.653125 0.2459016393442623
