45959 3 0.19355208333333335 0.3552265625 0.09460416666666666 0.051953125
45959 3 0.111125 0.361859375 0.07104166666666667 0.0420625
45959 3 0.2857395833333333 0.3581484375 0.05397916666666667 0.027234374999999998
45959 3 0.24625 0.35616406250000004 0.03704166666666667 0.030828125
45959 10 0.24656250000000002 0.175625 0.02745833333333333 0.0360625
45959 10 0.0989375 0.167625 0.018708333333333334 0.03265625
45959 11 0.34017708333333335 0.7166171875 0.13564583333333333 0.254328125
45959 3 0.9781458333333333 0.39446875 0.043708333333333335 0.054031249999999996
45959 2 0.49946875 0.6040546874999999 0.2493125 0.143234375
45959 3 0.33219791666666665 0.34640625 0.025812500000000002 0.0205625
