21088 20 0.59840625 0.7026145833333334 0.0915 0.09685416666666667
21088 20 0.6376484375 0.5714166666666666 0.048890625 0.050124999999999996
21088 20 0.5185 0.5813020833333334 0.04025 0.04939583333333333
21088 20 0.44096874999999996 0.6167916666666666 0.041249999999999995 0.029333333333333333
21088 20 0.3262890625 0.5756770833333333 0.050109375 0.03177083333333333
21088 20 0.9273671875 0.6471145833333334 0.040296874999999996 0.07410416666666667
21088 20 0.22105468749999999 0.5300625 0.020484375 0.035791666666666666
21088 20 0.8245859374999999 0.5772604166666666 0.030234375 0.0206875
21088 20 0.722140625 0.5690416666666667 0.0233125 0.015958333333333335
21088 20 0.6920078125000001 0.53115625 0.017484375 0.014187499999999999
21088 20 0.37008593749999996 0.62990625 0.043203124999999995 0.0324375
21088 20 0.96390625 0.5471979166666666 0.01475 0.021645833333333333
21088 20 0.197015625 0.5254375 0.023875 0.027916666666666666
21088 20 0.57421875 0.49375 0.8484375 0.12083333333333333
