30677 1 0.6509733333333334 0.5249300000000001 0.6980533333333333 0.90134
30677 1 0.55908 0.59187 0.15496 0.16134
30677 1 0.23293333333333333 0.5210199999999999 0.02912 0.04592
30677 1 0.23245333333333335 0.57001 0.033280000000000004 0.03886
30677 1 0.29630666666666666 0.5063599999999999 0.022160000000000003 0.03004
30677 1 0.47156000000000003 0.49294 0.07261333333333334 0.05028
30677 40 0.26666666666666666 0.7808999999999999 0.5273599999999999 0.41572000000000003
30677 1 0.16598666666666667 0.5799099999999999 0.05058666666666666 0.033299999999999996
30677 1 0.34657333333333334 0.56096 0.16824 0.09895999999999999
30677 1 0.08401333333333333 0.5979300000000001 0.06706666666666666 0.05722
30677 1 0.19902666666666663 0.58016 0.03885333333333334 0.03528
30677 1 0.043399999999999994 0.5772999999999999 0.023973333333333333 0.02576
30677 1 0.5407066666666667 0.51041 0.03528 0.0177
30677 1 0.4637466666666667 0.61011 0.12221333333333333 0.17974
30677 1 0.49866666666666665 0.56 0.9973333333333333 0.776
