39131 63 0.9269296875 0.4937837837837838 0.13739062500000002 0.2903118503118503
39131 63 0.41158593750000005 0.4716424116424116 0.178921875 0.22561330561330561
39131 1 0.359375 0.4153118503118503 0.0710625 0.11906444906444907
39131 1 0.28414843749999996 0.42885654885654884 0.09651562500000001 0.17488565488565488
39131 1 0.8103515625 0.43903326403326404 0.171359375 0.16139293139293137
39131 1 0.7845 0.3708627858627859 0.0945 0.07091476091476091
39131 1 0.859015625 0.6607796257796258 0.20053125 0.3632224532224532
39131 75 0.7661484375000001 0.515914760914761 0.034328125 0.03282744282744283
39131 75 0.7415 0.4795945945945946 0.027000000000000003 0.02663201663201663
39131 1 0.2914140625 0.5232848232848233 0.103546875 0.17076923076923078
39131 47 0.65278125 0.9850727650727651 0.04534375 0.029854469854469854
39131 72 0.5746718749999999 0.45833679833679836 0.02878125 0.21397089397089397
39131 72 0.0580703125 0.4349480249480249 0.023796875000000002 0.11463617463617463
39131 75 0.7273750000000001 0.4177858627858628 0.02765625 0.018274428274428274
39131 75 0.747484375 0.394054054054054 0.03359375 0.00893970893970894
39131 1 0.363109375 0.664043659043659 0.15621875000000002 0.35956340956340954
39131 1 0.8005078125 0.5422349272349273 0.13370312499999998 0.23444906444906444
39131 75 0.793484375 0.42796257796257803 0.012375 0.012432432432432434
39131 75 0.8395781250000001 0.5855925155925156 0.015125 0.02386694386694387
39131 1 0.30798437500000003 0.5690956340956341 0.09996875 0.19997920997920998
39131 75 0.273921875 0.4079417879417879 0.00453125 0.01343035343035343
