39768 32 0.5092109375 0.3594953051643192 0.040796874999999996 0.14298122065727698
39768 32 0.6824062499999999 0.2790492957746479 0.03328125 0.08429577464788732
39768 1 0.738921875 0.646068075117371 0.34103125 0.6853755868544602
39768 1 0.272984375 0.4988849765258216 0.3545 0.9752816901408451
39768 1 0.9430937499999998 0.6827699530516432 0.1121875 0.6112206572769953
39768 1 0.50296875 0.457206572769953 0.220375 0.7319718309859155
39768 1 0.6887578125 0.23654929577464787 0.219390625 0.3789201877934272
39768 1 0.805046875 0.39301643192488267 0.14390624999999999 0.612605633802817
39768 1 0.96428125 0.20545774647887324 0.0714375 0.4004929577464789
39768 1 0.8867578125000002 0.3425 0.105734375 0.4697887323943662
39768 1 0.096046875 0.8615140845070423 0.19209375 0.2550469483568075
39768 1 0.37422656249999997 0.32718309859154926 0.034390625 0.060938967136150234
39768 1 0.08382031250000001 0.6320892018779343 0.13148437500000001 0.5580281690140845
39768 1 0.5412734375 0.9002464788732394 0.359328125 0.19950704225352112
39768 1 0.717828125 0.16246478873239434 0.053093749999999995 0.06600938967136151
39768 1 0.4984375 0.4988262910798122 0.996875 0.9976525821596244
