11613 27 0.9560390625 0.33533799533799535 0.008453125 0.033752913752913755
11613 27 0.5854453125 0.33975524475524477 0.024953125 0.06184149184149185
11613 1 0.31930468749999996 0.5371678321678321 0.309484375 0.7342424242424243
11613 1 0.64478125 0.484965034965035 0.12915625 0.3677855477855478
11613 1 0.1152265625 0.39551282051282055 0.055734375 0.35055944055944055
11613 1 0.5721875 0.3803146853146853 0.032968750000000005 0.17321678321678322
11613 1 0.5428671875 0.4106526806526807 0.040140625 0.1468065268065268
11613 1 0.40402343749999997 0.3843939393939394 0.032796874999999996 0.23965034965034965
11613 1 0.379921875 0.36139860139860136 0.030343750000000003 0.1654079254079254
11613 1 0.9206874999999999 0.35735431235431236 0.03025 0.1371794871794872
11613 1 0.8940390624999999 0.34927738927738927 0.026640625 0.1234032634032634
11613 1 0.7401875 0.34294871794871795 0.0195 0.06692307692307692
11613 1 0.6233671875 0.3336247086247086 0.029078125 0.07386946386946387
11613 27 0.823609375 0.3828088578088578 0.02078125 0.022167832167832167
11613 27 0.4571484375 0.33032634032634034 0.032828125 0.054592074592074595
11613 35 0.35041406249999996 0.8762820512820513 0.337703125 0.13135198135198137
11613 35 0.6071093750000001 0.673974358974359 0.10800000000000001 0.036060606060606064
11613 1 0.5661484375 0.3152797202797203 0.015859375000000002 0.04468531468531469
11613 27 0.605078125 0.34454545454545454 0.017625 0.07011655011655012
11613 1 0.42242968750000004 0.3862470862470862 0.040609374999999996 0.22703962703962705
11613 35 0.5334375 0.4782517482517482 0.0486875 0.008344988344988345
11613 1 0.48203125 0.41025641025641024 0.9640625 0.32167832167832167
