42585 48 0.5151484375 0.9699720670391061 0.065515625 0.06005586592178771
42585 48 0.08071874999999999 0.9588826815642459 0.04634375 0.08223463687150838
42585 47 0.0265859375 0.19381284916201114 0.053078125 0.16432960893854748
42585 49 0.4252890625 0.9093156424581006 0.025140625 0.12136871508379889
42585 51 0.47837499999999994 0.2768994413407821 0.22146875000000002 0.4851396648044693
42585 51 0.50909375 0.7191061452513966 0.2363125 0.39999999999999997
42585 53 0.18973437499999998 0.3502094972067039 0.08678125 0.06483240223463688
42585 53 0.122390625 0.4266061452513966 0.06421875 0.10522346368715084
42585 53 0.21514843749999998 0.5622765363128492 0.061328125 0.15064245810055865
42585 44 0.1770234375 0.8090223463687151 0.096453125 0.17569832402234636
42585 44 0.09407812499999998 0.8273603351955308 0.12871875 0.211927374301676
42585 51 0.2354921875 0.4225418994413408 0.34054687499999997 0.6165921787709497
42585 51 0.8120937500000001 0.3254748603351955 0.3758125 0.650949720670391
42585 53 0.48464843750000003 0.8374860335195531 0.038578125000000005 0.13681564245810054
42585 53 0.47807031250000004 0.7847067039106146 0.146203125 0.23751396648044693
42585 53 0.32727343750000004 0.5263128491620112 0.074484375 0.11860335195530726
42585 53 0.19092187500000002 0.4718715083798883 0.05940625000000001 0.12726256983240225
42585 53 0.25568749999999996 0.6607960893854748 0.07053125 0.11354748603351955
42585 67 0.4998046875 0.4935055865921788 0.996703125 0.9870111731843576
42585 47 0.9666796875000001 0.6965782122905028 0.06348437500000001 0.2077932960893855
