33667 1 0.338125 0.600023419203747 0.2350625 0.5117564402810305
33667 1 0.73134375 0.7275292740046839 0.016625 0.05379391100702576
33667 36 0.294796875 0.7777049180327869 0.3168125 0.1775175644028103
33667 1 0.8338203125 0.7008782201405153 0.019921875 0.021569086651053865
33667 1 0.607515625 0.7462177985948477 0.01534375 0.024707259953161594
33667 1 0.7935234375 0.6890046838407495 0.006453125 0.01861826697892272
33667 1 0.020132812500000003 0.5202459016393443 0.014015625 0.034215456674473066
33667 1 0.9078984374999999 0.6279859484777518 0.005109375 0.022107728337236534
33667 1 0.6545000000000001 0.7409601873536301 0.01378125 0.02009367681498829
33667 36 0.770484375 0.7586533957845433 0.037093749999999995 0.01674473067915691
33667 36 0.8876093749999999 0.6655269320843091 0.02859375 0.03138173302107728
33667 1 0.708296875 0.713255269320843 0.005875 0.02018735362997658
33667 1 0.9134375 0.6228103044496487 0.0055 0.017236533957845433
33667 1 0.900625 0.6326463700234192 0.005156249999999999 0.016721311475409836
33667 1 0.9424453125 0.619976580796253 0.011109375000000001 0.015175644028103046
33667 1 0.7687812500000001 0.7279391100702576 0.024906249999999998 0.07498829039812648
33667 35 0.540453125 0.8951522248243559 0.37303125000000004 0.20969555035128806
33667 1 0.80390625 0.6533957845433255 0.3828125 0.20140515222482436
