6580 65 0.7735937500000001 0.7603020833333333 0.4449375 0.4561875
6580 1 0.182453125 0.7556041666666666 0.36490625 0.4574166666666667
6580 1 0.431078125 0.6391458333333334 0.20496875 0.5431666666666667
6580 13 0.643453125 0.09842708333333335 0.03409375 0.10577083333333334
6580 77 0.11109374999999999 0.4735833333333333 0.0239375 0.030083333333333333
6580 1 0.594421875 0.35802083333333334 0.04878125 0.11354166666666667
6580 1 0.26546875000000003 0.41301041666666666 0.08056250000000001 0.18252083333333333
6580 1 0.3124921875 0.3944895833333334 0.062921875 0.17247916666666668
6580 1 0.1637578125 0.4452916666666667 0.065296875 0.16875
6580 1 0.3550078125 0.39045833333333335 0.058953124999999995 0.107125
6580 1 0.5392343749999999 0.3586354166666667 0.08971875 0.13514583333333335
6580 1 0.72325 0.3495729166666666 0.031875 0.10977083333333333
6580 1 0.20029687499999999 0.44470833333333337 0.08646875000000001 0.225875
6580 1 0.3913203125 0.3435416666666667 0.079578125 0.13016666666666665
6580 1 0.9733749999999999 0.6147916666666667 0.05325 0.25454166666666667
6580 1 0.76525 0.31896874999999997 0.054625 0.10285416666666666
6580 1 0.5 0.5802083333333333 0.996875 0.8354166666666667
