23298 44 0.078 0.6466393442622951 0.026500000000000003 0.09604215456674473
23298 44 0.672046875 0.4527049180327869 0.013250000000000001 0.03177985948477752
23298 44 0.969078125 0.2803395784543326 0.02103125 0.03955503512880562
23298 2 0.28563281249999994 0.7317564402810304 0.5683906249999999 0.5107259953161593
23298 1 0.3370625 0.560655737704918 0.26984375 0.7739110070257611
23298 1 0.783203125 0.34473067915690864 0.05746875 0.12576112412177987
23298 44 0.6983906249999999 0.45948477751756445 0.00965625 0.029695550351288055
23298 52 0.716140625 0.45101873536299764 0.0283125 0.026252927400468386
23298 52 0.686609375 0.45087822014051526 0.017812500000000002 0.023302107728337233
23298 67 0.680875 0.47378220140515226 0.20140625 0.09566744730679157
23298 1 0.907890625 0.3453981264637003 0.07234375 0.2582903981264637
23298 1 0.8599765625 0.4077049180327869 0.046515625 0.29053864168618265
23298 1 0.598859375 0.4075409836065574 0.05234375 0.1540983606557377
23298 1 0.636671875 0.40282201405152224 0.04071875 0.0865807962529274
23298 1 0.8369843749999999 0.5668384074941452 0.0689375 0.2576112412177986
23298 1 0.7922890625 0.5535011709601872 0.049984375 0.22578454332552692
23298 1 0.9546796875 0.46296252927400466 0.090640625 0.5654098360655738
23298 1 0.9390859375000001 0.3867096018735363 0.061953125 0.2981030444964871
23298 31 0.57115625 0.465503512880562 0.041375 0.11981264637002341
23298 47 0.6807109375 0.48560889929742385 0.009390625 0.018149882903981264
23298 47 0.6846640625 0.4749180327868852 0.006140625 0.01423887587822014
23298 47 0.698 0.48386416861826703 0.009 0.016065573770491805
23298 47 0.7047578124999999 0.47864168618266983 0.006703125 0.014285714285714285
23298 1 0.5262890625000001 0.39434426229508196 0.094453125 0.32489461358313815
23298 1 0.8924843749999999 0.5413700234192037 0.06446874999999999 0.27932084309133487
