39460 28 0.32272656250000004 0.6116018306636155 0.14351562499999998 0.19327231121281463
39460 28 0.1733671875 0.6318077803203662 0.12598437499999998 0.1948283752860412
39460 28 0.058976562499999996 0.5630091533180778 0.10901562499999999 0.0451487414187643
39460 1 0.22767187500000002 0.6630549199084668 0.0335 0.12464530892448512
39460 1 0.7781796875 0.6008924485125857 0.018421874999999997 0.05757437070938215
39460 1 0.25378124999999996 0.6580434782608695 0.02375 0.12491990846681923
39460 1 0.19096093749999998 0.665903890160183 0.032734374999999996 0.11464530892448513
39460 1 0.23850781250000003 0.6630549199084668 0.016984375 0.11649885583524026
39460 1 0.28917187499999997 0.6618306636155608 0.03215625 0.0985812356979405
39460 1 0.38496874999999997 0.6538443935926772 0.027875 0.09620137299771167
39460 1 0.3453828125 0.6616933638443937 0.034546875 0.12892448512585813
39460 1 0.43277343749999997 0.6414073226544623 0.019609375000000002 0.07004576659038901
39460 1 0.9160546875000002 0.5953089244851258 0.034609375 0.0637070938215103
39460 28 0.44691406250000004 0.5617848970251716 0.074140625 0.041281464530892445
39460 28 0.2541484375 0.5716933638443935 0.037703125 0.04869565217391304
39460 1 0.9457109375 0.5961098398169337 0.017046875 0.061556064073226543
39460 28 0.5916953125 0.5558810068649885 0.046859374999999995 0.02677345537757437
39460 28 0.5293281249999999 0.5516704805491991 0.0483125 0.028649885583524028
39460 28 0.6938359375 0.5489473684210526 0.038578125000000005 0.019816933638443935
39460 1 0.2694921875 0.6567048054919908 0.017515625 0.11130434782608696
39460 28 0.3893828125 0.5587414187643021 0.041671875000000004 0.024622425629290616
39460 28 0.2165078125 0.557562929061785 0.038828125000000005 0.03919908466819222
39460 1 0.51796875 0.6178489702517163 0.7203125 0.08695652173913043
