38531 3 0.922765625 0.697504816955684 0.13396875 0.36410404624277454
38531 3 0.85565625 0.6123217726396917 0.1369375 0.1824470134874759
38531 3 0.7796875 0.5773410404624277 0.04659375 0.1110597302504817
38531 14 0.9060234375 0.5981984585741812 0.026296874999999997 0.07389210019267824
38531 1 0.655734375 0.5504046242774567 0.03071875 0.11368015414258188
38531 1 0.6282109375 0.5340944123314065 0.014671875000000001 0.03809248554913295
38531 1 0.42571875 0.5404527938342968 0.02665625 0.08287090558766859
38531 1 0.3836953125 0.5359055876685934 0.019046874999999998 0.08333333333333333
38531 1 0.489671875 0.5359248554913294 0.0136875 0.05420038535645472
38531 1 0.5064140625 0.5372832369942195 0.016921875 0.052369942196531793
38531 14 0.779 0.5623506743737958 0.0135625 0.04300578034682081
38531 14 0.7495937500000001 0.5450481695568401 0.00784375 0.017263969171483623
38531 1 0.34745312500000003 0.5080828516377649 0.02525 0.03265895953757225
38531 1 0.6109687500000001 0.5337186897880539 0.014000000000000002 0.034065510597302506
38531 3 0.75753125 0.5765703275529865 0.050124999999999996 0.12778420038535643
38531 1 0.181984375 0.533680154142582 0.04140625 0.14728323699421964
38531 1 0.6180625 0.5299903660886319 0.0074687500000000006 0.02441233140655106
38531 14 0.728015625 0.5323699421965318 0.00646875 0.006782273603082852
