29942 62 0.6696979166666667 0.48567968749999996 0.1206875 0.277609375
29942 62 0.9295624999999998 0.668546875 0.13920833333333332 0.23762500000000003
29942 47 0.9289479166666668 0.3930234375 0.050395833333333334 0.056234375
29942 73 0.4354375 0.34459375000000003 0.20420833333333333 0.08784375
29942 73 0.5206979166666666 0.24270312499999996 0.0743125 0.03496875
29942 73 0.6500520833333333 0.268453125 0.12602083333333333 0.057906250000000006
29942 27 0.41546875 0.471515625 0.22939583333333333 0.17721875
29942 1 0.08558333333333334 0.4898593750000001 0.15916666666666668 0.9684687500000001
29942 1 0.37266666666666665 0.28923437500000004 0.24295833333333333 0.18965625
29942 1 0.30348958333333337 0.25109375 0.11527083333333334 0.15534375
29942 1 0.48709374999999994 0.21349999999999997 0.07127083333333334 0.078375
29942 1 0.9023541666666667 0.29440625 0.1555 0.15234375
29942 1 0.75553125 0.43423437499999995 0.18910416666666666 0.419625
29942 1 0.9055416666666666 0.5527109375 0.1857916666666667 0.341453125
29942 1 0.13355208333333335 0.31471875000000005 0.06872916666666667 0.27549999999999997
29942 1 0.6074895833333334 0.2503828125 0.10364583333333334 0.105171875
29942 62 0.16957291666666666 0.3441875 0.08202083333333333 0.15787500000000002
29942 27 0.8216979166666666 0.3607109375 0.18260416666666668 0.069765625
29942 31 0.8225104166666667 0.36224218750000003 0.1716875 0.053609375
29942 62 0.39503125 0.5875859375 0.2571875 0.32942187500000003
29942 67 0.8403125 0.400609375 0.319375 0.1183125
29942 67 0.4900729166666667 0.3930625 0.20047916666666668 0.052000000000000005
29942 44 0.5419270833333333 0.3512578125 0.048562499999999995 0.093015625
29942 67 0.5260729166666667 0.2700625 0.07864583333333333 0.0228125
29942 67 0.6360208333333334 0.305 0.13383333333333333 0.026187500000000002
29942 67 0.13376041666666666 0.32010937500000003 0.0418125 0.02790625
