13670 37 0.7396796875 0.8454566744730679 0.035734375 0.04674473067915691
13670 1 0.33209375 0.5089812646370023 0.26237499999999997 0.9370725995316159
13670 1 0.5727421875 0.6563583138173302 0.237546875 0.4773536299765808
13670 1 0.8659765625 0.45723653395784547 0.268046875 0.79096018735363
13670 1 0.578171875 0.13112412177985946 0.20968749999999997 0.260327868852459
13670 1 0.8420156249999999 0.08346604215456675 0.199375 0.1611241217798595
13670 1 0.3131171875 0.08724824355971897 0.197640625 0.17449648711943794
13670 1 0.73375 0.24215456674473065 0.1151875 0.4798126463700234
13670 39 0.38810937500000003 0.1877985948477752 0.05387499999999999 0.05742388758782201
13670 39 0.9069765624999999 0.5404683840749415 0.186046875 0.054098360655737705
13670 40 0.6248125 0.8356206088992975 0.08678125 0.09330210772833725
13670 15 0.626703125 0.36405152224824355 0.3898125 0.2067447306791569
13670 15 0.5901796875 0.18028103044496488 0.314171875 0.02983606557377049
13670 15 0.5815703125 0.08685011709601874 0.348140625 0.03637002341920374
13670 1 0.9672031249999999 0.18192037470725997 0.06559374999999999 0.29484777517564403
