17975 5 0.1446666666666667 0.24757812499999998 0.28337500000000004 0.17003125
17975 1 0.36763541666666666 0.6726953124999999 0.07327083333333334 0.203703125
17975 1 0.8258333333333334 0.6436015625 0.09416666666666668 0.164328125
17975 1 0.7246354166666666 0.624828125 0.09447916666666667 0.10806249999999999
17975 33 0.880375 0.9016953124999999 0.16825 0.138015625
17975 33 0.8361354166666667 0.7856796875 0.16222916666666667 0.12167187500000001
17975 8 0.15690625 0.41659375 0.3138125 0.15618749999999998
17975 33 0.6789375 0.6553515625 0.2645416666666667 0.181171875
17975 1 0.5158125 0.6050390625 0.07679166666666666 0.16898437500000002
17975 8 0.7829583333333333 0.8382890625 0.4340833333333334 0.323421875
17975 8 0.6593854166666666 0.562015625 0.6733125 0.29159375
