4988 3 0.8908671874999999 0.5231458333333333 0.022609375 0.0145
4988 6 0.3808984375 0.5505625 0.519109375 0.498875
4988 1 0.9653203124999999 0.5267291666666666 0.008640625 0.034541666666666665
4988 1 0.9418749999999999 0.5230312500000001 0.0055625 0.0199375
4988 3 0.8611015625 0.5303958333333333 0.023390625 0.02754166666666667
4988 15 0.8025546875 0.6880416666666667 0.20242187500000003 0.16820833333333332
4988 1 0.25510156250000005 0.51871875 0.048921875 0.07681249999999999
4988 1 0.3925546875 0.6116875 0.032078125 0.2763333333333333
4988 1 0.5740546875 0.5258229166666667 0.015265625 0.05660416666666667
4988 1 0.600390625 0.5144166666666666 0.017093749999999998 0.029333333333333333
4988 1 0.9755703125 0.5235 0.012078125 0.041958333333333334
4988 1 0.990046875 0.5195416666666667 0.00971875 0.041666666666666664
4988 3 0.063703125 0.6007083333333333 0.12740625 0.22233333333333333
