35995 8 0.39977343750000005 0.43274117647058824 0.716171875 0.8654823529411765
35995 1 0.7051953125 0.6193764705882353 0.282671875 0.7364941176470589
35995 1 0.8700859375000001 0.7337058823529411 0.25982812499999997 0.5056235294117647
35995 1 0.9051953124999998 0.4295764705882353 0.145046875 0.24352941176470588
35995 1 0.8339531250000001 0.321 0.06365625 0.2484470588235294
35995 1 0.772109375 0.2408588235294118 0.0299375 0.039976470588235294
35995 1 0.861140625 0.2941764705882353 0.09534375 0.2248235294117647
35995 1 0.9305078125000001 0.30799999999999994 0.047921875 0.26141176470588234
35995 1 0.9712500000000001 0.28505882352941175 0.056906250000000005 0.2136470588235294
35995 8 0.10245312499999999 0.4876117647058823 0.20190625 0.9684470588235293
35995 32 0.685203125 0.6373764705882353 0.099 0.3381882352941176
35995 32 0.8072109375000001 0.9078705882352942 0.016515625 0.02929411764705882
35995 1 0.40018750000000003 0.614364705882353 0.41174999999999995 0.7712705882352942
35995 1 0.23147656249999998 0.33028235294117647 0.10523437499999999 0.19741176470588237
35995 1 0.9813906249999998 0.38255294117647054 0.03721875 0.21992941176470587
