5064 39 0.739453125 0.33747072599531613 0.030375000000000003 0.09105386416861827
5064 40 0.4336171875 0.7764988290398126 0.048296875 0.06344262295081968
5064 1 0.154421875 0.6292037470725995 0.1409375 0.4
5064 1 0.176171875 0.4254566744730679 0.0414375 0.11124121779859485
5064 1 0.6169609374999999 0.5752810304449648 0.253390625 0.4314519906323185
5064 1 0.34483593749999997 0.665175644028103 0.164921875 0.31911007025761123
5064 1 0.4981484375 0.5160304449648712 0.06589062500000001 0.12344262295081967
5064 1 0.106453125 0.5244964871194379 0.0453125 0.12871194379391102
5064 1 0.337578125 0.43542154566744734 0.055843750000000004 0.13918032786885245
5064 1 0.2194921875 0.4977751756440281 0.055546874999999996 0.28201405152224823
5064 1 0.9217656249999999 0.362903981264637 0.04959375 0.10758782201405152
5064 1 0.8359921874999999 0.468384074941452 0.048109374999999996 0.15531615925058545
5064 15 0.458421875 0.5232201405152225 0.01246875 0.022131147540983605
5064 15 0.47143749999999995 0.48441451990632317 0.008843750000000001 0.02189695550351288
5064 1 0.4356562500000001 0.5211241217798595 0.05265625 0.13030444964871193
5064 1 0.39079687500000004 0.5233723653395784 0.0705 0.1466510538641686
