43882 1 0.5626979166666667 0.5 0.8746041666666666 1.0
43882 51 0.41947916666666674 0.8887656249999999 0.34158333333333335 0.191
43882 51 0.45243750000000005 0.48314843749999997 0.17379166666666668 0.044953125
43882 51 0.16442708333333336 0.8795546875 0.23989583333333334 0.133609375
43882 60 0.4127083333333334 0.557203125 0.0955 0.12068749999999999
43882 44 0.23274999999999998 0.4607578125 0.06775 0.10635937499999999
43882 44 0.2732395833333333 0.45565625 0.04747916666666666 0.08784375
43882 44 0.4607604166666667 0.4445 0.06477083333333333 0.04059375
43882 44 0.4055729166666666 0.44175000000000003 0.04272916666666667 0.04471875
43882 51 0.06695833333333333 0.49959375 0.13391666666666666 0.04365625
43882 51 0.06522916666666666 0.471796875 0.13045833333333332 0.025406250000000002
43882 51 0.7182916666666668 0.48656250000000006 0.25595833333333334 0.044437500000000005
43882 51 0.1857708333333333 0.7369609375 0.2142083333333333 0.11364062500000001
43882 44 0.3230625 0.45346875 0.052125 0.086
43882 44 0.30214583333333334 0.4636875 0.5040416666666666 0.1085625
43882 44 0.17353125 0.7829765625 0.14756249999999999 0.154046875
43882 51 0.7194687500000001 0.456453125 0.2738125 0.025875
43882 51 0.6676458333333334 0.8485781250000001 0.17679166666666665 0.04446875
43882 60 0.6773958333333333 0.77246875 0.10766666666666666 0.0380625
43882 60 0.6861666666666667 0.7344375000000001 0.11795833333333333 0.0466875
