43202 2 0.6836562500000001 0.8499415887850468 0.12775 0.14100467289719626
43202 2 0.614703125 0.8637733644859813 0.0546875 0.09539719626168223
43202 3 0.8600234375 0.7186915887850468 0.063734375 0.0391588785046729
43202 3 0.726296875 0.7451869158878505 0.044687500000000005 0.0497196261682243
43202 4 0.1310703125 0.9082827102803739 0.051859375 0.11904205607476637
43202 4 0.21486718749999997 0.8180257009345795 0.015921875 0.044836448598130844
43202 6 0.05109374999999999 0.804123831775701 0.0991875 0.19324766355140185
43202 1 0.40988281249999997 0.8268808411214954 0.031640625 0.1354906542056075
43202 1 0.21706250000000002 0.8082359813084112 0.0214375 0.06717289719626168
43202 1 0.31509375 0.7992640186915889 0.022 0.06712616822429907
43202 1 0.7030546875 0.7621028037383177 0.020515625000000003 0.06682242990654207
43202 1 0.672328125 0.7427686915887851 0.014374999999999999 0.051004672897196256
43202 1 0.13162500000000002 0.8705140186915887 0.0528125 0.15855140186915886
43202 1 0.3793125 0.7737616822429907 0.0138125 0.044859813084112146
43202 8 0.2829453125 0.7705841121495327 0.031421875 0.06803738317757009
43202 15 0.52478125 0.8583060747663552 0.1 0.08558411214953271
43202 1 0.6210546874999999 0.7522196261682242 0.014296875 0.05107476635514019
43202 3 0.20091406250000002 0.7841705607476636 0.026734374999999998 0.04114485981308411
43202 1 0.6834687500000001 0.7425700934579439 0.00996875 0.0435981308411215
43202 3 0.5572265625 0.7579672897196262 0.062109375 0.04350467289719626
