26241 1 0.39507 0.6419161676646706 0.06634000000000001 0.18508982035928143
26241 15 0.7318000000000001 0.7955089820359281 0.23868 0.38652694610778443
26241 41 0.45387 0.6308832335329342 0.11506 0.1867365269461078
26241 1 0.13148 0.7069161676646706 0.06812 0.13592814371257483
26241 1 0.20005 0.6434431137724551 0.05422 0.2045508982035928
26241 1 0.53558 0.6324550898203593 0.01832 0.05526946107784431
26241 1 0.032600000000000004 0.6442365269461078 0.06520000000000001 0.3784730538922156
26241 1 0.53918 0.4576796407185629 0.2758 0.5909281437125748
26241 1 0.60876 0.633368263473054 0.01912 0.0672754491017964
26241 1 0.58579 0.6299850299401197 0.01238 0.06865269461077844
