10014 6 0.723828125 0.4596361502347418 0.516375 0.6995539906103286
10014 1 0.504609375 0.6463262910798122 0.26453125 0.6803521126760563
10014 1 0.239453125 0.6918544600938967 0.27937500000000004 0.5953051643192488
10014 1 0.366109375 0.5063732394366196 0.08165625 0.2245305164319249
10014 1 0.0807734375 0.6528051643192488 0.161546875 0.6404460093896713
10014 1 0.1728515625 0.47975352112676056 0.063234375 0.22194835680751174
10014 1 0.3903984375 0.41685446009389676 0.038890625 0.1056338028169014
10014 1 0.3183828125 0.4710446009389671 0.059171875 0.20509389671361503
10014 1 0.412484375 0.4026291079812206 0.01559375 0.04291079812206573
10014 1 0.014390625 0.3919835680751174 0.02878125 0.08636150234741784
10014 27 0.2942890625 0.4452464788732395 0.012328124999999999 0.037488262910798126
10014 1 0.35396875 0.41607981220657275 0.034749999999999996 0.08502347417840375
10014 3 0.9753828125 0.510387323943662 0.049234375000000004 0.08800469483568076
