22954 44 0.27473437500000003 0.5035480093676815 0.0381875 0.2518735362997658
22954 44 0.3148046875 0.5107611241217799 0.035015625 0.26377049180327866
22954 44 0.0470078125 0.594824355971897 0.031796875 0.1191569086651054
22954 44 0.079328125 0.5966861826697892 0.03378125 0.1148711943793911
22954 44 0.1770859375 0.5772950819672131 0.034515625 0.06386416861826698
22954 44 0.28990625 0.5150585480093677 0.0305625 0.23756440281030444
22954 79 0.6365234375 0.8396838407494146 0.719546875 0.2892505854800937
22954 21 0.62675 0.30039812646370023 0.09503125 0.12861826697892273
22954 44 0.10696875000000002 0.5995901639344262 0.027468749999999997 0.1113583138173302
22954 51 0.23029687499999998 0.6834192037470725 0.26 0.23039812646370023
22954 44 0.140375 0.574016393442623 0.03465625 0.08311475409836067
