11198 44 0.3389609375 0.21195550351288056 0.186203125 0.285503512880562
11198 44 0.807078125 0.138711943793911 0.167875 0.277423887587822
11198 44 0.07309375 0.4585831381733021 0.0855625 0.20030444964871194
11198 1 0.08687500000000001 0.5577166276346605 0.17375000000000002 0.5757142857142857
11198 48 0.1328359375 0.8693208430913348 0.077546875 0.2613583138173302
11198 48 0.7846093749999999 0.7870960187353631 0.23775 0.1304449648711944
11198 49 0.6973359375 0.7518852459016394 0.318890625 0.06798594847775176
11198 49 0.1984453125 0.8740866510538642 0.056734375000000004 0.2518266978922717
11198 51 0.438546875 0.07528103044496486 0.1424375 0.14606557377049179
11198 47 0.6057109375 0.08258782201405153 0.22789062499999999 0.16405152224824354
11198 51 0.7840078125 0.6159133489461358 0.384546875 0.5218032786885246
11198 57 0.83478125 0.507271662763466 0.020374999999999997 0.01496487119437939
11198 57 0.6786328125 0.6717096018735362 0.014140625 0.03081967213114754
11198 59 0.51971875 0.46211943793911003 0.27825 0.34592505854800937
11198 67 0.5338125 0.496615925058548 0.9323750000000001 0.9864871194379391
11198 57 0.8098515624999999 0.5929508196721311 0.045609375 0.0385480093676815
11198 57 0.6821640625000001 0.5305269320843091 0.016921875 0.040070257611241215
11198 57 0.338734375 0.4758313817330211 0.0133125 0.024918032786885248
11198 57 0.952609375 0.5699882903981265 0.031625 0.030046838407494145
11198 57 0.8670546875000001 0.465152224824356 0.017015625 0.028243559718969555
11198 57 0.6752499999999999 0.564519906323185 0.01665625 0.017798594847775174
