24939 72 0.8566953125 0.43866666666666665 0.157734375 0.31133333333333335
24939 63 0.068546875 0.72603125 0.13709375 0.5221458333333333
24939 1 0.3691015625 0.43528125 0.353921875 0.7685208333333333
24939 1 0.6075703125 0.37552083333333336 0.079203125 0.09466666666666666
24939 75 0.3073515625 0.45882291666666664 0.49557812500000004 0.03235416666666666
24939 32 0.3863046875 0.35359375000000004 0.030171874999999997 0.2561041666666667
24939 64 0.143015625 0.4751770833333333 0.16799999999999998 0.4094375
24939 75 0.69284375 0.8134791666666666 0.042312499999999996 0.043875
24939 1 0.080078125 0.45671875000000006 0.16012500000000002 0.5752291666666667
24939 47 0.8591875 0.6342083333333334 0.0413125 0.08129166666666668
