29582 19 0.508140625 0.5279391100702576 0.18684375 0.6002341920374707
29582 1 0.49944531249999996 0.379672131147541 0.157984375 0.46220140515222485
29582 1 0.31478124999999996 0.3846252927400468 0.1775 0.6698594847775176
29582 1 0.20329687500000002 0.16463700234192036 0.10118750000000001 0.20271662763466042
29582 19 0.5868359375 0.4947540983606557 0.096953125 0.3096487119437939
29582 19 0.71815625 0.4282903981264637 0.0190625 0.15873536299765809
29582 19 0.7840390625 0.5303864168618266 0.11642187500000001 0.4882201405152225
29582 19 0.9203749999999999 0.512096018735363 0.10559375 0.32461358313817334
29582 19 0.8698671875 0.47234192037470724 0.057234375000000004 0.29498829039812646
29582 19 0.8156718749999999 0.35403981264637 0.06353125 0.07201405152224824
29582 19 0.28221875 0.5905386416861826 0.28909375000000004 0.7612646370023419
29582 19 0.52109375 0.6746252927400468 0.08328125 0.19463700234192038
29582 19 0.6665703125 0.4629274004683841 0.070609375 0.24585480093676815
29582 19 0.7616484375 0.425 0.17545312500000002 0.23772833723653397
29582 19 0.1769140625 0.5747189695550351 0.164921875 0.7438173302107729
