21020 44 0.236421875 0.49073426573426576 0.01196875 0.05680652680652681
21020 72 0.62490625 0.3974941724941725 0.09978125 0.09643356643356643
21020 49 0.2813359375 0.46629370629370626 0.018359375 0.030209790209790213
21020 49 0.2660078125 0.45333333333333337 0.017765625 0.03114219114219114
21020 50 0.7274296875 0.1639160839160839 0.045328125000000004 0.17622377622377622
21020 51 0.3016796875 0.595990675990676 0.040984375 0.022564102564102562
21020 51 0.301015625 0.631013986013986 0.040999999999999995 0.02627039627039627
21020 52 0.5114453125 0.556981351981352 0.038265625 0.03592074592074592
21020 78 0.11474218750000001 0.6385081585081585 0.226453125 0.6869463869463869
21020 79 0.117234375 0.8408041958041959 0.2224375 0.28249417249417247
21020 49 0.27246875 0.4525058275058275 0.0194375 0.030326340326340327
21020 49 0.274546875 0.4632051282051282 0.018062500000000002 0.028787878787878786
21020 51 0.29948437499999997 0.6031468531468531 0.043687500000000004 0.019766899766899767
21020 44 0.246921875 0.4891724941724942 0.01128125 0.06156177156177156
21020 51 0.3013828125 0.6192540792540793 0.039109375 0.017062937062937062
21020 50 0.7746640625 0.1830885780885781 0.067796875 0.18627039627039627
21020 50 0.8699296875 0.18188811188811188 0.101390625 0.23645687645687646
