38180 3 0.5534765625 0.5545476190476191 0.042359375 0.03938095238095238
38180 3 0.595015625 0.621654761904762 0.029593750000000002 0.02192857142857143
38180 3 0.6347265624999999 0.5717261904761904 0.038171875 0.044738095238095237
38180 6 0.7506328125 0.6460714285714286 0.194671875 0.23147619047619047
38180 8 0.33547656249999996 0.6726428571428571 0.44142187499999996 0.47085714285714286
38180 3 0.615234375 0.5593571428571428 0.03640625 0.04171428571428571
38180 3 0.06425 0.6309523809523809 0.11915625 0.11504761904761905
38180 8 0.6355625 0.609547619047619 0.0325625 0.08438095238095238
38180 3 0.5749296875000001 0.5543214285714286 0.021390625 0.03669047619047619
38180 8 0.590453125 0.6942619047619047 0.0925 0.12333333333333332
