23140 39 0.161765625 0.28624121779859485 0.02284375 0.2034426229508197
23140 1 0.6506328125 0.6082084309133489 0.131953125 0.3254098360655737
23140 1 0.2593671875 0.5181381733021078 0.189359375 0.49004683840749413
23140 1 0.8223671875 0.5134894613583137 0.091453125 0.5011241217798594
23140 1 0.672125 0.13100702576112414 0.10165625 0.2588758782201405
23140 1 0.6321328125 0.14591334894613583 0.073421875 0.20765807962529276
23140 1 0.9061328124999999 0.14037470725995316 0.093140625 0.27540983606557373
23140 1 0.220265625 0.1070608899297424 0.07943750000000001 0.2141217798594848
23140 1 0.5794765625 0.12359484777517564 0.100453125 0.24269320843091333
23140 1 0.0798515625 0.10152224824355972 0.07145312499999999 0.20304449648711945
23140 1 0.33334375 0.1143911007025761 0.10334375 0.22058548009367682
23140 1 0.7932578125 0.13190866510538643 0.070265625 0.26381733021077286
23140 40 0.5772812500000001 0.7067564402810305 0.056374999999999995 0.07524590163934426
23140 1 0.27971874999999996 0.11813817330210773 0.07346875 0.18377049180327867
23140 1 0.745109375 0.15172131147540982 0.05028125 0.21121779859484777
