20561 44 0.42140625000000004 0.58478125 0.03752083333333334 0.070375
20561 1 0.17333333333333334 0.5193046875 0.21745833333333334 0.46095312499999996
20561 1 0.31670833333333337 0.37259374999999995 0.126 0.23931249999999998
20561 1 0.0445625 0.40374999999999994 0.074875 0.328875
20561 1 0.13192708333333333 0.326921875 0.06802083333333334 0.1360625
20561 1 0.3695625 0.28088281249999997 0.02275 0.036078125
20561 31 0.11143750000000001 0.4434453125 0.10154166666666667 0.139390625
20561 1 0.3539791666666667 0.28753906249999994 0.03754166666666667 0.049953125
20561 1 0.51834375 0.5438203125000001 0.2816458333333333 0.795515625
20561 1 0.4414895833333333 0.2751796875 0.034229166666666665 0.032421875
20561 1 0.39040624999999995 0.311359375 0.03702083333333333 0.08981249999999999
20561 1 0.42303124999999997 0.27945312499999997 0.026479166666666668 0.04525
20561 42 0.6562812499999999 0.6545468750000001 0.2528125 0.60259375
