14367 62 0.551015625 0.25523474178403754 0.038656249999999996 0.09873239436619718
14367 1 0.24904687499999997 0.4280985915492958 0.27371875 0.6988732394366198
14367 1 0.6127734375 0.204612676056338 0.042015625 0.18654929577464788
14367 1 0.667734375 0.18604460093896713 0.03521875 0.15551643192488263
14367 1 0.78753125 0.17677230046948356 0.021843750000000002 0.12561032863849764
14367 41 0.23020312499999998 0.7181455399061033 0.24409375 0.16262910798122066
14367 41 0.6807968750000001 0.24359154929577465 0.021249999999999998 0.0471830985915493
14367 41 0.63625 0.2258920187793427 0.022875 0.03774647887323943
14367 41 0.8723828125 0.22208920187793427 0.010828125 0.03492957746478873
14367 41 0.7793125 0.2131924882629108 0.017 0.059953051643192486
14367 1 0.447015625 0.2495892018779343 0.036875000000000005 0.13246478873239437
14367 1 0.8657265625000001 0.1878755868544601 0.022109375 0.10570422535211269
14367 1 0.6314140625 0.19088028169014085 0.033328125 0.18753521126760564
