10818 1 0.412578125 0.8104802259887005 0.042125 0.2303954802259887
10818 1 0.3145859375 0.8372175141242938 0.037515625000000004 0.20347457627118645
10818 1 0.2958125 0.8075564971751412 0.0480625 0.25302259887005646
10818 1 0.322015625 0.737090395480226 0.0158125 0.05548022598870057
10818 1 0.35285937500000003 0.8058898305084745 0.05028125 0.24483050847457627
10818 35 0.32136718750000004 0.9382485875706215 0.07095312499999999 0.04395480225988701
10818 35 0.3655859375 0.9253107344632768 0.064796875 0.03395480225988701
10818 35 0.41958593750000006 0.9246892655367231 0.036453124999999996 0.03282485875706215
10818 35 0.2485390625 0.9454237288135593 0.056734375000000004 0.050564971751412426
10818 1 0.23937499999999998 0.8336440677966102 0.0465 0.2344632768361582
