5883 1 0.7558823529411764 0.8098359374999999 0.03383529411764706 0.047734375
5883 1 0.7882941176470588 0.8111640625 0.02327058823529412 0.046140625000000005
5883 1 0.6767058823529413 0.8149062499999999 0.029976470588235295 0.05571875
5883 8 0.31874117647058825 0.8138125 0.6335764705882353 0.27331249999999996
5883 1 0.7380117647058823 0.8059375 0.01508235294117647 0.044656249999999995
5883 10 0.8752823529411765 0.3868828125 0.0767764705882353 0.086359375
5883 14 0.6988588235294118 0.7966796875 0.026611764705882356 0.034515625
5883 47 0.6976117647058824 0.43665624999999997 0.11738823529411765 0.07615625000000001
5883 72 0.49228235294117645 0.4822109375 0.1817411764705882 0.080671875
5883 1 0.7226470588235294 0.8080078125 0.0212 0.041140625
5883 6 0.898270588235294 0.7833281249999999 0.20345882352941178 0.11268750000000001
