48759 2 0.7329609374999999 0.601625 0.009265625 0.03829166666666666
48759 6 0.645875 0.6021458333333333 0.14390624999999999 0.15350000000000003
48759 6 0.2578671875 0.6284166666666666 0.515734375 0.23249999999999998
48759 1 0.7325390625 0.5885625 0.015328125000000001 0.063875
48759 13 0.9814921875 0.48385416666666664 0.035203125 0.07629166666666666
48759 10 0.9279453125 0.4491875 0.007171874999999999 0.014583333333333334
48759 10 0.8237656250000001 0.5027083333333333 0.009 0.007916666666666666
48759 10 0.84434375 0.4815625 0.00465625 0.017583333333333333
48759 3 0.5271250000000001 0.6414895833333334 0.0726875 0.0695625
48759 3 0.911234375 0.7758437499999999 0.17753125 0.42247916666666663
48759 3 0.05034375 0.7301458333333334 0.1006875 0.17408333333333334
48759 3 0.7518046875000001 0.5521354166666667 0.028453125000000003 0.029187499999999998
48759 3 0.7701796875 0.5341458333333333 0.027140625 0.03279166666666667
48759 3 0.5484140625 0.62025 0.061234374999999994 0.08366666666666665
48759 3 0.730953125 0.5644374999999999 0.0395625 0.031875
48759 7 0.24679687499999997 0.63290625 0.49359374999999994 0.22693750000000001
48759 31 0.741890625 0.7120312500000001 0.01965625 0.03714583333333333
48759 1 0.74628125 0.6793020833333333 0.0295 0.10302083333333334
48759 3 0.7861484375 0.5290416666666666 0.022109375 0.033166666666666664
48759 3 0.8709609375000001 0.5244166666666666 0.021734375 0.017208333333333332
48759 3 0.9090859375000001 0.5247083333333333 0.008046875 0.027791666666666666
48759 10 0.8350937500000001 0.46960416666666666 0.0041875 0.01025
48759 1 0.7480156250000001 0.7254999999999999 0.03284375 0.04620833333333333
