6414 6 0.6307421875 0.8952705882352942 0.281640625 0.1179764705882353
6414 6 0.8498515624999999 0.8460705882352941 0.24323437499999997 0.09214117647058823
6414 6 0.128125 0.8766941176470587 0.24118750000000003 0.11127058823529412
6414 6 0.0620625 0.8143764705882354 0.12359374999999999 0.050258823529411766
6414 1 0.06029687499999999 0.7484000000000001 0.012843750000000001 0.04164705882352941
6414 1 0.04559375 0.7516823529411764 0.0123125 0.04242352941176471
6414 3 0.9793203125 0.5496941176470589 0.028015625 0.01407058823529412
6414 3 0.9904609375 0.5425176470588235 0.019078125 0.015341176470588235
6414 1 0.0874765625 0.5639529411764705 0.0044218750000000005 0.005364705882352941
6414 1 0.1879765625 0.8840470588235295 0.014609374999999999 0.023152941176470588
6414 1 0.7201796875 0.7430588235294118 0.009734375 0.0232
6414 1 0.7289531250000001 0.7303411764705882 0.011875 0.033341176470588235
6414 1 0.7473046875 0.7340823529411765 0.006765625 0.035458823529411765
6414 1 0.7059921874999999 0.7235411764705882 0.009046875 0.011317647058823528
6414 3 0.9403515625000001 0.583 0.012015625 0.0188
6414 1 0.6456328124999999 0.9109176470588235 0.013765625 0.02028235294117647
6414 1 0.1964140625 0.5497411764705883 0.006109375 0.0144
