21051 9 0.5 0.4996344339622642 1.0 0.9775235849056605
21051 1 0.3131640625 0.5147169811320755 0.09223437500000001 0.2374056603773585
21051 1 0.39895312499999996 0.4948231132075471 0.11074999999999999 0.26478773584905657
21051 1 0.489921875 0.655495283018868 0.1294375 0.6016037735849057
21051 1 0.3355234375 0.5373349056603773 0.028515625 0.11834905660377358
21051 1 0.3106953125 0.5276768867924528 0.048515625 0.1221933962264151
21051 1 0.30646093750000003 0.5307429245283019 0.023203124999999998 0.08313679245283019
21051 15 0.62696875 0.55375 0.11862500000000001 0.17099056603773585
21051 33 0.096390625 0.8727240566037735 0.12634375 0.11507075471698112
21051 9 0.4915625 0.6123466981132075 0.97984375 0.26667452830188676
