10705 72 0.0663125 0.2784791666666667 0.043875 0.08841666666666666
10705 72 0.1296875 0.26308333333333334 0.046468749999999996 0.09295833333333332
10705 47 0.605296875 0.55753125 0.02421875 0.06064583333333333
10705 31 0.6401796875 0.6842083333333332 0.033671875000000004 0.08420833333333334
10705 1 0.79971875 0.6468125 0.26125 0.5393333333333333
10705 1 0.7127421875 0.46972916666666664 0.11785937500000002 0.16754166666666667
10705 1 0.6277734375 0.44440625 0.106578125 0.15827083333333333
10705 1 0.277875 0.42905208333333333 0.09290625 0.16214583333333332
10705 1 0.3766796875 0.5494375 0.109546875 0.3303333333333333
10705 1 0.5595546875 0.4438125 0.087640625 0.13258333333333333
10705 1 0.1808828125 0.40588541666666667 0.12176562500000002 0.25177083333333333
10705 1 0.3338671875 0.46919791666666666 0.082734375 0.17752083333333332
10705 44 0.6933984375000001 0.5587916666666666 0.019296874999999998 0.06483333333333334
10705 47 0.5423984375 0.5083645833333333 0.021390625 0.050229166666666665
10705 47 0.5270625 0.4922916666666667 0.0198125 0.03425
10705 62 0.504046875 0.7695416666666667 0.17778125 0.3720416666666667
10705 62 0.3633515625 0.7196041666666666 0.154515625 0.34379166666666666
10705 62 0.84121875 0.77928125 0.22296875 0.4076458333333333
10705 62 0.0551484375 0.7716354166666667 0.10682812500000001 0.19347916666666667
10705 62 0.776671875 0.5028020833333333 0.0703125 0.11052083333333333
10705 62 0.20640624999999999 0.5762291666666667 0.121 0.20458333333333334
10705 62 0.67425 0.43014583333333334 0.017625 0.02625
10705 67 0.6513984374999999 0.5669270833333333 0.30076562500000004 0.1836875
10705 67 0.0510625 0.41810416666666667 0.102125 0.057666666666666665
10705 1 0.24460156249999998 0.43605208333333334 0.066015625 0.13202083333333334
10705 1 0.47941406249999996 0.4328333333333333 0.091421875 0.14329166666666668
10705 47 0.7612500000000001 0.5501354166666667 0.0235625 0.0578125
10705 47 0.6839296875 0.5025 0.017890625 0.05220833333333333
10705 62 0.8124062499999999 0.51428125 0.0283125 0.07214583333333334
10705 62 0.5871562499999999 0.42373958333333334 0.02371875 0.0296875
10705 62 0.1000234375 0.5094375 0.062609375 0.13275
10705 62 0.033125 0.5110520833333333 0.06378125 0.14172916666666666
10705 62 0.0297109375 0.6569791666666667 0.059421875 0.049749999999999996
10705 62 0.75678125 0.4301145833333333 0.04109375 0.036229166666666666
10705 1 0.525828125 0.6931145833333333 0.23946874999999998 0.6137708333333334
10705 47 0.6444453125 0.5364687499999999 0.012578125 0.0515625
10705 47 0.6570390625 0.5504895833333333 0.024765625 0.06864583333333334
