32362 72 0.27613 0.3946266666666667 0.3055 0.21848
32362 1 0.49635 0.5651733333333333 0.30506 0.8381866666666666
32362 1 0.825 0.5696666666666667 0.28484 0.8382133333333333
32362 74 0.05081999999999999 0.7073466666666667 0.02404 0.018906666666666665
32362 75 0.75987 0.4770933333333333 0.02546 0.026506666666666664
32362 75 0.70672 0.4656666666666667 0.05676 0.04194666666666667
32362 75 0.37211 0.49728 0.02682 0.03285333333333333
32362 76 0.02084 0.7021733333333333 0.04168 0.03336
32362 76 0.03517 0.66264 0.07034 0.04618666666666667
32362 72 0.96742 0.5831733333333333 0.054560000000000004 0.15029333333333333
