14477 19 0.65524 0.805132625994695 0.10388 0.22183023872679045
14477 19 0.58416 0.8183687002652521 0.051 0.19026525198938993
14477 19 0.18500999999999998 0.8270159151193635 0.09594 0.19328912466843504
14477 1 0.29921 0.7866976127320956 0.02578 0.09238726790450928
14477 1 0.25021 0.7934084880636605 0.031100000000000003 0.09753315649867375
14477 1 0.87115 0.8259946949602123 0.02994 0.12419098143236075
14477 1 0.84917 0.8175198938992043 0.02354 0.10464190981432361
14477 1 0.93423 0.8547347480106101 0.03018 0.09636604774535809
14477 1 0.5337000000000001 0.7697082228116711 0.030719999999999997 0.06885941644562335
14477 1 0.7004300000000001 0.6698275862068965 0.03542 0.11079575596816978
14477 1 0.91123 0.8404376657824932 0.02658 0.10618037135278514
14477 28 0.36118 0.7462068965517242 0.02872 0.022387267904509282
14477 28 0.34273 0.7541777188328912 0.02318 0.015941644562334215
14477 28 0.37616999999999995 0.7461803713527851 0.020059999999999998 0.018832891246684347
14477 1 0.51271 0.7544694960212202 0.018699999999999998 0.033448275862068964
14477 1 0.8946799999999999 0.8197082228116712 0.02112 0.10774535809018566
14477 1 0.61064 0.6794827586206897 0.05368 0.051273209549071615
14477 1 0.08335 0.7086737400530504 0.06978 0.10164456233421751
14477 1 0.9379299999999999 0.8099602122015915 0.03102 0.043740053050397874
14477 1 0.554 0.7214854111405835 0.456 0.23342175066312998
