32606 3 0.6784296875 0.7038125000000001 0.079828125 0.074875
32606 3 0.497703125 0.6593645833333334 0.03096875 0.04635416666666667
32606 3 0.2668828125 0.68090625 0.06576562500000001 0.06814583333333334
32606 3 0.330359375 0.6784895833333333 0.055874999999999994 0.052812500000000005
32606 3 0.8587031249999999 0.80225 0.27809375 0.22920833333333332
32606 1 0.8021328125 0.8264479166666666 0.319515625 0.32735416666666667
32606 1 0.7491328125 0.6984895833333334 0.021359375 0.058770833333333335
32606 1 0.4499453125 0.6608125 0.014984375 0.035333333333333335
32606 4 0.7467265625 0.7133020833333333 0.022796875 0.0466875
32606 4 0.12166406250000002 0.6679270833333334 0.038546875 0.02722916666666667
32606 4 0.23566406250000002 0.6542604166666667 0.011671875 0.0265625
32606 4 0.2221328125 0.6513541666666666 0.019046874999999998 0.03520833333333333
32606 4 0.20520312500000001 0.6472395833333333 0.02096875 0.035604166666666666
32606 4 0.44973437499999996 0.6735625 0.011125 0.02325
32606 28 0.354984375 0.6241145833333334 0.037093749999999995 0.018520833333333334
32606 1 0.46196875000000004 0.6442708333333333 0.007531250000000001 0.017083333333333332
32606 4 0.6363984375 0.9546145833333334 0.053703125 0.07202083333333334
32606 1 0.9688281249999999 0.8962916666666666 0.06209375 0.20683333333333334
32606 1 0.48084375 0.65009375 0.010562499999999999 0.029104166666666667
32606 3 0.5968828125 0.6507708333333333 0.021609375 0.035333333333333335
32606 3 0.929515625 0.6758541666666666 0.05796875 0.03370833333333333
32606 4 0.37276562500000004 0.6839375 0.0188125 0.02354166666666667
32606 4 0.3868125 0.6682291666666667 0.01859375 0.017208333333333332
32606 4 0.47006249999999994 0.6614479166666667 0.008624999999999999 0.0183125
32606 28 0.38244531249999997 0.6298125 0.013796875 0.016916666666666667
32606 4 0.461421875 0.6542708333333334 0.0075625 0.01975
32606 4 0.5739296875 0.6465729166666666 0.005265625 0.009229166666666667
32606 4 0.18580468749999998 0.64978125 0.022421875 0.03260416666666667
32606 4 0.14375 0.640625 0.0625 0.04375
