19002 1 0.35232291666666665 0.6640937499999999 0.0599375 0.11178125000000001
19002 1 0.39369791666666665 0.6703125 0.034687499999999996 0.084875
19002 1 0.48872916666666666 0.6736796875 0.01575 0.025203125
19002 1 0.5217604166666666 0.670828125 0.01914583333333333 0.03590625
19002 1 0.550875 0.6715546874999999 0.008083333333333333 0.016453125
19002 1 0.5859062500000001 0.6703749999999999 0.009520833333333334 0.00925
19002 1 0.8890416666666667 0.5842109375000001 0.01941666666666667 0.049171875
19002 38 0.35814583333333333 0.336125 0.036375000000000005 0.0545625
19002 38 0.3971666666666666 0.3792265625 0.016208333333333335 0.088234375
19002 1 0.5287291666666667 0.6729296875 0.007125 0.028359375
19002 38 0.37064583333333334 0.7006328125 0.12595833333333334 0.064734375
19002 38 0.16902083333333334 0.57746875 0.022833333333333334 0.01096875
19002 1 0.16878124999999997 0.6704921875000001 0.025229166666666667 0.046828125
19002 1 0.91696875 0.6375703125 0.057645833333333334 0.152046875
19002 38 0.06995833333333333 0.516328125 0.01625 0.008968750000000001
19002 1 0.8751354166666666 0.6540390625 0.024562499999999998 0.049484375000000004
19002 1 0.26828125 0.6747890625 0.0563125 0.076578125
19002 1 0.7425520833333332 0.70021875 0.3967708333333333 0.5995625
19002 1 0.5135416666666667 0.6671875 0.9354166666666667 0.109375
