47294 4 0.7525234375000001 0.68971875 0.48598437499999997 0.5896875
47294 4 0.1666640625 0.6719583333333332 0.265296875 0.6258333333333332
47294 1 0.309265625 0.43145833333333333 0.06909375 0.16629166666666664
47294 1 0.3722109375 0.6382604166666667 0.14754687500000002 0.6629791666666667
47294 1 0.6320234375 0.48202083333333334 0.13482812500000002 0.37079166666666663
47294 1 0.778109375 0.64765625 0.19671875 0.7046875
47294 1 0.8582578125 0.41409375000000004 0.098515625 0.16418750000000001
47294 1 0.241015625 0.5460625 0.1045 0.503375
47294 1 0.0792109375 0.5955 0.144953125 0.6696666666666666
47294 1 0.17229687500000002 0.34177083333333336 0.044656249999999995 0.06283333333333334
47294 1 0.13225 0.35087500000000005 0.04278125 0.13458333333333333
47294 1 0.46577343750000005 0.39091666666666663 0.049578125 0.1284583333333333
47294 1 0.414375 0.6423958333333334 0.10453125 0.61675
47294 27 0.3069375 0.57609375 0.046468749999999996 0.1768125
47294 1 0.46775781250000004 0.6470104166666667 0.10392187500000001 0.5788541666666667
47294 1 0.8880468749999999 0.47627083333333337 0.08334375000000001 0.19841666666666666
47294 1 0.0234375 0.34791666666666665 0.040625 0.10833333333333334
