34487 1 0.4461015625 0.5518852459016393 0.182015625 0.5796955503512881
34487 15 0.8442890625 0.6071077283372366 0.311421875 0.3453629976580796
34487 15 0.46089843750000004 0.5772950819672131 0.32414062499999996 0.35149882903981267
34487 47 0.7522890625 0.6105971896955504 0.020078125 0.03918032786885246
34487 27 0.3326328125 0.5693325526932084 0.100515625 0.1957142857142857
34487 1 0.0214140625 0.22814988290398128 0.011765625 0.046604215456674467
34487 1 0.7707421875 0.34045667447306793 0.016765625 0.07491803278688525
34487 1 0.1065859375 0.2371311475409836 0.005109375 0.04039812646370024
34487 1 0.1379921875 0.24000000000000002 0.008953125000000001 0.031007025761124123
34487 1 0.20577343750000004 0.24153395784543327 0.006890625 0.039367681498829035
34487 1 0.7474609375 0.3311124121779859 0.019859375000000002 0.07365339578454333
34487 1 0.83840625 0.34699063231850114 0.0089375 0.032903981264637006
34487 1 0.8526875 0.3451170960187353 0.00809375 0.03810304449648712
34487 1 0.8835078125000001 0.3531030444964871 0.013171875 0.03674473067915691
34487 1 0.2136796875 0.2517330210772834 0.007140625 0.032833723653395784
34487 1 0.060445312499999994 0.23296252927400468 0.007578125 0.04362997658079625
34487 1 0.0717890625 0.23878220140515222 0.010203125 0.029648711943793912
34487 1 0.09765625 0.2388758782201405 0.1921875 0.08430913348946135
