10414 51 0.7571299999999999 0.7524642857142856 0.4219 0.49326190476190473
10414 51 0.30674 0.7101190476190476 0.46624 0.5528095238095239
10414 51 0.66122 0.2922857142857143 0.46416 0.5483333333333333
10414 51 0.23731 0.2298214285714286 0.4181 0.4282619047619048
10414 56 0.61478 0.10977380952380954 0.07476000000000001 0.10307142857142856
10414 56 0.68508 0.38173809523809527 0.0912 0.13790476190476192
10414 56 0.60139 0.4184880952380952 0.05142 0.04645238095238095
10414 57 0.8322099999999999 0.28672619047619047 0.07106 0.06607142857142857
10414 56 0.76063 0.3774761904761905 0.09918 0.12628571428571428
10414 56 0.71218 0.1336190476190476 0.05672 0.05714285714285714
10414 56 0.50103 0.18191666666666667 0.05274 0.060690476190476184
10414 56 0.5319400000000001 0.3658809523809524 0.08464 0.12285714285714286
10414 56 0.49317 0.26504761904761903 0.06562 0.05952380952380952
10414 57 0.76751 0.28948809523809527 0.02854 0.052071428571428574
10414 57 0.55586 0.14833333333333332 0.0518 0.040523809523809524
