7228 2 0.6835 0.49650666666666665 0.04548 0.05808
7228 2 0.27312000000000003 0.7531333333333333 0.08712 0.24653333333333335
7228 3 0.17785000000000004 0.49205333333333334 0.19258 0.20181333333333334
7228 3 0.37082 0.4866533333333333 0.09628 0.13250666666666666
7228 3 0.51994 0.45167999999999997 0.08596 0.053919999999999996
7228 3 0.42037 0.47733333333333333 0.06826 0.10549333333333334
7228 3 0.72903 0.41512 0.045259999999999995 0.04224
7228 3 0.49169 0.42513333333333336 0.0489 0.04194666666666667
7228 3 0.02572 0.46127999999999997 0.05144 0.096
7228 10 0.5536500000000001 0.19116 0.042140000000000004 0.17976
7228 10 0.49663 0.17454666666666666 0.04054 0.13512000000000002
7228 10 0.41079 0.16778666666666667 0.045899999999999996 0.13605333333333333
7228 27 0.7226899999999999 0.61568 0.11986 0.21989333333333333
7228 27 0.56504 0.7397866666666667 0.08472 0.14314666666666667
7228 1 0.36738 0.7589733333333334 0.1438 0.48205333333333333
7228 1 0.29039 0.58612 0.09738 0.3508533333333333
7228 1 0.78097 0.46598666666666666 0.05198 0.13746666666666665
7228 1 0.47623000000000004 0.54868 0.07701999999999999 0.21421333333333334
7228 1 0.74412 0.7073999999999999 0.2102 0.57624
7228 1 0.58989 0.7820266666666666 0.1517 0.4134933333333333
7228 1 0.060680000000000005 0.60636 0.09776 0.40898666666666667
7228 1 0.98039 0.4913733333333334 0.03922 0.0796
7228 1 0.68374 0.45032 0.045759999999999995 0.13509333333333332
7228 2 0.47461000000000003 0.62384 0.07518000000000001 0.15653333333333333
7228 10 0.3453 0.19192 0.03388 0.11674666666666667
7228 14 0.4274 0.41012 0.02404 0.0852
7228 1 0.20992000000000002 0.4453866666666667 0.02404 0.03877333333333333
7228 1 0.35326 0.458 0.0184 0.02453333333333333
7228 2 0.05775 0.7639066666666666 0.10462 0.24562666666666666
7228 2 0.9814100000000001 0.48397333333333326 0.03718 0.09920000000000001
7228 3 0.84189 0.41723999999999994 0.015099999999999999 0.017573333333333333
7228 10 0.50027 0.30893333333333334 0.05206 0.06853333333333333
7228 3 0.56926 0.4297066666666667 0.05904 0.03146666666666667
7228 3 0.80654 0.42790666666666666 0.017920000000000002 0.026959999999999998
7228 3 0.05781 0.41079999999999994 0.11562 0.051199999999999996
