6747 44 0.1848125 0.7874791666666667 0.052031249999999994 0.12987500000000002
6747 44 0.324359375 0.9309375000000001 0.075125 0.13479166666666667
6747 1 0.532234375 0.4610208333333334 0.20684375 0.31166666666666665
6747 1 0.22954687500000004 0.6771354166666667 0.45571875000000006 0.43497916666666664
6747 59 0.4742890625 0.7726770833333333 0.187671875 0.11339583333333333
6747 67 0.3918125 0.9125520833333333 0.3565 0.15247916666666667
6747 51 0.338234375 0.9334583333333334 0.224875 0.13308333333333333
6747 62 0.6589921875 0.8474270833333333 0.186046875 0.14931250000000001
6747 62 0.785390625 0.9053541666666667 0.0713125 0.17375000000000002
6747 62 0.333328125 0.7238229166666666 0.12003124999999999 0.2133125
6747 1 0.7935156250000001 0.7532604166666667 0.41296875 0.4934791666666667
6747 44 0.19615625 0.9086354166666667 0.07943750000000001 0.18272916666666666
6747 62 0.7532890625 0.7287708333333334 0.116921875 0.0925
6747 51 0.936734375 0.9769375 0.12653125 0.046125
