15554 28 0.35771875 0.07995327102803738 0.52565625 0.14864485981308412
15554 3 0.126234375 0.6314602803738317 0.25246875 0.4449299065420561
15554 3 0.9057343750000001 0.2184929906542056 0.18853124999999998 0.14250000000000002
15554 3 0.5114296875 0.2690420560747664 0.423328125 0.19509345794392524
15554 3 0.687015625 0.23224299065420562 0.16484375 0.1557943925233645
15554 3 0.18109375 0.26235981308411216 0.35315625 0.1955140186915888
15554 1 0.43228124999999995 0.5265771028037384 0.16568750000000002 0.8378271028037383
15554 31 0.5248593749999999 0.4541822429906542 0.09596875 0.38373831775700934
15554 1 0.1153125 0.1757593457943925 0.0338125 0.0630607476635514
15554 1 0.1701953125 0.21081775700934577 0.045234375 0.0447196261682243
15554 1 0.5557890624999999 0.21933411214953272 0.032859375 0.0516588785046729
