24849 44 0.7170833333333334 0.545125 0.046 0.11409375
24849 44 0.75496875 0.545953125 0.036229166666666666 0.10684374999999999
24849 1 0.14446875 0.5592578125000001 0.2889375 0.857796875
24849 49 0.9241875 0.41640625 0.07591666666666666 0.16815625
24849 49 0.9478645833333333 0.4106953125 0.08097916666666666 0.179828125
24849 53 0.40206249999999993 0.620109375 0.060083333333333336 0.04271875
24849 79 0.6353958333333334 0.8363671874999999 0.5939583333333334 0.327265625
24849 79 0.7097395833333332 0.7528046875 0.5805208333333333 0.21573437499999998
24849 52 0.6055416666666668 0.5456015625 0.11216666666666668 0.067015625
24849 55 0.6713645833333334 0.57515625 0.05297916666666667 0.033187499999999995
24849 55 0.6661145833333334 0.537390625 0.04789583333333333 0.04315625
24849 49 0.9863229166666667 0.383984375 0.02735416666666667 0.06003125
24849 53 0.6348958333333333 0.6109921875000001 0.04320833333333333 0.031421875
24849 1 0.20280208333333333 0.4496875 0.1940625 0.26703125
