24972 32 0.5189765625 0.5605865921787709 0.006640625 0.07469273743016759
24972 32 0.436046875 0.5836731843575419 0.014343749999999999 0.12248603351955308
24972 32 0.3488515625 0.5531564245810056 0.014671875000000001 0.06050279329608939
24972 32 0.1905859375 0.5554748603351954 0.011203125 0.0711173184357542
24972 32 0.11112499999999999 0.5413268156424581 0.00953125 0.05337988826815642
24972 32 0.3332265625 0.42871508379888273 0.008015625 0.04826815642458101
24972 32 0.601296875 0.5516620111731844 0.00625 0.06935754189944134
24972 32 0.9386875 0.4431703910614525 0.0089375 0.032318435754189946
24972 32 0.082140625 0.4116061452513967 0.0083125 0.036955307262569834
24972 32 0.5108046875000001 0.4254748603351955 0.012234375 0.03156424581005587
24972 32 0.27459374999999997 0.5591340782122904 0.01096875 0.06810055865921788
24972 32 0.24176562499999998 0.4306284916201117 0.01225 0.06405027932960894
24972 32 0.2946875 0.4046927374301676 0.0075625 0.01335195530726257
24972 32 0.4504921875 0.4171787709497207 0.006859374999999999 0.03363128491620111
24972 32 0.7623203125 0.5760474860335195 0.016390625 0.1390223463687151
24972 1 0.601375 0.6357262569832403 0.09109375 0.4044692737430168
24972 1 0.518796875 0.6382122905027934 0.08199999999999999 0.4025139664804469
24972 1 0.1045078125 0.6427374301675978 0.10092187500000001 0.4448603351955307
24972 1 0.19284375 0.6397905027932961 0.09121875 0.41215083798882685
24972 1 0.351109375 0.63981843575419 0.07896875 0.40097765363128496
24972 1 0.1667734375 0.4333379888268156 0.076390625 0.18734636871508378
24972 1 0.6839921875000001 0.6438826815642458 0.071203125 0.39312849162011176
24972 1 0.7593984375 0.6226675977653632 0.09423437500000001 0.4141620111731844
24972 1 0.43660156250000004 0.6323324022346368 0.078234375 0.4010335195530726
24972 1 0.27046875 0.6429469273743016 0.0881875 0.3952793296089385
24972 1 0.8510078125 0.6348324022346369 0.098046875 0.42022346368715086
24972 1 0.92265625 0.6359636871508381 0.09303125 0.3955027932960894
24972 62 0.09934375 0.7637849162011173 0.07878125 0.13047486033519554
24972 62 0.185828125 0.7663407821229051 0.07571875 0.13675977653631285
24972 62 0.5216640625 0.7618016759776537 0.072921875 0.14829608938547487
24972 62 0.6003046875 0.7312709497206704 0.083828125 0.19986033519553073
24972 62 0.682484375 0.6982122905027932 0.08496875000000001 0.25318435754189944
24972 62 0.4373046875 0.7604329608938548 0.072484375 0.13946927374301676
24972 62 0.768234375 0.7656564245810057 0.07296875 0.13639664804469273
24972 62 0.8447890625 0.7402653631284916 0.085203125 0.16779329608938548
24972 62 0.9296640625 0.7580307262569832 0.082234375 0.14488826815642458
24972 62 0.31721875 0.7626675977653631 0.01021875 0.13891061452513967
24972 62 0.365234375 0.7599022346368716 0.049812499999999996 0.1286312849162011
24972 62 0.2706328125 0.7625977653631285 0.073671875 0.13927374301675977
24972 62 0.9306640625 0.6999301675977654 0.016953125 0.02153631284916201
24972 62 0.58125 0.6424581005586593 0.403125 0.16201117318435754
24972 32 0.546875 0.5237430167597765 0.76875 0.23743016759776536
