44839 47 0.123125 0.8787382075471699 0.06775 0.13851415094339622
44839 48 0.9517890625 0.7701061320754716 0.096421875 0.09941037735849056
44839 50 0.1204140625 0.8503419811320754 0.11742187500000001 0.11181603773584906
44839 61 0.8026562500000001 0.8989858490566038 0.09590625 0.06358490566037736
44839 61 0.4584921874999999 0.9011556603773584 0.094828125 0.04867924528301887
44839 61 0.19290625 0.8933018867924528 0.0298125 0.05660377358490566
44839 61 0.17028906249999998 0.7862617924528302 0.06301562499999999 0.05483490566037736
44839 1 0.5426562500000001 0.7202240566037735 0.33496875 0.42021226415094337
44839 1 0.454078125 0.4707783018867924 0.265 0.8741509433962263
44839 1 0.870703125 0.7011202830188679 0.25859375 0.3910141509433962
44839 1 0.6758984375 0.539316037735849 0.256078125 0.7191037735849056
44839 1 0.5145625 0.4869575471698113 0.970875 0.8545283018867924
44839 48 0.5112890625000001 0.9250353773584906 0.13973437500000002 0.031108490566037733
44839 61 0.7678359374999999 0.37613207547169814 0.46432812500000004 0.13514150943396225
44839 64 0.12045312499999998 0.3831132075471698 0.23746874999999998 0.5584433962264151
44839 67 0.5010312499999999 0.9428537735849057 0.99771875 0.11429245283018868
44839 48 0.9818046875 0.359504716981132 0.016828125 0.025566037735849055
44839 48 0.6644140624999999 0.39885613207547166 0.011359375 0.019504716981132073
44839 50 0.9524609374999999 0.7693867924528303 0.095078125 0.10037735849056605
