9878 1 0.5758984375 0.32948827292110877 0.152796875 0.48430703624733473
9878 1 0.6378046875 0.38383795309168445 0.37370312499999997 0.6773134328358209
9878 1 0.8674140625 0.39000000000000007 0.142421875 0.47624733475479747
9878 1 0.44232812499999996 0.4031556503198294 0.20796874999999998 0.5653304904051173
9878 1 0.136828125 0.3721748400852879 0.13828125 0.35714285714285715
9878 1 0.058046875 0.384275053304904 0.0725 0.36010660980810233
9878 1 0.09734374999999999 0.2307356076759062 0.029187499999999998 0.09332622601279318
9878 49 0.45222656250000004 0.6779744136460555 0.008828125000000001 0.04503198294243071
9878 61 0.5098515625 0.8290831556503199 0.655765625 0.31543710021321963
9878 1 0.7920546875000001 0.2646588486140725 0.024546875000000003 0.05776119402985075
9878 32 0.8770078124999999 0.27578891257995736 0.011421875 0.0467590618336887
9878 67 0.9008359375000001 0.8177825159914711 0.19832812500000002 0.36443496801705755
9878 1 0.33021875 0.43703624733475477 0.23340624999999998 0.5185074626865672
9878 67 0.2017578125 0.5553411513859274 0.070421875 0.12321961620469082
9878 1 0.9234218750000001 0.26239872068230274 0.02090625 0.027569296375266523
9878 1 0.3523046875 0.27917910447761196 0.051015624999999995 0.07874200426439232
9878 1 0.0229609375 0.285863539445629 0.045328125000000004 0.10963752665245204
9878 1 0.22721874999999997 0.26140724946695093 0.0356875 0.07044776119402985
9878 67 0.5102578124999999 0.8464925373134329 0.8178593749999999 0.2864179104477612
9878 1 0.5734375 0.34328358208955223 0.85 0.2601279317697228
