33813 9 0.3971171875 0.9308990147783252 0.132421875 0.1229310344827586
33813 9 0.511421875 0.9418719211822661 0.10059375 0.11625615763546798
33813 9 0.624765625 0.9408990147783252 0.114625 0.11820197044334976
33813 9 0.748421875 0.5539408866995074 0.11690624999999999 0.8696551724137931
33813 9 0.9594765624999999 0.7006280788177339 0.079421875 0.26701970443349754
33813 9 0.8768203125000001 0.5014655172413792 0.094046875 0.6493842364532019
33813 9 0.5799140625000001 0.7833128078817734 0.09914062500000001 0.07268472906403942
33813 9 0.4850703125 0.7325862068965517 0.09182812500000001 0.1985714285714286
33813 9 0.2537109375 0.4364532019704433 0.093453125 0.10320197044334975
33813 9 0.3866171875 0.6362068965517241 0.091296875 0.34073891625615765
33813 9 0.28038281249999997 0.9382758620689655 0.156640625 0.0938423645320197
33813 9 0.2808046875 0.8627586206896553 0.110671875 0.1003448275862069
33813 9 0.7594921875 0.7798768472906403 0.10989062499999999 0.09295566502463054
33813 9 0.49921875 0.5012315270935961 0.9984375 0.9926108374384236
