48037 44 0.6422489539748955 0.6763203124999999 0.04449790794979079 0.102546875
48037 44 0.5965167364016736 0.618546875 0.02190376569037657 0.03846875
48037 44 0.5729497907949791 0.6035234375 0.028828451882845187 0.030734375
48037 44 0.5551987447698744 0.6410078125 0.035920502092050215 0.068109375
48037 44 0.39073221757322174 0.604703125 0.0498744769874477 0.08603125
48037 44 0.6173117154811715 0.6609296875 0.03407949790794979 0.098953125
48037 44 0.6781485355648535 0.510125 0.05261506276150627 0.0774375
48037 44 0.6655962343096233 0.6600625 0.019351464435146442 0.07731249999999999
48037 44 0.7077824267782427 0.5230390625 0.06188284518828451 0.060390624999999996
48037 51 0.3169456066945607 0.092296875 0.15426778242677824 0.02346875
48037 44 0.5804497907949792 0.6552421875000001 0.041192468619246865 0.076109375
48037 44 0.5325313807531381 0.628953125 0.03589958158995816 0.06809375
48037 44 0.26261506276150626 0.4116328125 0.046945606694560674 0.098046875
48037 44 0.6555020920502092 0.5045234375000001 0.04087866108786611 0.071234375
48037 44 0.4895397489539749 0.55078125 0.4309623430962343 0.3765625
