4574 1 0.8742604166666667 0.3025390625 0.1170625 0.158203125
4574 1 0.8943333333333334 0.2475 0.07341666666666667 0.060375
4574 33 0.42423958333333334 0.55253125 0.4020208333333333 0.18690625
4574 33 0.5301354166666666 0.4613203125 0.4365625 0.217109375
4574 33 0.78021875 0.500390625 0.23189583333333333 0.1234375
4574 27 0.9118333333333334 0.2534375 0.04045833333333334 0.04259375
4574 31 0.9216458333333333 0.292953125 0.028083333333333335 0.0320625
4574 33 0.8050208333333333 0.4237265625 0.15533333333333335 0.071078125
4574 33 0.6656875000000001 0.3065859375 0.09783333333333334 0.035703125
4574 33 0.28072916666666664 0.7354140625 0.43291666666666667 0.41039062499999995
4574 33 0.7482187499999999 0.44765625 0.27722916666666664 0.10084375000000001
4574 33 0.80865625 0.3831171875 0.10735416666666667 0.054546874999999995
4574 33 0.59740625 0.36882812499999995 0.2528125 0.083125
4574 33 0.7629270833333333 0.3124921875 0.16664583333333333 0.075171875
4574 33 0.7336562499999999 0.3458671875 0.22510416666666666 0.071109375
