28823 3 0.9594374999999999 0.9595416666666667 0.08046875 0.05875
28823 3 0.9052031250000001 0.9588333333333333 0.03228125 0.04891666666666667
28823 1 0.7461093750000001 0.94646875 0.00871875 0.03747916666666666
28823 1 0.7616171875 0.9446979166666666 0.013171875 0.03672916666666667
28823 1 0.7916640625 0.9318541666666665 0.008046875 0.022500000000000003
28823 1 0.1447265625 0.8698437499999999 0.014515624999999999 0.03935416666666667
28823 38 0.46740624999999997 0.06526041666666667 0.0338125 0.0414375
28823 38 0.5843515625 0.42151041666666667 0.046390625000000005 0.1888125
28823 1 0.46290624999999996 0.8989166666666667 0.0055 0.014291666666666668
28823 1 0.733375 0.9323437499999999 0.00578125 0.023979166666666666
28823 1 0.7159375 0.9259375 0.005875 0.015916666666666666
28823 1 0.40853125000000007 0.8927291666666667 0.008125 0.027875
28823 1 0.48851562499999995 0.9026875000000001 0.0055625 0.013708333333333333
28823 1 0.8207968750000001 0.9382708333333334 0.0074062500000000005 0.03141666666666667
28823 1 0.3893125 0.8946458333333334 0.005375 0.021500000000000002
28823 38 0.583984375 0.8863541666666668 0.054625 0.0715
28823 38 0.2475078125 0.8352083333333334 0.058203125 0.047625
28823 38 0.6348125 0.7812604166666668 0.0225 0.049104166666666664
28823 38 0.5803750000000001 0.55121875 0.007718750000000001 0.026104166666666664
28823 1 0.1240234375 0.8665520833333333 0.011578125 0.034479166666666665
28823 2 0.9681484375 0.9780208333333333 0.044140625 0.034666666666666665
28823 1 0.9680624999999999 0.9641979166666667 0.021249999999999998 0.06502083333333333
28823 38 0.3934609375 0.5607291666666667 0.006828125 0.015250000000000001
28823 38 0.7141796874999999 0.9463958333333333 0.014484374999999999 0.008833333333333334
28823 1 0.79296875 0.9427083333333334 0.0453125 0.04375
