11241 44 0.507796875 0.2828805620608899 0.02946875 0.13629976580796255
11241 44 0.53934375 0.2624590163934426 0.035312500000000004 0.18327868852459017
11241 44 0.5610703125 0.24223653395784545 0.027203125 0.13177985948477752
11241 54 0.473328125 0.5556323185011709 0.0499375 0.05444964871194379
11241 54 0.4058671875 0.5876112412177986 0.064578125 0.05681498829039813
11241 54 0.44139062500000004 0.5724941451990632 0.04409375 0.05847775175644028
11241 54 0.5934296874999999 0.6561475409836065 0.113546875 0.10466042154566745
11241 54 0.5631250000000001 0.5655035128805621 0.05387499999999999 0.0771896955503513
11241 54 0.6012578125 0.5474473067915692 0.042609375 0.07985948477751757
11241 47 0.5888515625 0.33117096018735365 0.025734374999999997 0.06866510538641686
11241 50 0.9014921874999999 0.8421077283372365 0.197015625 0.05334894613583138
11241 50 0.9630156249999999 0.7458665105386416 0.07396875 0.007751756440281031
11241 50 0.24135156249999995 0.4914754098360656 0.07523437499999999 0.03775175644028103
11241 51 0.87734375 0.8501170960187353 0.2453125 0.22234192037470726
11241 51 0.7386484375 0.7292271662763465 0.10498437499999999 0.1101639344262295
11241 51 0.817578125 0.6294028103044497 0.06803125 0.061522248243559716
11241 51 0.9520390625000001 0.6483372365339578 0.093328125 0.10271662763466043
11241 51 0.78553125 0.6737939110070257 0.0963125 0.10271662763466043
11241 44 0.5065078125 0.2269320843091335 0.023734375 0.09063231850117097
11241 47 0.6044765625 0.3260187353629977 0.022640625 0.06665105386416861
11241 47 0.982375 0.3648009367681499 0.03390625 0.12295081967213115
11241 49 0.49775 0.6603981264637002 0.046 0.10098360655737704
11241 51 0.9178515625000001 0.7476463700234192 0.164296875 0.1663466042154567
11241 54 0.39188281249999996 0.6139227166276346 0.052078124999999996 0.043021077283372365
11241 54 0.38382031250000004 0.5872365339578455 0.035796875 0.03681498829039813
11241 54 0.6021328125000001 0.6449648711943793 0.052828125000000004 0.05662763466042155
11241 51 0.69046875 0.785327868852459 0.09109375 0.10484777517564403
11241 60 0.8627890624999999 0.398231850117096 0.064640625 0.04498829039812646
