31590 32 0.8129062499999999 0.8998360655737705 0.03046875 0.06969555035128806
31590 32 0.060289062500000004 0.8697306791569087 0.040046874999999996 0.2394145199063232
31590 32 0.5092578125 0.8268032786885247 0.014421875 0.04156908665105386
31590 1 0.2923671875 0.5887587822014052 0.437796875 0.7955035128805621
31590 1 0.49926562500000005 0.8157259953161592 0.19490625 0.34606557377049185
31590 1 0.3463984375 0.8752810304449649 0.072015625 0.24943793911007026
31590 1 0.77290625 0.8307142857142857 0.40371875 0.33679156908665103
31590 1 0.0532265625 0.7921311475409837 0.10345312499999999 0.4157377049180328
31590 1 0.617640625 0.8181264637002342 0.26578124999999997 0.3637470725995316
31590 47 0.3254921875 0.9473536299765808 0.047953125 0.10515222482435597
