23718 6 0.6866864608076009 0.6320546874999999 0.04847980997624703 0.060390624999999996
23718 6 0.7355225653206651 0.6271796875 0.02833729216152019 0.05645312500000001
23718 1 0.8070308788598575 0.6531328125 0.01971496437054632 0.026453125
23718 1 0.7841448931116389 0.65153125 0.016935866983372922 0.026937499999999996
23718 1 0.8271971496437055 0.6520546875 0.03225653206650832 0.029078125
23718 1 0.7544893111638955 0.6546015625 0.01995249406175772 0.021890625
23718 1 0.9362589073634203 0.6522421875 0.025629453681710213 0.040734375
23718 1 0.9107363420427553 0.6563046875 0.03947743467933492 0.032796874999999996
23718 3 0.9709026128266033 0.6573515625 0.05819477434679335 0.035890624999999995
23718 1 0.7591686460807602 0.6494609375 0.010688836104513063 0.017140625
23718 1 0.6562114014251781 0.6508203125 0.028194774346793346 0.017359375
23718 1 0.7963064133016626 0.6541953125 0.016460807600950117 0.024953125
23718 1 0.768064133016627 0.6530390625 0.014085510688836103 0.025578125
23718 3 0.8710095011876484 0.655125 0.05356294536817102 0.025625
23718 3 0.8478859857482186 0.655265625 0.02845605700712589 0.01971875
