22118 28 0.8628203125 0.33366666666666667 0.215484375 0.07087500000000001
22118 28 0.7494609375 0.39806250000000004 0.109390625 0.13745833333333335
22118 28 0.6570703124999999 0.3394166666666667 0.098046875 0.04525
22118 28 0.305328125 0.4076145833333333 0.13571875 0.20502083333333332
22118 28 0.50209375 0.33481249999999996 0.14465625 0.061000000000000006
22118 62 0.03290625 0.4553958333333333 0.06434375 0.10970833333333332
22118 1 0.61328125 0.5158645833333333 0.060625 0.14731249999999999
22118 1 0.4543125 0.5025937500000001 0.11712499999999999 0.12002083333333333
22118 1 0.3835625 0.44538541666666664 0.04071875 0.06931250000000001
22118 1 0.33573437500000003 0.4412604166666666 0.03696875 0.07010416666666666
22118 1 0.35513281250000006 0.5242708333333332 0.081109375 0.07791666666666666
22118 1 0.1213828125 0.46117708333333335 0.090265625 0.3169375
22118 1 0.2930625 0.44027083333333333 0.03534375 0.065625
22118 1 0.057609375000000004 0.37215624999999997 0.03359375 0.0859375
22118 1 0.8738828125 0.54671875 0.166390625 0.06502083333333333
22118 27 0.5599609375 0.43854166666666666 0.023359374999999998 0.014291666666666668
22118 27 0.1725234375 0.5167916666666666 0.037671875 0.07066666666666667
22118 31 0.22438281249999997 0.553125 0.060078125 0.05670833333333333
22118 1 0.893578125 0.40119791666666665 0.01821875 0.06072916666666666
22118 1 0.8141484375000001 0.4663958333333333 0.042640625 0.07375
22118 31 0.34890625 0.55234375 0.058812500000000004 0.049770833333333334
22118 31 0.73409375 0.5393333333333333 0.053125 0.04458333333333333
22118 31 0.7522578125000001 0.4888958333333333 0.011828125 0.020625
22118 31 0.56040625 0.4382395833333333 0.02459375 0.015270833333333334
22118 31 0.17328125 0.5194166666666666 0.0350625 0.06495833333333333
22118 1 0.009609375 0.38610416666666664 0.01846875 0.058916666666666666
22118 28 0.5374609375 0.45409375 0.182140625 0.23810416666666667
22118 28 0.6156718750000001 0.3778020833333333 0.13215625 0.08810416666666666
22118 28 0.2376171875 0.4409479166666667 0.072890625 0.3346875
22118 28 0.9653671875000001 0.38175000000000003 0.058078125 0.031208333333333334
22118 28 0.9883906249999999 0.36325 0.02321875 0.034083333333333334
22118 33 0.211484375 0.5459791666666667 0.07975 0.06845833333333333
22118 77 0.907828125 0.5187916666666667 0.0023125 0.009791666666666667
22118 1 0.7840234375 0.4681145833333334 0.055390625000000006 0.08577083333333334
22118 1 0.54765625 0.38645833333333335 0.8390625 0.15625
