2907 8 0.10678823529411764 0.4313359375 0.21357647058823528 0.09992187500000001
2907 34 0.8185882352941176 0.21984374999999998 0.13040000000000002 0.049062499999999995
2907 1 0.5521882352941176 0.7157734375 0.30310588235294117 0.404140625
2907 1 0.9658823529411765 0.7147578125 0.06663529411764706 0.29298437499999996
2907 1 0.10074117647058824 0.450375 0.032494117647058826 0.09296875
2907 1 0.3644588235294118 0.46535937499999996 0.026329411764705882 0.02371875
2907 1 0.25578823529411765 0.44828906249999995 0.06244705882352941 0.10523437499999999
2907 1 0.3316117647058824 0.458359375 0.051929411764705884 0.07790625
2907 1 0.9578705882352941 0.4461953125 0.08425882352941177 0.102703125
2907 1 0.15562352941176472 0.4502265625 0.06625882352941176 0.094140625
2907 1 0.2001764705882353 0.4492265625 0.056447058823529406 0.092078125
2907 1 0.35137647058823523 0.6241484374999999 0.5077411764705883 0.532234375
2907 1 0.7330117647058825 0.519171875 0.2540705882352941 0.28384375
