19456 44 0.7222265625 0.5845833333333333 0.028984375 0.11975
19456 62 0.512359375 0.92696875 0.7449375 0.12360416666666667
19456 1 0.4153593750000001 0.46077083333333335 0.20515625 0.320625
19456 1 0.10785937500000001 0.36970833333333336 0.173125 0.4126666666666667
19456 49 0.9227656249999999 0.25808333333333333 0.017687500000000002 0.11033333333333334
19456 49 0.9648749999999999 0.29134375 0.015 0.13268749999999999
19456 50 0.6890625 0.645125 0.03696875 0.043333333333333335
19456 51 0.7063046875 0.6810416666666668 0.159640625 0.08612500000000001
19456 1 0.8165703125 0.5858333333333333 0.362359375 0.8
19456 27 0.30584375 0.5219166666666666 0.07709375 0.11179166666666666
19456 49 0.946953125 0.27651041666666665 0.009093750000000001 0.11760416666666668
19456 51 0.730375 0.6698229166666666 0.1046875 0.0436875
19456 1 0.5595078124999999 0.42101041666666666 0.251390625 0.3075625
