17683 1 0.5764921875 0.8053729281767956 0.056640625 0.15941988950276242
17683 1 0.416328125 0.8039364640883977 0.03103125 0.16069060773480665
17683 1 0.19894531249999997 0.7983563535911602 0.041421875000000004 0.16687845303867402
17683 3 0.9671406250000001 0.8094198895027624 0.06571875 0.08469613259668508
17683 1 0.3986484375 0.7947790055248618 0.023109374999999998 0.14961325966850827
17683 6 0.304265625 0.7437569060773481 0.15146874999999999 0.24696132596685083
17683 6 0.45238281249999995 0.7069475138121547 0.172515625 0.33035911602209944
17683 6 0.6018828125 0.6986878453038674 0.167765625 0.3473204419889503
17683 6 0.739046875 0.7562430939226519 0.15921875000000002 0.22392265193370167
17683 6 0.12193749999999999 0.6727348066298342 0.14396875 0.40519337016574586
17683 6 0.85390625 0.7359806629834255 0.16975 0.2715193370165746
