17057 8 0.575171875 0.5112708333333333 0.684125 0.7927916666666667
17057 1 0.07584375 0.6539270833333333 0.12809375 0.3505625
17057 1 0.014265625 0.66259375 0.027875 0.32377083333333334
17057 1 0.9516015624999999 0.515875 0.051671875 0.1579583333333333
17057 1 0.8901562499999999 0.4510833333333333 0.0263125 0.052625000000000005
17057 1 0.668671875 0.3949270833333333 0.028375 0.03847916666666666
17057 1 0.8669765625 0.4503229166666667 0.026796874999999998 0.04927083333333333
17057 1 0.8740859375 0.42721875 0.010671875 0.03335416666666667
17057 3 0.20935937500000001 0.4969166666666667 0.08228125 0.11745833333333335
17057 3 0.07821875 0.5146354166666667 0.1181875 0.09935416666666666
17057 3 0.1781796875 0.45462500000000006 0.040984375 0.09016666666666667
17057 8 0.0791015625 0.45882291666666664 0.158203125 0.12422916666666667
17057 31 0.0901875 0.62971875 0.02865625 0.06285416666666667
17057 1 0.9907265624999999 0.4949479166666667 0.018546874999999997 0.1021875
17057 1 0.9017421875 0.4502708333333334 0.015703125000000002 0.07729166666666668
17057 1 0.354234375 0.36468749999999994 0.098875 0.10379166666666667
17057 10 0.12962500000000002 0.28271874999999996 0.06296874999999999 0.1358125
17057 10 0.17002343749999999 0.25533333333333336 0.073453125 0.17933333333333332
17057 1 0.887875 0.4222916666666666 0.01259375 0.016208333333333335
17057 1 0.9880234374999999 0.46020833333333333 0.015359375 0.04058333333333333
17057 1 0.9768828124999999 0.44185416666666666 0.022453124999999997 0.05458333333333333
17057 1 0.3671875 0.409375 0.54375 0.11041666666666666
