16961 2 0.7545 0.45340625000000007 0.031656250000000004 0.10164583333333334
16961 2 0.0765 0.40111458333333333 0.0546875 0.08085416666666667
16961 2 0.8596640625 0.5943958333333333 0.11164062500000001 0.19320833333333332
16961 2 0.2786171875 0.5199791666666667 0.136078125 0.22029166666666666
16961 3 0.4167734375 0.39830208333333333 0.138890625 0.12747916666666667
16961 3 0.10589843750000001 0.35991666666666666 0.171328125 0.13666666666666666
16961 1 0.7070234375 0.4595520833333333 0.244390625 0.6808958333333333
16961 1 0.28228125 0.41723958333333333 0.113375 0.33789583333333334
16961 1 0.8705390625 0.41431250000000003 0.10204687500000001 0.32208333333333333
16961 1 0.0778984375 0.35265625 0.051796875 0.13293750000000001
16961 41 0.6603671875 0.8117083333333334 0.181984375 0.05420833333333333
16961 3 0.019523437499999997 0.33527083333333335 0.038734375 0.111125
16961 8 0.552109375 0.37059375000000006 0.15109375 0.20010416666666667
16961 27 0.9068828124999999 0.3340625 0.079296875 0.11054166666666668
16961 27 0.0933984375 0.32694791666666667 0.024140625 0.0548125
16961 1 0.9334843749999999 0.47010416666666666 0.13165625 0.47383333333333333
16961 2 0.22253906249999997 0.40294791666666663 0.021421875 0.10089583333333334
16961 1 0.013671875 0.4218854166666667 0.01953125 0.2734375
16961 2 0.9217734375 0.61484375 0.156453125 0.3273125
