24026 44 0.8852734374999999 0.7978454332552694 0.126265625 0.40430913348946135
24026 62 0.9643203125000002 0.76788056206089 0.071359375 0.14775175644028105
24026 67 0.5023515625 0.8649999999999999 0.995296875 0.27
24026 67 0.5413125 0.4634777517564403 0.109625 0.13903981264637003
24026 67 0.11361718750000001 0.4982786885245902 0.22723437500000002 0.09833723653395784
24026 1 0.770921875 0.4688992974238876 0.36865625 0.7002341920374707
24026 1 0.5978359375 0.3984777517564403 0.115796875 0.26454332552693205
24026 1 0.872625 0.37227166276346607 0.08659375 0.08543325526932083
24026 1 0.15613281250000002 0.3644379391100703 0.072484375 0.21604215456674472
24026 1 0.465375 0.3374590163934426 0.07528125 0.118711943793911
24026 59 0.540234375 0.6592505854800936 0.30390625 0.2107728337236534
24026 62 0.2146875 0.4926697892271663 0.03915625 0.015644028103044497
24026 62 0.057374999999999995 0.723032786885246 0.09578125 0.10503512880562062
24026 62 0.9859296875 0.5378103044496487 0.028140625000000002 0.06199063231850117
24026 1 0.10105468749999999 0.419344262295082 0.049703125 0.14266978922716628
24026 1 0.848828125 0.34312646370023425 0.044906249999999995 0.046487119437939116
24026 1 0.21237499999999998 0.7480796252927401 0.42474999999999996 0.5038407494145198
24026 62 0.1519140625 0.48518735362997656 0.067671875 0.0246135831381733
24026 62 0.588359375 0.5119086651053865 0.031625 0.03229508196721311
24026 67 0.9716328125 0.6064637002341922 0.055390625000000006 0.07480093676814989
24026 67 0.9929765625 0.5614754098360656 0.013171875 0.020234192037470726
24026 67 0.9597109374999999 0.4392622950819672 0.080578125 0.033278688524590164
24026 1 0.9850390625000001 0.4570023419203747 0.029921874999999997 0.11756440281030446
24026 44 0.516421875 0.8987002341920375 0.0693125 0.16105386416861825
24026 44 0.6729296875 0.8872833723653396 0.104484375 0.22533957845433256
24026 1 0.362375 0.36724824355971897 0.27259375 0.40456674473067916
