12726 6 0.20470312499999999 0.4314270833333333 0.11878124999999999 0.2753125
12726 6 0.94803125 0.46067708333333335 0.0994375 0.9168541666666666
12726 1 0.0626640625 0.5934583333333333 0.07307812500000001 0.21166666666666664
12726 1 0.023796875000000002 0.6040208333333333 0.047593750000000004 0.21166666666666664
12726 1 0.075171875 0.5140729166666667 0.03609375 0.06893750000000001
12726 8 0.5587031250000001 0.5558125 0.6758437500000001 0.7348333333333333
12726 10 0.13632031249999998 0.30195833333333333 0.041859375 0.13670833333333335
12726 10 0.169140625 0.27377083333333335 0.06231250000000001 0.20029166666666667
12726 4 0.07560156250000001 0.5541874999999999 0.033140625 0.071375
12726 6 0.10301562500000001 0.41466666666666663 0.037875 0.08345833333333334
12726 10 0.023265625 0.39182291666666663 0.01640625 0.05835416666666667
12726 1 0.36783593750000004 0.44161458333333337 0.08151562500000001 0.10397916666666666
12726 3 0.0758828125 0.508625 0.091734375 0.10675
12726 3 0.02425 0.50196875 0.0485 0.07531249999999999
12726 10 0.006578125 0.39429166666666665 0.01315625 0.07237500000000001
