2691 72 0.6577265625 0.23984375 0.167609375 0.11964583333333333
2691 62 0.577140625 0.6225104166666667 0.1025625 0.26047916666666665
2691 62 0.3196640625 0.5553854166666667 0.11417187499999999 0.19102083333333333
2691 1 0.6251484375 0.5581875000000001 0.14520312500000002 0.38475000000000004
2691 1 0.6728671875 0.4491666666666667 0.092078125 0.170375
2691 1 0.8367968749999999 0.60675 0.21740624999999997 0.26966666666666667
2691 1 0.8936093749999999 0.45260416666666664 0.05190625 0.14554166666666665
2691 1 0.259578125 0.37909374999999995 0.05128125 0.06152083333333334
2691 1 0.22804687499999998 0.53828125 0.125 0.3175625
2691 1 0.0979765625 0.6813020833333333 0.195953125 0.5180208333333334
2691 73 0.8680078124999999 0.7405833333333334 0.153203125 0.11995833333333333
2691 73 0.7279765625 0.5078020833333333 0.076859375 0.07027083333333332
2691 1 0.1587890625 0.399625 0.070671875 0.12045833333333333
2691 47 0.7970312500000001 0.7972708333333334 0.0426875 0.077625
2691 62 0.5705390625000001 0.45862499999999995 0.010296875 0.01954166666666667
2691 73 0.745796875 0.47772916666666665 0.05746875 0.07237500000000001
2691 73 0.7950859374999999 0.48540625 0.048890625 0.08710416666666668
2691 1 0.3152421875 0.43359375 0.12254687500000001 0.16939583333333333
2691 62 0.9610703124999999 0.6092916666666667 0.077515625 0.1615
2691 62 0.16441406249999999 0.7911874999999999 0.258546875 0.3775833333333333
2691 62 0.22903125000000002 0.5856979166666666 0.06828125 0.1215625
2691 73 0.7978671875 0.5126041666666666 0.036171875 0.09329166666666668
2691 73 0.043203124999999995 0.5737083333333334 0.08640624999999999 0.13029166666666667
2691 73 0.15969531250000002 0.4940104166666667 0.027078124999999998 0.06977083333333334
2691 73 0.2365625 0.41922916666666665 0.02609375 0.035416666666666666
2691 73 0.36392968750000004 0.4358020833333333 0.038921875 0.060145833333333336
2691 1 0.03021875 0.4722604166666667 0.0604375 0.14510416666666667
2691 1 0.9355625000000002 0.5289375 0.1025625 0.26375
