22275 17 0.81325 0.4453286384976526 0.3283125 0.2800469483568075
22275 44 0.6083671875000001 0.7716901408450705 0.08301562500000001 0.3870892018779343
22275 44 0.713765625 0.6466314553990611 0.060906249999999995 0.30190140845070423
22275 44 0.89528125 0.764330985915493 0.1063125 0.46448356807511737
22275 62 0.9418203125 0.46962441314553993 0.116359375 0.18460093896713614
22275 62 0.4030625 0.5479225352112677 0.15140625000000002 0.34542253521126765
22275 67 0.357875 0.7423591549295775 0.70634375 0.49176056338028173
22275 67 0.499609375 0.7447065727699531 0.99921875 0.5058920187793428
22275 1 0.35071875 0.4838615023474178 0.7014375 0.9677230046948356
22275 64 0.859953125 0.20043427230046945 0.1623125 0.293075117370892
22275 48 0.42115624999999995 0.7161267605633804 0.19503125 0.04211267605633803
22275 49 0.4851640625 0.7905164319248826 0.189859375 0.09014084507042253
22275 31 0.6145546875 0.4735093896713615 0.12264062499999999 0.11908450704225351
22275 47 0.50428125 0.8469718309859156 0.0605625 0.09164319248826291
22275 47 0.55159375 0.9716549295774648 0.0706875 0.056690140845070416
22275 51 0.7638203125 0.9065375586854458 0.11542187500000001 0.12161971830985915
22275 51 0.690125 0.828169014084507 0.0945 0.11615023474178403
22275 51 0.3186015625 0.9157276995305165 0.263265625 0.146056338028169
22275 77 0.513015625 0.6725704225352113 0.11346875000000001 0.052793427230046944
22275 62 0.4237265625 0.45894366197183095 0.019578125 0.07488262910798121
