40342 28 0.5100351288056206 0.1202734375 0.779976580796253 0.240546875
40342 28 0.10992974238875877 0.2057578125 0.21311475409836064 0.197828125
40342 28 0.06697892271662764 0.0966640625 0.12754098360655738 0.062609375
40342 1 0.6770023419203748 0.57378125 0.26946135831381735 0.689875
40342 1 0.41092505854800937 0.49438281249999994 0.2829274004683841 0.795515625
40342 1 0.910480093676815 0.34985937500000003 0.17903981264637003 0.33371875
40342 31 0.7504566744730679 0.5098515625 0.3154332552693208 0.24035937500000001
40342 28 0.8826697892271663 0.17501562499999998 0.23466042154566746 0.11334375000000001
40342 28 0.9523653395784543 0.1022421875 0.09526932084309134 0.040015625
40342 28 0.980175644028103 0.047421874999999995 0.03964871194379391 0.017249999999999998
40342 1 0.8877868852459018 0.31171875 0.1672833723653396 0.20071875
40342 1 0.039988290398126465 0.3934375 0.07946135831381733 0.3065
40342 28 0.17569086651053864 0.0165234375 0.07620608899297424 0.030296875
40342 1 0.26069086651053863 0.3916015625 0.060866510538641685 0.22473437500000001
40342 1 0.2674707259953162 0.24240625 0.12248243559718969 0.144375
40342 1 0.06830210772833724 0.3984375 0.11318501170960187 0.24478125
