40924 37 0.5785916666666666 0.4726717557251909 0.028183333333333335 0.04208651399491094
40924 43 0.4886750000000001 0.3325826972010178 0.10598333333333333 0.4539185750636132
40924 1 0.3311833333333333 0.5359541984732824 0.26199999999999996 0.9280916030534352
40924 1 0.11628333333333332 0.49774809160305344 0.23256666666666664 0.9954961832061069
40924 1 0.4305333333333333 0.3842748091603054 0.16926666666666668 0.7685496183206108
40924 1 0.5445583333333334 0.21162849872773537 0.08431666666666668 0.36432569974554707
40924 1 0.6227 0.29916030534351146 0.20776666666666666 0.49659033078880405
40924 1 0.6874833333333333 0.19769720101781169 0.037866666666666667 0.09854961832061068
40924 1 0.8356333333333333 0.37220101781170484 0.32603333333333334 0.7399236641221375
40924 1 0.871675 0.41568702290076337 0.05478333333333333 0.10114503816793893
40924 15 0.6182 0.5842620865139949 0.5799333333333333 0.3056234096692112
40924 37 0.8216916666666666 0.5395419847328244 0.009183333333333333 0.011195928753180663
40924 43 0.8964166666666668 0.7618320610687024 0.010533333333333334 0.021882951653944018
40924 1 0.22319999999999998 0.4170610687022901 0.08606666666666667 0.26114503816793894
40924 1 0.8781166666666667 0.5982824427480916 0.0845 0.10643765903307888
40924 1 0.8736249999999999 0.7815776081424937 0.046316666666666666 0.09725190839694656
40924 77 0.12596666666666667 0.6790839694656489 0.048133333333333334 0.1040203562340967
40924 1 0.53415 0.32243002544529265 0.07776666666666666 0.23290076335877863
