21083 3 0.654875 0.5093984375 0.09641666666666666 0.037890625
21083 3 0.70284375 0.49341406250000003 0.042770833333333334 0.021265625
21083 3 0.9184791666666666 0.4906093749999999 0.036375000000000005 0.0233125
21083 1 0.4262916666666667 0.5096171875 0.023958333333333335 0.041859375
21083 1 0.4081666666666666 0.504828125 0.014333333333333333 0.03521875
21083 3 0.6211458333333334 0.489953125 0.029916666666666664 0.007781250000000001
21083 3 0.8898854166666667 0.4921640625 0.027895833333333335 0.021640625
21083 3 0.7859270833333334 0.4892265625 0.025479166666666667 0.016015625
21083 1 0.6434270833333334 0.5068203125 0.0244375 0.049953125
21083 1 0.3776979166666667 0.5178671875 0.017437499999999998 0.033765625
21083 1 0.45569791666666665 0.5073359375 0.0261875 0.048390625
21083 1 0.3600520833333334 0.5055546874999999 0.018187500000000002 0.037203125
21083 1 0.02392708333333333 0.6689375 0.04785416666666666 0.3419375
21083 7 0.1752395833333333 0.4276171875 0.34602083333333333 0.38610937500000003
21083 1 0.38871875 0.49935156249999996 0.0074375 0.015859375000000002
21083 1 0.6630208333333333 0.5062265625 0.027416666666666666 0.047984375
