16005 21 0.27154687499999997 0.5366354166666667 0.539875 0.9008541666666667
16005 1 0.6171484375 0.5270416666666666 0.171109375 0.5384583333333333
16005 1 0.4171796875 0.19217708333333333 0.017421875 0.056187499999999994
16005 1 0.8641249999999999 0.22191666666666668 0.02275 0.09775
16005 1 0.8852578125000001 0.23374999999999999 0.021078125 0.10225
16005 1 0.1727578125 0.17771874999999998 0.015234375 0.025979166666666668
16005 1 0.02690625 0.18563541666666666 0.01303125 0.022145833333333333
16005 1 0.3521171875 0.19830208333333335 0.014953125000000001 0.0624375
16005 1 0.340515625 0.20510416666666667 0.01134375 0.04591666666666667
16005 1 0.42817187500000004 0.190625 0.012843750000000001 0.05470833333333334
16005 1 0.407984375 0.182625 0.0124375 0.06208333333333334
16005 1 0.23134375000000001 0.19943750000000002 0.014687500000000001 0.06666666666666667
16005 1 0.26151562500000003 0.19677083333333334 0.01890625 0.07370833333333333
16005 1 0.7061640625 0.5779270833333334 0.348703125 0.8181875000000001
16005 1 0.315625 0.18854166666666666 0.421875 0.08541666666666667
