47832 37 0.356203125 0.34645882352941176 0.06403125 0.07103529411764706
47832 1 0.43528125000000006 0.5572705882352941 0.40409375000000003 0.8635294117647059
47832 39 0.28875 0.33595294117647057 0.34471875 0.4831529411764706
47832 40 0.07378906249999999 0.4182470588235294 0.10579687499999998 0.2608235294117647
47832 1 0.7337421875000001 0.3691411764705882 0.260703125 0.22962352941176473
47832 1 0.0823359375 0.9298705882352941 0.119484375 0.13818823529411764
47832 62 0.1807109375 0.5677058823529412 0.11932812500000001 0.07550588235294119
47832 62 0.0797734375 0.5653058823529412 0.088953125 0.07955294117647059
47832 62 0.6559453125 0.4618352941176471 0.149734375 0.15138823529411766
47832 15 0.9419374999999999 0.5061176470588236 0.11612499999999999 0.21618823529411763
47832 40 0.43696874999999996 0.5309529411764706 0.10321875 0.13470588235294118
