7444 28 0.16727083333333334 0.652625 0.04158333333333333 0.16090625
7444 1 0.7760208333333334 0.6970703125 0.0955 0.108984375
7444 28 0.21771875 0.6607421875 0.05372916666666667 0.158421875
7444 28 0.1929375 0.6543593750000001 0.024958333333333336 0.162625
7444 28 0.4354791666666667 0.60890625 0.03679166666666667 0.14096875
7444 28 0.5872708333333334 0.6179453125000001 0.04495833333333333 0.12264062499999999
7444 28 0.5246458333333334 0.6078593750000001 0.024583333333333336 0.14134375
7444 28 0.5564791666666665 0.5991406250000001 0.03575 0.1585
7444 28 0.12033333333333333 0.6332734375 0.021625000000000002 0.097390625
7444 28 0.06940624999999999 0.6340156250000001 0.03114583333333333 0.08021875
7444 28 0.27248958333333334 0.6302890624999999 0.0325625 0.12264062499999999
7444 28 0.25834375 0.6290625000000001 0.035604166666666666 0.11671875000000001
7444 28 0.15220833333333333 0.6312890624999999 0.043250000000000004 0.10414062500000001
7444 28 0.10498958333333334 0.6312109374999999 0.022104166666666664 0.097328125
7444 28 0.05416666666666667 0.61484375 0.0625 0.0890625
