47570 44 0.5374140625 0.35869158878504676 0.028671875000000003 0.09373831775700935
47570 44 0.5619765624999999 0.3664018691588785 0.020734375 0.08831775700934578
47570 44 0.5728203125 0.37570093457943926 0.030203124999999997 0.09168224299065421
47570 62 0.7780859375 0.7971495327102804 0.31379687500000003 0.40570093457943923
47570 62 0.747515625 0.7149415887850468 0.26165625000000003 0.5035280373831775
47570 62 0.1668125 0.49144859813084113 0.048093750000000005 0.1483177570093458
47570 67 0.4345390625 0.5720677570093458 0.579890625 0.5382943925233644
47570 47 0.5370234375 0.5279439252336449 0.054984374999999995 0.08331775700934578
47570 47 0.41262499999999996 0.5984579439252337 0.05896875 0.0902803738317757
47570 47 0.623953125 0.37685747663551405 0.027500000000000004 0.047827102803738315
47570 47 0.33942968749999997 0.5285864485981309 0.035390624999999995 0.06581775700934579
47570 47 0.5834062500000001 0.4445911214953271 0.03565625 0.04927570093457944
47570 47 0.6348125 0.347196261682243 0.0201875 0.03649532710280374
47570 48 0.518390625 0.6547663551401869 0.04384375 0.07088785046728972
47570 49 0.341765625 0.666214953271028 0.0464375 0.07925233644859814
47570 51 0.44000781250000004 0.49872663551401875 0.108546875 0.10235981308411216
47570 51 0.4553828125 0.5713434579439253 0.06542187499999999 0.07044392523364486
47570 78 0.5746562500000001 0.19779205607476635 0.06790625 0.08315420560747665
47570 1 0.2652265625 0.41741822429906544 0.161984375 0.28352803738317756
47570 1 0.439140625 0.27560747663551405 0.1436875 0.27378504672897197
47570 1 0.32271875000000005 0.36573598130841123 0.08149999999999999 0.22544392523364484
47570 1 0.6190078125 0.24829439252336447 0.11542187500000001 0.18210280373831775
47570 1 0.72134375 0.37809579439252333 0.07034375000000001 0.20955607476635513
47570 1 0.73621875 0.3872546728971963 0.1221875 0.3906308411214953
47570 1 0.743359375 0.5107476635514019 0.25546875 0.6273364485981309
47570 1 0.210390625 0.6269626168224298 0.42078125 0.7235981308411215
47570 44 0.9576328125 0.24842289719626168 0.017328125 0.05016355140186916
47570 47 0.5389296875 0.32407710280373836 0.013984374999999999 0.026658878504672898
47570 47 0.43746093750000004 0.42549065420560744 0.019828125 0.040934579439252335
47570 47 0.5583671875 0.33309579439252335 0.029203125000000003 0.03773364485981308
47570 47 0.516390625 0.3459345794392523 0.024375 0.07953271028037383
47570 49 0.6997578124999999 0.40341121495327104 0.018765625 0.00794392523364486
47570 51 0.49590625 0.44089953271028043 0.11499999999999999 0.08497663551401868
47570 50 0.2371953125 0.6148714953271027 0.042546875 0.029602803738317758
47570 50 0.5334531250000001 0.42677570093457945 0.05115625 0.020654205607476637
47570 50 0.6321875 0.47324766355140185 0.02109375 0.019345794392523364
47570 62 0.362078125 0.3595560747663551 0.03771875 0.13448598130841122
47570 62 0.3161171875 0.9645327102803738 0.104359375 0.07093457943925234
47570 62 0.9577031250000001 0.6298714953271028 0.08459375 0.4182009345794393
47570 54 0.5610546875 0.6023014018691589 0.10873437500000001 0.09203271028037384
