41890 4 0.473796875 0.6923882352941176 0.7028749999999999 0.5842588235294117
41890 1 0.31775 0.46774117647058827 0.16709374999999999 0.4408470588235294
41890 1 0.100734375 0.549435294117647 0.17459375 0.8786352941176471
41890 1 0.59221875 0.6245058823529412 0.1935625 0.7509882352941177
41890 1 0.763078125 0.5944 0.26949999999999996 0.7466352941176471
41890 1 0.19766406250000002 0.5650588235294117 0.11864062500000001 0.652235294117647
41890 1 0.9878359374999999 0.3328941176470588 0.019234375 0.07745882352941177
41890 1 0.9064921875000002 0.331564705882353 0.017421875 0.07404705882352941
41890 1 0.9525234375 0.3233764705882353 0.018578125 0.05503529411764706
41890 1 0.5255625 0.37641176470588233 0.007000000000000001 0.046235294117647055
41890 1 0.506703125 0.37123529411764705 0.01634375 0.06077647058823529
41890 1 0.42683593750000004 0.36930588235294115 0.013515625 0.04990588235294118
