7946 1 0.5337421875 0.2989479166666667 0.564359375 0.5963541666666666
7946 1 0.92809375 0.43385416666666665 0.1438125 0.3595416666666667
7946 1 0.0836796875 0.264875 0.164671875 0.2599166666666667
7946 1 0.2601015625 0.40381249999999996 0.103640625 0.2705
7946 1 0.21475 0.41933333333333334 0.053093749999999995 0.16870833333333335
7946 48 0.5505703125 0.4603541666666667 0.14254687500000002 0.054000000000000006
7946 49 0.43717187499999993 0.4646145833333334 0.12256249999999999 0.09543750000000001
7946 59 0.356265625 0.6081354166666667 0.36315624999999996 0.07339583333333333
7946 59 0.49887499999999996 0.8015625 0.9977499999999999 0.3595416666666667
7946 47 0.098375 0.5461875 0.19675 0.32287499999999997
7946 1 0.8032265625000001 0.46774999999999994 0.069984375 0.21725
7946 1 0.92265625 0.26510416666666664 0.1515625 0.215625
7946 48 0.8228203125 0.64859375 0.354359375 0.022770833333333334
7946 62 0.96565625 0.58959375 0.0686875 0.09706250000000001
