3579 28 0.7155078125000001 0.03177083333333333 0.07320312500000001 0.04879166666666667
3579 28 0.62359375 0.08314583333333332 0.12134375 0.16629166666666664
3579 1 0.1837109375 0.40898958333333335 0.293265625 0.6561875
3579 1 0.3793984375 0.17128125 0.059015625 0.19793750000000002
3579 1 0.48364062499999994 0.15741666666666668 0.0511875 0.12362500000000001
3579 1 0.66646875 0.15925 0.07765625000000001 0.17725
3579 1 0.274390625 0.27914583333333337 0.20865625 0.5564583333333334
3579 1 0.5566953125 0.13394791666666667 0.09098437499999999 0.0876875
3579 1 0.9509453125 0.18955208333333334 0.097296875 0.16197916666666667
3579 61 0.27633593749999996 0.7245729166666666 0.177015625 0.1678125
3579 61 0.4043984375 0.6671875 0.15535937500000002 0.12004166666666666
3579 61 0.5056171875000001 0.603375 0.141578125 0.10112499999999999
3579 61 0.58625 0.5627916666666667 0.11009374999999999 0.08895833333333333
3579 61 0.62528125 0.7258437499999999 0.053937500000000006 0.0404375
3579 61 0.7274921875 0.6631979166666666 0.072265625 0.08877083333333333
3579 61 0.7865 0.6308958333333333 0.0920625 0.12170833333333334
3579 61 0.8337265625000001 0.59971875 0.076765625 0.10235416666666668
3579 61 0.68253125 0.5253125 0.055906250000000005 0.04733333333333333
3579 1 0.4379921875 0.1938541666666667 0.063828125 0.19075
3579 1 0.7200546875 0.18584375 0.038671875 0.12602083333333333
3579 1 0.0227421875 0.21391666666666667 0.045484375 0.17904166666666665
3579 61 0.6341171875 0.67175 0.087109375 0.0555
3579 1 0.9176953124999999 0.17360416666666667 0.164609375 0.188
3579 47 0.1097890625 0.7286354166666666 0.045359375 0.08789583333333333
3579 47 0.154 0.7578541666666666 0.0463125 0.09075000000000001
3579 61 0.73053125 0.4730104166666667 0.090875 0.0614375
3579 61 0.644140625 0.39410416666666664 0.07009375 0.037000000000000005
3579 1 0.634609375 0.14361458333333335 0.021843750000000002 0.0559375
3579 61 0.8487500000000001 0.5298541666666666 0.0989375 0.08675000000000001
3579 1 0.7477890625000001 0.22998958333333336 0.054265625 0.17522916666666666
3579 47 0.164578125 0.71546875 0.0489375 0.07235416666666666
3579 1 0.51171875 0.16145833333333334 0.9734375 0.20208333333333334
3579 61 0.70703125 0.46875 0.2921875 0.1625
