39630 1 0.301765625 0.5022887323943662 0.464375 0.9903521126760563
39630 1 0.6791406249999999 0.6258450704225352 0.222375 0.3544131455399061
39630 1 0.7154609375 0.4149765258215962 0.177390625 0.37056338028169017
39630 1 0.8829296875000001 0.4184037558685446 0.193359375 0.4107042253521127
39630 1 0.4942109375 0.4921361502347417 0.22923437500000002 0.46018779342723004
39630 1 0.062078125 0.3876408450704225 0.12415625 0.37528169014084506
39630 1 0.158203125 0.23542253521126758 0.16118749999999998 0.3901408450704225
39630 1 0.9235078125000001 0.308556338028169 0.152984375 0.5202582159624413
39630 62 0.6267343750000001 0.8236032863849765 0.1795 0.12359154929577465
39630 62 0.8214140625 0.6566901408450704 0.12310937500000001 0.2232394366197183
39630 1 0.5856874999999999 0.30163145539906105 0.17625 0.37100938967136154
39630 1 0.23700000000000002 0.2902464788732394 0.08415625 0.1925586854460094
39630 43 0.7624375000000001 0.8415610328638498 0.47371875 0.2909154929577465
39630 62 0.8428906250000001 0.8031455399061034 0.10534375 0.25342723004694834
39630 62 0.041875 0.7555868544600939 0.0770625 0.2251643192488263
39630 62 0.0400625 0.9246478873239438 0.080125 0.15070422535211267
39630 62 0.088625 0.16753521126760565 0.10943750000000001 0.1011737089201878
39630 62 0.239109375 0.15588028169014084 0.09125 0.09434272300469483
39630 62 0.50796875 0.8399295774647887 0.0510625 0.09887323943661971
39630 1 0.9496640625000001 0.877605633802817 0.10067187500000001 0.2447887323943662
39630 1 0.889984375 0.9233685446009389 0.0925625 0.15326291079812207
39630 62 0.61746875 0.9327230046948357 0.1933125 0.13455399061032863
