48066 1 0.7172175732217574 0.6057890625 0.03912133891213389 0.093546875
48066 1 0.7665376569037657 0.62190625 0.03989539748953975 0.10515624999999999
48066 1 0.8390167364016736 0.6453359375 0.06121338912133892 0.11104687499999999
48066 47 0.5359414225941422 0.8701484374999999 0.1102092050209205 0.118890625
48066 47 0.38975941422594146 0.873421875 0.11274058577405859 0.11937500000000001
48066 48 0.8496966527196653 0.8468984374999999 0.12073221757322176 0.040171875
48066 1 0.21380753138075315 0.7659140625 0.08251046025104602 0.151609375
48066 1 0.17292887029288703 0.7531406250000001 0.05200836820083682 0.1721875
48066 1 0.12394351464435148 0.5665 0.037050209205020924 0.0906875
48066 1 0.5946129707112972 0.6045546875 0.04541841004184101 0.106546875
48066 1 0.315428870292887 0.5065234375 0.016715481171548117 0.028015625
48066 1 0.3553870292887029 0.5273046875 0.02830543933054393 0.054109375
48066 1 0.6415376569037656 0.5816171874999999 0.023326359832635982 0.091859375
48066 1 0.6605857740585774 0.5905859375 0.04259414225941423 0.101515625
48066 48 0.3517468619246862 0.9441640625 0.07730125523012553 0.09423437500000001
48066 1 0.6999476987447698 0.5988828125000001 0.025460251046025104 0.09373437500000001
48066 1 0.5713075313807531 0.5929296875000001 0.028598326359832636 0.098609375
48066 50 0.8490271966527198 0.8475546875000001 0.12232217573221757 0.040828125
48066 1 0.5669456066945606 0.58359375 0.8619246861924686 0.2484375
