32932 47 0.4666093750000001 0.7011627906976744 0.0350625 0.09883720930232558
32932 1 0.2944140625 0.687639534883721 0.20835937499999999 0.6202093023255814
32932 1 0.9315625000000001 0.6449418604651163 0.11474999999999999 0.6876511627906977
32932 1 0.8034609375 0.6526511627906977 0.109328125 0.5258139534883721
32932 1 0.10682812500000001 0.4843837209302326 0.13084374999999998 0.2843488372093023
32932 1 0.102953125 0.4116744186046511 0.055625 0.16558139534883723
32932 1 0.025703125 0.40217441860465114 0.05140625 0.25653488372093025
32932 1 0.2231484375 0.544639534883721 0.169546875 0.48709302325581394
32932 1 0.9627656250000001 0.8696627906976745 0.07446875 0.2606744186046512
32932 1 0.680953125 0.6703488372093023 0.18325 0.6593023255813953
32932 47 0.47471874999999997 0.7117441860465117 0.0375625 0.09241860465116279
32932 47 0.5749296875000001 0.5986046511627906 0.047171875 0.09497674418604651
32932 67 0.39353125 0.7454651162790698 0.4694375 0.48311627906976745
32932 51 0.7032421875000001 0.44168604651162785 0.044640625 0.03346511627906977
32932 1 0.48465625 0.49869767441860463 0.17496875 0.23437209302325582
32932 78 0.73253125 0.5001046511627907 0.046218749999999996 0.0768139534883721
