44625 28 0.6057421875 0.2187470725995316 0.42223437500000005 0.24845433255269322
44625 28 0.4616640625 0.49621779859484777 0.180265625 0.19655737704918033
44625 28 0.5637734375 0.416943793911007 0.131453125 0.05252927400468384
44625 28 0.8141328124999999 0.4028688524590164 0.06979687500000001 0.04386416861826698
44625 10 0.22644531250000002 0.11173302107728338 0.031296875 0.0926463700234192
44625 31 0.5103359375000001 0.7712177985948477 0.089078125 0.18313817330210774
44625 1 0.6619375 0.6719086651053864 0.21140625000000002 0.6247072599531616
44625 1 0.7503984375 0.7067330210772833 0.082453125 0.5595550351288057
44625 1 0.83925 0.5795316159250585 0.04440625 0.27976580796252926
44625 1 0.313484375 0.7191803278688524 0.17659375 0.5505854800936768
44625 1 0.1341875 0.6348243559718969 0.268375 0.7078688524590163
44625 1 0.9459296875000002 0.5305971896955504 0.06035937500000001 0.2025526932084309
44625 1 0.5664921875 0.6198711943793911 0.069265625 0.22185011709601873
44625 1 0.9036484375 0.5000702576112412 0.039671875 0.13185011709601874
44625 1 0.7964687500000001 0.5461007025761124 0.0418125 0.17543325526932083
44625 1 0.8089375000000001 0.4575995316159251 0.032 0.0856440281030445
44625 8 0.9605234375 0.4725995316159251 0.078484375 0.12032786885245902
44625 10 0.3427265625 0.2768969555035129 0.010140625 0.03800936768149883
44625 28 0.5692109375 0.47601873536299766 0.092828125 0.08117096018735362
44625 28 0.9093984374999999 0.42641686182669786 0.047515625 0.018220140515222482
44625 28 0.780453125 0.45405152224824363 0.02603125 0.015456674473067915
44625 28 0.9727578124999999 0.3837236533957845 0.054484374999999995 0.05962529274004684
44625 28 0.7636484374999999 0.4379976580796253 0.019609375000000002 0.010234192037470726
44625 31 0.30060156250000003 0.819847775175644 0.100453125 0.32807962529274004
44625 1 0.4452421875 0.7486065573770491 0.145046875 0.5027868852459016
44625 3 0.027890625000000002 0.5739461358313817 0.055343750000000004 0.14611241217798596
44625 28 0.31648437500000004 0.493056206088993 0.30125 0.30765807962529274
44625 1 0.584875 0.8584309133489461 0.064125 0.2571428571428571
44625 31 0.7663906249999999 0.7721779859484776 0.04109375 0.11456674473067915
