16977 3 0.3371015625 0.5392604166666666 0.636671875 0.38485416666666666
16977 3 0.18117968750000002 0.38876041666666666 0.234265625 0.1393125
16977 3 0.8185703125 0.46470833333333333 0.340296875 0.30475
16977 3 0.9117578125 0.356875 0.083984375 0.06429166666666666
16977 3 0.6477734374999999 0.37545833333333334 0.06251562499999999 0.08554166666666667
16977 3 0.6254921875 0.36772916666666666 0.05354687500000001 0.055875
16977 4 0.0615390625 0.5163541666666667 0.123078125 0.145625
16977 1 0.317671875 0.3583229166666666 0.018437500000000002 0.029604166666666668
16977 1 0.0350546875 0.42821875000000004 0.065484375 0.18631250000000002
16977 1 0.376421875 0.34604166666666664 0.027750000000000004 0.022125
16977 15 0.66525 0.6877083333333334 0.29375 0.32104166666666667
16977 3 0.46843749999999995 0.35025 0.20206249999999998 0.06220833333333333
16977 1 0.282796875 0.3622916666666667 0.013625000000000002 0.013958333333333333
16977 1 0.6110781249999999 0.3485 0.0140625 0.03529166666666667
16977 1 0.6497734375 0.33770833333333333 0.006609375000000001 0.0085
16977 3 0.96675 0.34090624999999997 0.02853125 0.015645833333333335
