47361 62 0.576546875 0.4349895833333334 0.179875 0.29122916666666665
47361 62 0.1268828125 0.5484895833333333 0.156796875 0.43964583333333335
47361 62 0.8570234375 0.2842291666666667 0.059546875 0.16524999999999998
47361 62 0.050703124999999995 0.4339166666666667 0.10115624999999999 0.33495833333333336
47361 67 0.4480625 0.27687500000000004 0.38203125 0.201875
47361 67 0.493515625 0.8938645833333332 0.98703125 0.18868749999999998
47361 1 0.75253125 0.5337083333333333 0.49381250000000004 0.9101250000000001
47361 1 0.31516406249999995 0.5925833333333334 0.28314062500000003 0.7685416666666666
47361 1 0.15830468749999999 0.27505208333333336 0.17579687500000002 0.44947916666666665
47361 1 0.0587421875 0.18426041666666665 0.094640625 0.20835416666666667
47361 1 0.1968671875 0.13248958333333333 0.16114062499999998 0.22872916666666668
47361 1 0.37457812500000004 0.11311458333333334 0.1929375 0.19268749999999998
47361 1 0.56425 0.10495833333333332 0.11737500000000001 0.19170833333333331
47361 1 0.9311718749999999 0.17948958333333334 0.13765624999999998 0.3558541666666667
47361 62 0.9355781249999999 0.4035520833333333 0.12878125 0.22360416666666666
47361 32 0.7137578125 0.67696875 0.08595312499999999 0.4943958333333333
47361 46 0.395765625 0.27427083333333335 0.02684375 0.05875
47361 46 0.5840078125000001 0.19102083333333333 0.021796875 0.057041666666666664
47361 46 0.3700703125 0.20566666666666666 0.023171875 0.05825
47361 46 0.4196328125 0.9304791666666666 0.092203125 0.13904166666666665
47361 47 0.40229687499999994 0.3396041666666667 0.039718750000000004 0.04616666666666667
47361 47 0.421375 0.9315104166666667 0.08878125 0.13697916666666668
47361 47 0.4098359375 0.2945104166666666 0.031390625 0.052520833333333336
47361 48 0.2633671875 0.9322499999999999 0.12923437499999998 0.031625
47361 61 0.614265625 0.9728854166666667 0.0813125 0.05422916666666667
47361 46 0.40941406250000006 0.2939375 0.035265625 0.052958333333333336
47361 46 0.39862499999999995 0.20677083333333332 0.027968749999999997 0.07558333333333334
47361 46 0.3192421875 0.21041666666666667 0.022859375 0.037375000000000005
47361 55 0.7232265625000001 0.96059375 0.067765625 0.07547916666666667
47361 62 0.46938281249999997 0.6955104166666666 0.160109375 0.49214583333333334
47361 64 0.2641796875 0.06048958333333333 0.079703125 0.09410416666666667
47361 64 0.13346093750000002 0.0660625 0.066640625 0.09658333333333333
47361 47 0.3445390625 0.21634375 0.025953125 0.03327083333333333
47361 48 0.4930390625 0.3372604166666667 0.012859375000000001 0.027520833333333335
47361 48 0.57146875 0.20987499999999998 0.011625 0.006958333333333333
47361 61 0.1362265625 0.9204583333333333 0.082484375 0.07641666666666666
47361 62 0.935125 0.43684375000000003 0.08399999999999999 0.12827083333333333
47361 47 0.5993671875 0.19932291666666666 0.019546875 0.0244375
47361 47 0.01615625 0.85953125 0.031375 0.10989583333333333
