43393 20 0.8258671874999999 0.7327589852008456 0.068484375 0.08835095137420719
43393 20 0.8374609374999998 0.6956236786469345 0.044296875 0.025539112050739957
43393 20 0.9295859375000001 0.696384778012685 0.028796875 0.039238900634249466
43393 20 0.7689140625 0.6383932346723045 0.026953125 0.023213530655391123
43393 20 0.6954140625 0.6394820295983087 0.031515625000000005 0.025602536997885835
43393 20 0.6343828125 0.6436997885835096 0.036578125 0.03112050739957717
43393 20 0.573421875 0.6480655391120507 0.03875 0.036596194503171246
43393 20 0.50175 0.6369978858350952 0.01853125 0.040972515856236784
43393 20 0.39431249999999995 0.5612684989429176 0.01496875 0.016152219873150107
43393 20 0.32041406250000004 0.5518921775898521 0.014703125000000001 0.014059196617336152
43393 20 0.7190703125 0.6373150105708245 0.020484375 0.028202959830866806
43393 20 0.6179453125000001 0.638477801268499 0.019171874999999998 0.025327695560253702
43393 20 0.5393671875 0.51169133192389 0.016828125 0.013107822410147992
43393 20 0.42971875000000004 0.5429809725158562 0.012656249999999999 0.00587737843551797
43393 20 0.5116562499999999 0.5785200845665962 0.02009375 0.018477801268498944
43393 20 0.21488281250000002 0.5799471458773784 0.020265625000000002 0.033298097251585626
43393 20 0.5 0.5200845665961945 0.996875 0.1945031712473573
