6901 1 0.70065625 0.41051562500000005 0.1040625 0.22484375
6901 33 0.4852916666666667 0.3697265625 0.13383333333333333 0.055515625
6901 33 0.6012916666666667 0.34266406250000003 0.11637499999999999 0.069390625
6901 33 0.8234895833333333 0.404578125 0.15639583333333332 0.08796875
6901 33 0.3093125 0.6328828125 0.19820833333333335 0.119359375
6901 33 0.8206041666666667 0.47188281249999997 0.15229166666666666 0.059359375000000006
6901 8 0.3071145833333333 0.7550546875 0.6142291666666666 0.48989062499999997
6901 33 0.08896875 0.7362421875 0.1779375 0.186546875
6901 33 0.08983333333333335 0.5323046875 0.17791666666666667 0.06967187500000001
6901 33 0.6407708333333333 0.4311328125 0.11091666666666668 0.072515625
6901 5 0.8352604166666667 0.0362421875 0.32947916666666666 0.071265625
6901 33 0.16119791666666666 0.394 0.17185416666666667 0.0721875
6901 33 0.5062604166666667 0.458796875 0.11347916666666666 0.08990625
6901 33 0.8174479166666667 0.44721093750000007 0.14568750000000003 0.055578125
6901 33 0.5152708333333333 0.548046875 0.18541666666666667 0.0881875
