19253 20 0.7451796875000001 0.865343309859155 0.039015625 0.03470070422535211
19253 20 0.715234375 0.8802816901408451 0.04546875 0.03841549295774648
19253 20 0.7263515625 0.8290052816901409 0.047828125 0.0366725352112676
19253 20 0.3543984375 0.7529489436619717 0.036515625 0.04079225352112676
19253 20 0.32992187500000003 0.7035299295774649 0.05321875 0.0385387323943662
19253 20 0.24544531249999996 0.6138820422535212 0.039203125 0.035792253521126756
19253 20 0.2779375 0.2958450704225353 0.01503125 0.030105633802816903
19253 20 0.30278125 0.2922711267605634 0.03384375 0.029295774647887324
19253 20 0.342984375 0.2942781690140845 0.03821875 0.030880281690140843
19253 20 0.586046875 0.301294014084507 0.03578125 0.027658450704225353
19253 20 0.8621406250000001 0.9286795774647888 0.04359375 0.04299295774647888
19253 20 0.279546875 0.18470070422535212 0.0373125 0.027816901408450705
