716 72 0.9478984374999999 0.1070625 0.078546875 0.06570833333333333
716 62 0.573234375 0.48748958333333337 0.1036875 0.25302083333333336
716 1 0.45314062499999996 0.43353125 0.18203125 0.24872916666666667
716 1 0.8139609375000001 0.47584375000000007 0.35417187499999997 0.3965208333333334
716 1 0.8618515625000001 0.8161354166666667 0.272703125 0.36772916666666666
716 62 0.7041796875 0.32969791666666665 0.085890625 0.17285416666666667
716 73 0.6117968749999999 0.7516875 0.2426875 0.38875
716 1 0.7958515625 0.21539583333333334 0.167859375 0.4217916666666667
716 47 0.663484375 0.38915625 0.01328125 0.026104166666666664
716 73 0.2800546875 0.46544791666666663 0.125265625 0.20172916666666665
716 74 0.6526171875 0.4113125 0.024640625 0.019375
716 1 0.370234375 0.3410625 0.14190624999999998 0.255125
716 62 0.945875 0.9198125 0.050249999999999996 0.16037500000000002
716 74 0.7387734375 0.7258958333333333 0.057578125 0.055125
