1145 64 0.7051093749999999 0.37507291666666664 0.1255 0.1948125
1145 44 0.48209375000000004 0.5219895833333333 0.033 0.06927083333333334
1145 44 0.8075546875 0.5012291666666666 0.056515625 0.10683333333333334
1145 44 0.733265625 0.49096875 0.03590625 0.04002083333333333
1145 44 0.6849609375 0.495125 0.047859374999999996 0.079
1145 44 0.6281484374999999 0.49416666666666664 0.046859374999999995 0.07591666666666666
1145 63 0.0667734375 0.32271875 0.130578125 0.10014583333333334
1145 67 0.48742968750000004 0.4181770833333333 0.23514062500000002 0.15610416666666668
1145 1 0.23595312499999999 0.5511250000000001 0.33034375 0.8764166666666667
1145 1 0.079234375 0.31777083333333334 0.0320625 0.10333333333333333
1145 79 0.7795 0.7955104166666666 0.42640625 0.3865208333333333
1145 44 0.46484375 0.37361458333333336 0.01996875 0.0611875
1145 47 0.533546875 0.619375 0.04596875 0.078875
1145 64 0.29910156250000003 0.38216666666666665 0.070171875 0.17541666666666667
1145 49 0.5474140624999999 0.5381250000000001 0.029734375 0.021
1145 50 0.556671875 0.56446875 0.01865625 0.07527083333333334
1145 50 0.875515625 0.43685416666666665 0.0225 0.044458333333333336
1145 50 0.9796093749999999 0.392625 0.040781250000000005 0.08608333333333333
1145 44 0.5375156249999999 0.6446875 0.05903125 0.07770833333333332
1145 44 0.53340625 0.7197499999999999 0.0674375 0.1404166666666667
1145 44 0.481140625 0.6485520833333334 0.049093750000000005 0.12547916666666667
1145 44 0.42303125 0.64740625 0.050875000000000004 0.12331249999999999
1145 44 0.35590625 0.6815520833333333 0.05500000000000001 0.13147916666666667
1145 44 0.3741484375 0.6390729166666667 0.052578124999999996 0.1023125
1145 44 0.4138984375 0.49289583333333337 0.038296875 0.0805
1145 47 0.44825781249999996 0.7195416666666666 0.059859375000000006 0.13724999999999998
1145 51 0.6336171875 0.5523333333333333 0.082078125 0.051875
1145 62 0.34627343749999995 0.422625 0.063609375 0.12908333333333333
1145 62 0.40767968750000005 0.38565625000000003 0.058421875 0.050270833333333334
1145 62 0.4957890625 0.44501041666666663 0.128453125 0.10277083333333333
1145 62 0.042734375000000005 0.4669166666666667 0.0733125 0.19487500000000002
1145 62 0.4773515625 0.3472395833333334 0.083734375 0.0778125
1145 62 0.2945546875 0.4671458333333333 0.100859375 0.22433333333333336
1145 62 0.6560859375000001 0.41987500000000005 0.063046875 0.139125
1145 47 0.44204687499999995 0.6683749999999999 0.05571875 0.114875
1145 50 0.5197499999999999 0.5208854166666667 0.0389375 0.1206875
1145 44 0.59453125 0.6166666666666667 0.3640625 0.35833333333333334
