10434 3 0.7890234374999999 0.5546830985915493 0.393390625 0.3865023474178404
10434 3 0.6133671875 0.29681924882629107 0.076421875 0.10631455399061032
10434 3 0.8299218749999999 0.31106807511737083 0.12156249999999999 0.0929342723004695
10434 3 0.077265625 0.3523356807511737 0.15053125 0.14678403755868544
10434 1 0.206203125 0.4491901408450705 0.2971875 0.5095070422535212
10434 1 0.8284921875 0.4461384976525822 0.054109375 0.07274647887323943
10434 41 0.2676015625 0.7477464788732393 0.136421875 0.2612676056338028
10434 3 0.1227578125 0.2680164319248826 0.024328125 0.022981220657276993
10434 10 0.11853125 0.15726525821596246 0.018 0.04467136150234742
10434 10 0.19190625 0.14036384976525823 0.01165625 0.045140845070422535
10434 10 0.271671875 0.23784037558685447 0.00975 0.020751173708920188
10434 10 0.25505468750000004 0.23407276995305165 0.011484375 0.016596244131455398
10434 10 0.35490625000000003 0.2376643192488263 0.01509375 0.02607981220657277
