7355 6 0.3860703125 0.39775175644028105 0.547234375 0.6247306791569086
7355 1 0.9592578125000001 0.5782903981264638 0.081484375 0.39053864168618263
7355 1 0.8953203125 0.43942622950819676 0.025015625000000003 0.09262295081967213
7355 1 0.8513984375 0.43391100702576113 0.020703125 0.07540983606557378
7355 1 0.10978125000000001 0.5275409836065573 0.0214375 0.15353629976580796
7355 1 0.8350312500000001 0.4382786885245902 0.013125000000000001 0.08063231850117096
7355 1 0.0773515625 0.48710772833723653 0.027234374999999998 0.08208430913348945
7355 10 0.6026874999999999 0.23265807962529272 0.00965625 0.039601873536299764
7355 10 0.6191328125 0.2337353629976581 0.012484375 0.040960187353629975
7355 10 0.8131562500000001 0.24695550351288056 0.010875 0.03934426229508197
7355 1 0.7704609375 0.44195550351288054 0.014640624999999999 0.06648711943793911
7355 1 0.79553125 0.43969555035128804 0.021968750000000002 0.08665105386416862
7355 1 0.8231874999999998 0.4328337236533958 0.0130625 0.07526932084309133
7355 1 0.0335390625 0.48633489461358315 0.024328125 0.08545667447306791
7355 10 0.8184531250000001 0.3564519906323185 0.01121875 0.027611241217798593
7355 10 0.717953125 0.4023887587822015 0.007625 0.01269320843091335
7355 10 0.74471875 0.3895316159250586 0.00815625 0.015456674473067915
7355 1 0.6625156249999999 0.4417447306791569 0.00990625 0.04072599531615925
7355 1 0.6847890625 0.44059718969555034 0.012015625 0.03182669789227166
