28071 13 0.48291773778920305 0.11871999999999999 0.25030848329048844 0.18856
28071 3 0.396452442159383 0.5271800000000001 0.08647814910025707 0.02268
28071 3 0.25682519280205657 0.53544 0.10670951156812339 0.06392
28071 3 0.6134575835475579 0.51787 0.08033419023136247 0.01718
28071 8 0.7408611825192802 0.50979 0.10254498714652957 0.026699999999999998
28071 3 0.8690745501285349 0.50399 0.04066838046272494 0.022699999999999998
28071 3 0.16398457583547557 0.5370900000000001 0.07295629820051414 0.0219
28071 3 0.5423136246786633 0.51368 0.06493573264781491 0.01964
28071 3 0.9065809768637532 0.51089 0.024473007712082263 0.026420000000000003
28071 3 0.011311053984575836 0.5507000000000001 0.02097686375321337 0.03972
28071 3 0.6552313624678663 0.51577 0.042493573264781495 0.01586
28071 3 0.42101542416452437 0.51838 0.06434447300771208 0.01812
28071 3 0.7726221079691517 0.50682 0.04354755784061697 0.02124
