4968 1 0.043656249999999994 0.42585416666666664 0.02378125 0.098
4968 1 0.053937500000000006 0.4150729166666666 0.01496875 0.029729166666666664
4968 1 0.09834375 0.41018750000000004 0.01803125 0.029916666666666664
4968 1 0.12335156250000001 0.4124375 0.015421874999999998 0.04070833333333333
4968 3 0.6761484375 0.41423958333333327 0.085828125 0.07727083333333334
4968 3 0.8890859375 0.40509375 0.078515625 0.04577083333333333
4968 3 0.7634765625 0.38875 0.054359375 0.04495833333333333
4968 3 0.7122265625 0.3923333333333333 0.029234375 0.028
4968 3 0.6723750000000001 0.3877083333333333 0.1489375 0.031125
4968 3 0.585734375 0.38179166666666664 0.022218750000000002 0.016708333333333332
4968 3 0.568921875 0.38041666666666674 0.01975 0.012458333333333333
4968 3 0.6648671875 0.3737083333333333 0.023796875000000002 0.008291666666666666
4968 13 0.14154687500000002 0.13763541666666665 0.07046875 0.1618125
4968 3 0.5516093750000001 0.3778333333333333 0.009156250000000001 0.011125
