40675 62 0.186640625 0.7956957547169812 0.22796875 0.40860849056603776
40675 62 0.45843750000000005 0.6311084905660377 0.048375 0.16476415094339622
40675 62 0.37765625 0.5765094339622642 0.04996875 0.0775943396226415
40675 62 0.582 0.8860259433962264 0.17525 0.20643867924528303
40675 62 0.8968671875 0.860931603773585 0.143890625 0.24733490566037736
40675 62 0.7629453125000001 0.8655896226415094 0.15814062499999998 0.2300943396226415
40675 67 0.5778359375 0.8352830188679244 0.563765625 0.32858490566037735
40675 46 0.42894531249999995 0.8122051886792453 0.017859375 0.04577830188679245
40675 46 0.40444531250000004 0.8072759433962264 0.018484375 0.05917452830188679
40675 51 0.488671875 0.8536084905660377 0.040281250000000005 0.033773584905660375
40675 51 0.37914062499999995 0.767441037735849 0.03021875 0.03195754716981132
40675 46 0.4362109375 0.7483018867924528 0.023015625 0.05792452830188679
40675 48 0.4506796875 0.8857783018867924 0.018296875 0.04207547169811321
40675 51 0.49362500000000004 0.7365801886792452 0.02659375 0.030849056603773586
40675 62 0.53075 0.6635377358490565 0.092 0.12481132075471699
40675 62 0.6458671875 0.6594103773584905 0.08642187500000001 0.11669811320754717
40675 62 0.41293749999999996 0.533254716981132 0.0408125 0.03424528301886792
40675 67 0.43372656249999997 0.5799882075471698 0.118015625 0.07266509433962264
40675 46 0.40916406250000004 0.7452712264150944 0.018265625 0.057051886792452836
40675 46 0.42026562500000003 0.735754716981132 0.0163125 0.04773584905660377
40675 48 0.46211718749999997 0.8766509433962265 0.023140625 0.052641509433962265
40675 49 0.424421875 0.7495165094339622 0.009156250000000001 0.015117924528301888
40675 49 0.3606640625 0.8289622641509433 0.057609375 0.009245283018867925
40675 62 0.49630468750000006 0.5746933962264151 0.040140625 0.07575471698113206
40675 62 0.39291406249999994 0.6767216981132076 0.102578125 0.1450943396226415
40675 51 0.5011640625 0.7761556603773584 0.072515625 0.0475
40675 47 0.431953125 0.7844929245283019 0.0299375 0.028702830188679244
40675 62 0.8879999999999999 0.6930306603773584 0.18803125 0.13898584905660377
