29647 3 0.940328125 0.09333682008368199 0.11762500000000001 0.04792887029288703
29647 62 0.9110625000000001 0.2860669456066946 0.0964375 0.13811715481171546
29647 62 0.9242343749999999 0.18803347280334728 0.0320625 0.058744769874476986
29647 62 0.9746875000000002 0.15918410041841005 0.050624999999999996 0.04355648535564854
29647 62 0.7626875 0.24446652719665274 0.0415625 0.15880753138075313
29647 62 0.97828125 0.254602510460251 0.04084375 0.09234309623430963
29647 62 0.8897812500000001 0.22195606694560668 0.040999999999999995 0.07336820083682008
29647 62 0.9545468749999999 0.20515690376569037 0.053593749999999996 0.05692468619246862
29647 62 0.9715234374999999 0.2151359832635983 0.030078125 0.01688284518828452
29647 62 0.89503125 0.17480125523012552 0.04190625 0.053158995815899585
