34754 37 0.6656093750000001 0.6257532751091702 0.0215 0.028711790393013102
34754 1 0.5710468750000001 0.5795633187772926 0.42809375000000005 0.632052401746725
34754 1 0.27278125 0.0658296943231441 0.08940624999999999 0.12921397379912664
34754 1 0.4229140625 0.06893013100436682 0.033171875 0.13786026200873364
34754 39 0.6364062500000001 0.49113537117903927 0.04475 0.15218340611353712
34754 40 0.14734375 0.6646724890829695 0.05621875 0.11711790393013101
34754 15 0.436171875 0.055 0.148125 0.11
34754 1 0.6398671874999999 0.04842794759825327 0.051578124999999996 0.09685589519650654
34754 1 0.5401796875 0.04271834061135371 0.086796875 0.08412663755458516
34754 1 0.160796875 0.07777292576419213 0.116625 0.15554585152838427
34754 1 0.45532031250000005 0.04801310043668122 0.05682812499999999 0.09602620087336244
34754 1 0.7449921875 0.0392467248908297 0.054359375 0.0784934497816594
34754 1 0.0841953125 0.6049563318777292 0.168390625 0.2837991266375546
34754 1 0.0734140625 0.08479257641921398 0.072359375 0.16958515283842795
34754 1 0.3340625 0.05624454148471616 0.07034375000000001 0.11248908296943232
