32126 56 0.7302421875 0.4023887587822014 0.12167187500000001 0.21550351288056205
32126 56 0.3915390625 0.3992974238875878 0.595140625 0.5399063231850116
32126 56 0.4489609375 0.5236533957845433 0.148203125 0.20637002341920377
32126 56 0.71125 0.7735948477751756 0.18253124999999998 0.25
32126 51 0.5026484375 0.505632318501171 0.9902656249999999 0.9414285714285715
32126 56 0.87109375 0.39550351288056207 0.17690625 0.2157377049180328
32126 56 0.86284375 0.6247189695550351 0.1454375 0.14381733021077284
32126 56 0.8253984375 0.5279274004683842 0.081953125 0.10597189695550352
32126 47 0.0609375 0.11247072599531616 0.121875 0.2249414519906323
32126 67 0.5008203125 0.4965925058548009 0.998359375 0.9877049180327869
