26943 10 0.1532421875 0.3168490153172866 0.065796875 0.134835886214442
26943 10 0.29030468750000005 0.14771334792122537 0.118328125 0.20461706783369804
26943 10 0.7397421875 0.6707877461706784 0.057765625 0.03820568927789934
26943 10 0.05715625 0.4209518599562363 0.05115625 0.08842450765864332
26943 3 0.399578125 0.9186105032822758 0.091125 0.04973741794310722
26943 3 0.1694453125 0.9216849015317287 0.027671875000000002 0.03702407002188184
26943 3 0.20096875 0.9123851203501093 0.03634375 0.017855579868708973
26943 3 0.6254609375 0.916269146608315 0.102484375 0.055601750547045956
26943 3 0.8243203125 0.9164223194748359 0.164328125 0.08185995623632385
26943 10 0.8188515624999999 0.6784026258205689 0.030140624999999997 0.030196936542669587
26943 10 0.8778750000000001 0.6900109409190371 0.026625 0.024442013129102845
