38865 44 0.0730703125 0.18971875 0.146140625 0.22056250000000002
38865 44 0.19515625 0.18925 0.17096875 0.18925
38865 44 0.524921875 0.11336458333333334 0.20621874999999998 0.2258125
38865 44 0.662609375 0.08439583333333335 0.18475 0.16616666666666668
38865 44 0.8259765625 0.0886875 0.174515625 0.16458333333333333
38865 44 0.38146874999999997 0.13255208333333332 0.19396875 0.2543125
38865 44 0.2943671875 0.10968750000000001 0.155671875 0.21808333333333335
38865 67 0.5 0.5550208333333333 1.0 0.8635416666666667
38865 47 0.9520156250000001 0.0724375 0.09596875 0.144875
38865 56 0.537359375 0.8392812499999999 0.20646874999999998 0.2823541666666667
38865 56 0.052578124999999996 0.6816875 0.096875 0.12916666666666668
38865 56 0.1313125 0.56915625 0.21809375000000003 0.3914375
38865 56 0.59875 0.257625 0.044625 0.05091666666666667
38865 56 0.8461484374999999 0.24232291666666667 0.077921875 0.09997916666666667
38865 56 0.62653125 0.28459375 0.08303125 0.07652083333333333
38865 56 0.576984375 0.3121875 0.09293749999999999 0.099375
38865 44 0.195125 0.08414583333333334 0.137125 0.16829166666666667
38865 48 0.1102578125 0.37871875 0.153515625 0.20572916666666666
