32455 3 0.6074400000000001 0.8168168168168168 0.04168 0.06600600600600601
32455 3 0.80549 0.8607957957957958 0.16418000000000002 0.1154054054054054
32455 3 0.93195 0.8814564564564564 0.1361 0.148018018018018
32455 3 0.66989 0.8261111111111112 0.1163 0.09702702702702704
32455 3 0.47773000000000004 0.7926576576576576 0.03662 0.03750750750750751
32455 1 0.06367 0.8096096096096097 0.04014 0.15693693693693694
32455 1 0.10983000000000001 0.8033633633633633 0.031420000000000003 0.11027027027027027
32455 1 0.14725 0.8003003003003003 0.03058 0.12030030030030031
32455 1 0.17846 0.7770570570570571 0.00992 0.06936936936936937
32455 1 0.6255400000000001 0.7791291291291292 0.00816 0.01747747747747748
32455 3 0.45414 0.7901201201201201 0.02536 0.032192192192192194
32455 3 0.43892999999999993 0.7862912912912914 0.02018 0.02921921921921922
32455 3 0.38674000000000003 0.7819369369369369 0.028079999999999997 0.026996996996996998
32455 8 0.25825 0.8595945945945946 0.22854 0.24231231231231232
32455 31 0.07716 0.8099249249249248 0.014960000000000001 0.036366366366366365
