23368 25 0.3773046875 0.6725883575883576 0.163828125 0.30787941787941786
23368 25 0.35665625 0.73 0.157375 0.23704781704781705
23368 25 0.301765625 0.6738981288981288 0.07468749999999999 0.27752598752598756
23368 25 0.25817968750000003 0.7003742203742204 0.068546875 0.374012474012474
23368 25 0.1931484375 0.6627130977130977 0.106453125 0.3249272349272349
23368 25 0.8567265624999999 0.5445945945945946 0.023203124999999998 0.07542619542619543
23368 25 0.544125 0.725051975051975 0.07890625 0.09787941787941788
23368 25 0.658859375 0.5952390852390852 0.025 0.10087318087318088
23368 25 0.6754296875000001 0.5804158004158004 0.020046875 0.04856548856548856
23368 25 0.6493906249999999 0.5655301455301456 0.014343749999999999 0.02927234927234927
23368 25 0.746328125 0.5781704781704782 0.0323125 0.0355925155925156
23368 25 0.7165625 0.6067463617463618 0.024656249999999998 0.049334719334719335
