8064 62 0.7246484375000001 0.5555729166666666 0.061640625000000004 0.1630625
8064 62 0.4455234375 0.71875 0.128359375 0.15166666666666667
8064 62 0.39109375 0.8818645833333334 0.270375 0.20602083333333335
8064 67 0.823234375 0.8475208333333334 0.195875 0.27529166666666666
8064 76 0.36849218749999996 0.70196875 0.067515625 0.050312499999999996
8064 62 0.745109375 0.47269791666666666 0.01990625 0.01922916666666667
8064 63 0.9866953125 0.7622291666666666 0.026609375 0.22020833333333334
8064 62 0.8300390625 0.5562708333333333 0.071640625 0.18754166666666666
8064 67 0.2247578125 0.91628125 0.44520312500000003 0.16435416666666666
8064 72 0.2974140625 0.46945833333333337 0.078796875 0.18125
8064 67 0.8003046875000001 0.5075104166666666 0.022671875 0.0224375
