46563 3 0.621453125 0.6484660421545667 0.20540625 0.21346604215456677
46563 3 0.8297421875 0.5905503512880562 0.055140625 0.05908665105386417
46563 3 0.7331562500000001 0.5831498829039813 0.05096874999999999 0.05618266978922716
46563 3 0.6936718749999999 0.5835714285714286 0.0363125 0.05622950819672132
46563 3 0.3917578125 0.5995316159250585 0.125640625 0.09451990632318501
46563 3 0.06307031249999999 0.6352927400468383 0.125203125 0.1726463700234192
46563 3 0.77978125 0.5666978922716628 0.0468125 0.05920374707259953
46563 3 0.8298046875 0.5447072599531616 0.033234375 0.041170960187353625
46563 3 0.8501171874999999 0.5378220140515223 0.020796875 0.024730679156908665
46563 3 0.9586875000000001 0.5346018735362997 0.02415625 0.02911007025761124
46563 1 0.47421875 0.6502224824355971 0.0688125 0.21524590163934426
46563 3 0.8596640625 0.5320608899297424 0.022609375 0.023981264637002342
