48548 37 0.3385234375 0.5088744588744588 0.013609375000000002 0.016969696969696968
48548 39 0.3958828125 0.55258658008658 0.022359375 0.05292207792207792
48548 40 0.5726718749999999 0.6031168831168832 0.03325 0.050216450216450215
48548 1 0.419484375 0.5497835497835498 0.102375 0.29415584415584417
48548 1 0.5076562499999999 0.3124891774891775 0.0805 0.12623376623376623
48548 1 0.674125 0.32130952380952377 0.058812500000000004 0.09742424242424241
48548 1 0.163125 0.43817099567099566 0.0560625 0.17634199134199133
48548 1 0.753375 0.4063744588744589 0.066125 0.08751082251082251
48548 1 0.710359375 0.6009632034632034 0.075375 0.2117965367965368
48548 1 0.8154999999999999 0.42993506493506495 0.0986875 0.28380952380952384
48548 1 0.44759374999999996 0.30987012987012985 0.05575 0.12116883116883116
48548 1 0.636578125 0.6187987012987013 0.153125 0.18348484848484847
48548 1 0.605640625 0.3712987012987013 0.07471875 0.1725108225108225
48548 1 0.47734375 0.27135281385281385 0.031656250000000004 0.06854978354978356
48548 47 0.494015625 0.3503138528138528 0.01071875 0.02279220779220779
48548 47 0.341984375 0.3438311688311688 0.010437499999999999 0.013896103896103896
48548 62 0.63021875 0.41481601731601725 0.04896875 0.05335497835497835
48548 62 0.6475703125 0.4323701298701299 0.051234375 0.01807359307359307
48548 62 0.690640625 0.4166666666666667 0.05553125 0.04727272727272727
48548 62 0.7033671874999999 0.435551948051948 0.050296875 0.0208008658008658
48548 62 0.8811328125000001 0.44869047619047614 0.054203125 0.02655844155844156
48548 62 0.9341171874999998 0.45573593073593077 0.037609375 0.022727272727272728
48548 62 0.52946875 0.18720779220779218 0.050093750000000006 0.03367965367965368
48548 62 0.5613671875 0.3493181818181818 0.039984375 0.03941558441558442
48548 1 0.23951562499999998 0.4343506493506493 0.0900625 0.20562770562770563
48548 1 0.40209374999999997 0.21175324675324675 0.06265625 0.0822077922077922
48548 62 0.7415234374999999 0.4146212121212121 0.032390625 0.03638528138528138
48548 62 0.527140625 0.1521969696969697 0.050093750000000006 0.029025974025974028
48548 62 0.5778125000000001 0.1575974025974026 0.04865625 0.03103896103896104
48548 62 0.5757421875000001 0.18512987012987014 0.039609375 0.031818181818181815
48548 62 0.5427890625 0.22339826839826837 0.040609374999999996 0.04662337662337662
48548 1 0.7 0.3398268398268398 0.134375 0.12554112554112554
