29153 2 0.6398594847775176 0.89403125 0.40014051522248245 0.21193749999999997
29153 8 0.4582435597189695 0.53025 0.9154566744730679 0.49553125
29153 27 0.5545550351288057 0.4505624999999999 0.09847775175644027 0.09090625
29153 27 0.2202224824355972 0.77525 0.07576112412177986 0.08459375
29153 1 0.48046838407494147 0.506234375 0.2437470725995316 0.30293749999999997
29153 1 0.7907377049180327 0.361203125 0.1832552693208431 0.2768125
29153 1 0.80807962529274 0.8056484375 0.15920374707259954 0.272765625
29153 1 0.6912997658079625 0.8159375000000001 0.22484777517564403 0.3521875
29153 1 0.5388056206088992 0.8058671875 0.18463700234192038 0.347515625
29153 1 0.42105386416861823 0.817421875 0.17555035128805618 0.33803125
29153 1 0.2956908665105386 0.8350312500000001 0.12552693208430912 0.3074375
29153 1 0.41764637002341914 0.187640625 0.12798594847775174 0.1955
29153 1 0.1772950819672131 0.33914062500000003 0.08461358313817331 0.09625
29153 1 0.29482435597189693 0.26412500000000005 0.06941451990632319 0.11468750000000001
29153 1 0.9075409836065574 0.8033671874999999 0.18491803278688523 0.366296875
29153 1 0.1366744730679157 0.837703125 0.2733489461358314 0.3176875
29153 27 0.3840749414519906 0.7607109375000001 0.09981264637002342 0.11379687499999999
29153 27 0.16348946135831383 0.82565625 0.22580796252927401 0.1616875
29153 27 0.7864754098360656 0.3312109375 0.08189695550351288 0.065671875
29153 27 0.5485948477751756 0.7424531249999999 0.10327868852459017 0.1045625
29153 31 0.7917447306791568 0.332625 0.09079625292740047 0.06978124999999999
29153 1 0.6741451990632319 0.206625 0.18468384074941452 0.16446875
29153 1 0.22131147540983606 0.35078125 0.3255269320843091 0.3140625
