41305 1 0.5435390625000001 0.4123645833333333 0.315171875 0.37977083333333334
41305 1 0.8859765625 0.46396875 0.146953125 0.5180208333333334
41305 1 0.5527656249999999 0.3229479166666666 0.13846875 0.4493958333333333
41305 1 0.729359375 0.45492708333333337 0.12921875 0.46177083333333335
41305 1 0.9698828125000001 0.43636458333333333 0.059671875 0.15664583333333332
41305 1 0.3314296875 0.2954375 0.025359375 0.08266666666666667
41305 1 0.20025781250000002 0.33123958333333337 0.020265625000000002 0.043354166666666666
41305 1 0.17174218749999998 0.36189583333333336 0.025546875000000004 0.058333333333333334
41305 1 0.1388671875 0.3995520833333333 0.057765625 0.1383125
41305 1 0.8308046874999999 0.32357291666666665 0.057140625 0.18552083333333333
41305 15 0.117140625 0.44095833333333334 0.22209374999999998 0.062000000000000006
41305 15 0.3653203125 0.3993541666666667 0.11082812500000001 0.043875
41305 15 0.2920859375 0.4002708333333333 0.074078125 0.03025
41305 31 0.7938046875 0.4440208333333333 0.054203125 0.22458333333333333
41305 31 0.18084375 0.3990104166666667 0.0205625 0.03289583333333333
41305 31 0.63046875 0.3482291666666667 0.021156249999999998 0.04741666666666667
41305 51 0.6821484375000001 0.6474791666666667 0.096796875 0.087125
41305 51 0.5718984375 0.5796250000000001 0.075546875 0.07079166666666666
41305 67 0.6087109375 0.7292083333333333 0.782578125 0.5280833333333333
41305 67 0.374078125 0.37585416666666666 0.1665 0.041291666666666664
41305 1 0.3010859375 0.3430520833333333 0.039390625 0.0658125
41305 1 0.27125 0.3505520833333333 0.0405 0.07893750000000001
41305 15 0.028843749999999994 0.4048333333333333 0.051468749999999994 0.0115
41305 50 0.691671875 0.6117291666666667 0.01565625 0.050708333333333334
41305 50 0.7699765625 0.8908020833333334 0.027703125000000002 0.21839583333333332
41305 51 0.4380156250000001 0.6878958333333334 0.26853125 0.16633333333333333
41305 51 0.827921875 0.7623333333333334 0.1013125 0.1065
41305 1 0.9805078125 0.34304166666666663 0.038984375 0.09091666666666667
41305 15 0.22863281250000003 0.39517708333333335 0.021765625 0.033479166666666664
41305 15 0.372359375 0.3715208333333333 0.165375 0.030791666666666665
41305 51 0.378234375 0.6016979166666666 0.21221874999999998 0.1050625
41305 51 0.3250390625 0.53665625 0.166359375 0.06127083333333334
41305 51 0.331859375 0.4413229166666666 0.05671875 0.047562499999999994
41305 51 0.924609375 0.9279375000000001 0.07421875 0.08854166666666667
41305 67 0.32029687500000004 0.49331250000000004 0.27859375000000003 0.15812500000000002
41305 50 0.49935156250000007 0.6606145833333332 0.08742187500000001 0.07531249999999999
41305 50 0.7850546875 0.720625 0.046515625 0.06433333333333333
41305 50 0.37927343750000003 0.5924895833333333 0.089140625 0.04114583333333333
41305 50 0.384578125 0.421875 0.0175625 0.005291666666666667
41305 67 0.038421875 0.4297916666666666 0.07368749999999999 0.07437500000000001
41305 1 0.5 0.55625 0.996875 0.7416666666666667
