9488 44 0.7930300000000001 0.5102133333333334 0.02618 0.09946666666666666
9488 3 0.97264 0.28601333333333334 0.05472 0.06888
9488 44 0.23908 0.5083333333333333 0.01852 0.04514666666666667
9488 44 0.46555 0.48649333333333333 0.048659999999999995 0.10130666666666667
9488 62 0.47987 0.3805333333333333 0.08054 0.12528
9488 1 0.71445 0.443 0.23026 0.5394933333333334
9488 1 0.39418000000000003 0.4617466666666667 0.22128 0.26685333333333333
9488 1 0.1997 0.39216 0.14908000000000002 0.25594666666666666
9488 1 0.4361 0.6115466666666666 0.33727999999999997 0.5249066666666666
9488 15 0.87564 0.6271733333333334 0.24872 0.22976
9488 43 0.39616999999999997 0.38196 0.055299999999999995 0.16370666666666667
9488 43 0.5790599999999999 0.5875333333333334 0.199 0.16573333333333332
9488 27 0.6325899999999999 0.32076 0.08081999999999999 0.17213333333333333
9488 27 0.95894 0.7517600000000001 0.08092 0.15872
9488 44 0.3327 0.61204 0.0248 0.10381333333333333
9488 31 0.7979499999999999 0.7745066666666667 0.1933 0.23151999999999998
9488 47 0.6834000000000001 0.7554933333333334 0.026920000000000003 0.06101333333333333
9488 47 0.34482999999999997 0.42890666666666666 0.023260000000000003 0.04576
9488 62 0.2359 0.4315866666666667 0.22724 0.23741333333333334
9488 62 0.53188 0.6079600000000001 0.206 0.38909333333333335
