35150 3 0.761296875 0.33060869565217393 0.0655625 0.03869565217391305
35150 1 0.36834375 0.3999239130434782 0.10296875000000001 0.3983260869565217
35150 1 0.517359375 0.40843478260869565 0.14128125 0.42665217391304344
35150 1 0.632765625 0.4305869565217391 0.19793750000000002 0.4966086956521739
35150 1 0.81875 0.32764130434782607 0.02765625 0.10041304347826087
35150 1 0.9125624999999999 0.3393586956521739 0.025750000000000002 0.09963043478260869
35150 1 0.9305937500000001 0.34407608695652175 0.018375 0.08493478260869565
35150 1 0.960375 0.35388043478260867 0.0300625 0.07106521739130434
35150 1 0.3088515625 0.34263043478260874 0.06029687500000001 0.24034782608695654
35150 1 0.48659374999999994 0.32981521739130437 0.01959375 0.10376086956521738
35150 35 0.5096953125000001 0.5904347826086958 0.303796875 0.059130434782608696
35150 1 0.13508593750000003 0.4951847826086957 0.21345312500000002 0.669108695652174
35150 35 0.7828203125 0.6687173913043477 0.140828125 0.03786956521739131
35150 35 0.21171875 0.5346739130434782 0.08840624999999999 0.014434782608695651
