26655 62 0.9519479166666667 0.4493828125 0.09610416666666667 0.29495312500000004
26655 1 0.4784895833333333 0.3667421875 0.8790625 0.722703125
26655 47 0.9252812499999999 0.7987578125000001 0.1494375 0.40248437499999995
26655 48 0.6623854166666666 0.70934375 0.27556250000000004 0.13065625
26655 49 0.40219791666666665 0.672125 0.2438958333333333 0.16921875
26655 62 0.11988541666666667 0.2615234375 0.0919375 0.043484375
26655 62 0.9109895833333334 0.38160937500000003 0.09185416666666667 0.24537499999999998
26655 62 0.8260937500000001 0.263 0.0465625 0.035625000000000004
26655 67 0.18670833333333334 0.284828125 0.24591666666666667 0.07728125
26655 67 0.8326354166666666 0.310171875 0.13447916666666665 0.062
26655 67 0.4479166666666667 0.8541718750000001 0.8888750000000001 0.265625
26655 62 0.9648854166666666 0.286109375 0.034895833333333334 0.0650625
26655 62 0.14966666666666667 0.39966406250000003 0.1673333333333333 0.164203125
