9353 4 0.4843046875 0.45515625000000004 0.8744531249999999 0.5605208333333334
9353 4 0.1886953125 0.14605208333333333 0.13314062499999998 0.27418750000000003
9353 3 0.04573437500000001 0.0420625 0.08909375 0.08295833333333333
9353 4 0.0487734375 0.15053124999999998 0.097546875 0.2779375
9353 4 0.7098515625 0.1773020833333333 0.257296875 0.30497916666666663
9353 4 0.45092187499999997 0.15432291666666667 0.2648125 0.27406250000000004
9353 4 0.9024609374999999 0.18486458333333333 0.19464062499999998 0.25314583333333335
9353 4 0.627203125 0.0589375 0.06899999999999999 0.117875
9353 4 0.5404296875 0.050124999999999996 0.071265625 0.10024999999999999
9353 4 0.043515625 0.5012291666666667 0.08703125 0.26666666666666666
9353 4 0.7212578125 0.062156249999999996 0.067734375 0.12056249999999999
9353 4 0.8163046875 0.03945833333333334 0.047046875 0.06375
9353 4 0.9225 0.07034375 0.15440625 0.09697916666666666
