2498 1 0.6738515625 0.5842723004694835 0.109203125 0.3685446009389671
2498 1 0.9116484374999999 0.5714319248826292 0.175078125 0.4172300469483568
2498 1 0.502921875 0.4833333333333333 0.10703125 0.5146948356807511
2498 1 0.6509140625 0.2917488262910798 0.034546875 0.09889671361502347
2498 27 0.7836328124999999 0.15002347417840375 0.021703125 0.02779342723004695
2498 27 0.7626484375 0.17460093896713613 0.0073906250000000005 0.049389671361502345
2498 34 0.5508671875 0.23126760563380283 0.037828125000000004 0.04699530516431925
2498 1 0.750515625 0.17355633802816903 0.03178125 0.11481220657276994
2498 1 0.42331250000000004 0.4872652582159624 0.131625 0.5393192488262911
2498 1 0.568359375 0.4880516431924883 0.043125000000000004 0.2448356807511737
2498 1 0.6163828125 0.28926056338028167 0.029640624999999997 0.10776995305164319
2498 1 0.7834765625 0.175387323943662 0.034328125 0.11941314553990609
