14219 7 0.4827734375 0.5589812646370024 0.39582812500000003 0.44269320843091337
14219 1 0.71115625 0.7217447306791569 0.0833125 0.5565105386416862
14219 1 0.8873906250000001 0.732927400468384 0.0826875 0.5173770491803278
14219 1 0.9612109375000001 0.7504918032786885 0.077578125 0.499016393442623
14219 1 0.781390625 0.7038290398126463 0.09015625000000001 0.5585714285714285
14219 1 0.19451562500000003 0.5377400468384075 0.027125 0.1064871194379391
14219 1 0.14839843749999998 0.5278220140515223 0.017484375 0.07629976580796252
14219 1 0.6678515624999999 0.7588290398126464 0.041078125 0.15208430913348944
14219 1 0.935609375 0.5432318501170961 0.037593749999999995 0.13789227166276347
14219 1 0.9182265624999999 0.5257142857142858 0.030015625 0.09817330210772834
14219 1 0.23655468750000003 0.526135831381733 0.018359375 0.07498829039812648
14219 31 0.7456171875 0.6879274004683841 0.059171875 0.27693208430913346
14219 33 0.9166171875 0.918255269320843 0.118796875 0.1633957845433255
14219 1 0.0906015625 0.524695550351288 0.019765625000000002 0.07655737704918032
14219 1 0.8269140625 0.5400117096018735 0.043859375 0.14395784543325527
14219 1 0.22014062499999998 0.5296370023419203 0.01059375 0.06634660421545667
14219 27 0.8461562499999999 0.5415339578454332 0.034125 0.10288056206088993
14219 33 0.842921875 0.8106206088992974 0.065625 0.17412177985948477
14219 77 0.68396875 0.5259250585480093 0.00990625 0.012646370023419205
14219 31 0.8326484375000002 0.5522014051522248 0.026015624999999997 0.08721311475409836
14219 31 0.9409531250000001 0.7391217798594848 0.050749999999999997 0.16185011709601874
14219 1 0.18671875 0.5023419203747073 0.1546875 0.0351288056206089
