31625 54 0.37303125000000004 0.684265625 0.2426875 0.11909375
31625 54 0.5960416666666667 0.74928125 0.17074999999999999 0.0991875
31625 67 0.5765729166666667 0.4977421875 0.8468541666666667 0.984234375
31625 46 0.9067291666666666 0.156125 0.176625 0.22337500000000002
31625 60 0.39675 0.180828125 0.17379166666666668 0.06118749999999999
31625 60 0.5055520833333333 0.1343515625 0.21239583333333334 0.082609375
31625 60 0.6256458333333333 0.14340625 0.12208333333333334 0.078
31625 60 0.3588854166666666 0.13279687499999998 0.09235416666666667 0.056937499999999995
31625 60 0.5331666666666667 0.18448437499999998 0.06824999999999999 0.034937499999999996
31625 60 0.9548541666666668 0.6169687500000001 0.09029166666666667 0.25203125000000004
31625 54 0.3983541666666666 0.5606796875 0.24262499999999998 0.10779687499999999
