17882 2 0.44773958333333336 0.5460156250000001 0.15410416666666665 0.095625
17882 2 0.40038541666666666 0.5666718749999999 0.15593749999999998 0.08975
17882 2 0.37646875 0.6348359375 0.14814583333333334 0.07257812500000001
17882 2 0.26218749999999996 0.759078125 0.17158333333333334 0.073875
17882 2 0.5936458333333333 0.3293984375 0.15079166666666666 0.081171875
17882 2 0.5540208333333333 0.4386562499999999 0.14179166666666668 0.05378125
17882 2 0.45508333333333334 0.49046874999999995 0.14275 0.08584375
17882 2 0.36483333333333334 0.586546875 0.163875 0.08521875
17882 2 0.2648854166666667 0.7145859375000001 0.1520625 0.080828125
17882 2 0.18397916666666667 0.8380859375 0.17787499999999998 0.090171875
17882 2 0.13603125 0.8597031249999999 0.15397916666666667 0.093875
17882 2 0.10672916666666667 0.94821875 0.19079166666666666 0.1035625
17882 2 0.49001041666666667 0.4609453125 0.1235625 0.08885937499999999
17882 1 0.7840625 0.7080703125000001 0.06170833333333334 0.07520312500000001
17882 1 0.8435833333333334 0.1396796875 0.051083333333333335 0.11667187500000001
17882 1 0.92346875 0.41449218749999994 0.08152083333333333 0.106640625
17882 1 0.9548333333333333 0.12075781249999999 0.06320833333333334 0.12342187499999999
17882 1 0.9142187500000001 0.10084374999999998 0.04622916666666667 0.0701875
17882 2 0.27860416666666665 0.6899609375 0.16091666666666665 0.102609375
17882 3 0.5773854166666667 0.177046875 0.2738125 0.23884375000000002
17882 3 0.25646875 0.507671875 0.3688541666666667 0.3288125
17882 1 0.5734375 0.5449296875 0.09345833333333334 0.08104687499999999
17882 28 0.9077291666666667 0.57178125 0.18454166666666666 0.193
17882 1 0.9580520833333334 0.049265625 0.05335416666666667 0.061312500000000006
17882 1 0.95965625 0.45434374999999994 0.07772916666666667 0.0643125
17882 3 0.037322916666666664 0.784765625 0.07464583333333333 0.1529375
17882 62 0.7447083333333333 0.9260703124999999 0.16041666666666668 0.122265625
17882 1 0.9119791666666667 0.15838281250000003 0.08004166666666666 0.114234375
17882 2 0.5229166666666667 0.6234375 0.8541666666666666 0.66875
