8019 18 0.12312999999999999 0.7236976047904192 0.05058 0.04739520958083832
8019 3 0.94884 0.6935479041916168 0.102 0.11398203592814371
8019 3 0.60441 0.6912724550898204 0.1263 0.12583832335329342
8019 3 0.79926 0.6586526946107785 0.12456 0.08982035928143713
8019 3 0.6700799999999999 0.6526497005988023 0.13112000000000001 0.08032934131736526
8019 3 0.28252999999999995 0.6709431137724551 0.17818 0.15793413173652696
8019 1 0.48539 0.6319760479041916 0.09774 0.5865868263473053
8019 1 0.16884 0.6802395209580838 0.02788 0.1317365269461078
8019 1 0.18385 0.6757035928143713 0.02998 0.13997005988023953
8019 1 0.08383 0.6596706586826347 0.0419 0.1202994011976048
8019 3 0.5437299999999999 0.6584131736526946 0.0441 0.0559880239520958
8019 8 0.9267 0.5869161676646707 0.1466 0.16910179640718562
8019 38 0.41706000000000004 0.5596856287425149 0.25916 0.6781137724550899
8019 1 0.7763300000000001 0.6113173652694611 0.0109 0.03682634730538922
8019 3 0.39768999999999993 0.6522754491017964 0.07482 0.07437125748502994
