18670 67 0.5016328124999999 0.5168534482758621 0.996734375 0.9348275862068965
18670 51 0.8142031249999999 0.7731465517241379 0.330875 0.3020258620689655
18670 52 0.417078125 0.13370689655172416 0.12056249999999999 0.13258620689655173
18670 52 0.494734375 0.23216594827586207 0.048593750000000005 0.06622844827586206
18670 52 0.5950624999999999 0.22523706896551726 0.0709375 0.06625
18670 52 0.6234999999999999 0.17136853448275863 0.087 0.07058189655172414
18670 49 0.33659375 0.08700431034482758 0.10134375 0.04043103448275862
18670 50 0.7437421875 0.9239762931034482 0.157421875 0.15204741379310344
18670 52 0.542921875 0.24702586206896554 0.3570625 0.18008620689655172
18670 50 0.8201953124999999 0.5239655172413793 0.32032812499999996 0.13474137931034483
18670 61 0.4554765625 0.5676724137931034 0.08982812500000001 0.07435344827586207
18670 50 0.73453125 0.6688146551724138 0.10746875 0.3043534482758621
