8204 6 0.7696640625000001 0.7741562500000001 0.46067187499999995 0.42472916666666666
8204 1 0.3097265625 0.8378333333333334 0.048984375000000004 0.10333333333333333
8204 1 0.515765625 0.8727812499999998 0.026718750000000003 0.16314583333333335
8204 1 0.7038203125 0.7524895833333333 0.022921875 0.02772916666666667
8204 1 0.698328125 0.7645520833333332 0.028499999999999998 0.034479166666666665
8204 1 0.709671875 0.7475208333333333 0.01403125 0.022416666666666665
8204 8 0.26360937500000003 0.6405833333333334 0.5238125 0.7052083333333333
8204 31 0.5215625 0.9100104166666667 0.02178125 0.0535625
8204 1 0.7642109375 0.7697604166666667 0.016015625 0.022395833333333334
8204 1 0.8755703124999998 0.76690625 0.021265625 0.0278125
8204 1 0.9432890625000001 0.7622187500000001 0.018796874999999998 0.04035416666666667
8204 1 0.22945312499999998 0.8254374999999999 0.057843750000000006 0.19016666666666668
8204 1 0.8503046875000001 0.7692604166666667 0.019015625 0.0335625
8204 1 0.7403124999999999 0.72628125 0.0108125 0.026770833333333334
8204 31 0.512546875 0.8758020833333333 0.010437499999999999 0.015854166666666666
8204 1 0.6865859375000001 0.7693229166666667 0.019484375 0.034770833333333334
8204 1 0.7391484375 0.7491041666666667 0.020453125 0.035708333333333335
8204 1 0.58203125 0.840625 0.3359375 0.14791666666666667
