28463 47 0.6387009803921568 0.19794934640522877 0.2309967320261438 0.2820751633986928
28463 47 0.2794035947712418 0.1912173202614379 0.1940359477124183 0.2593627450980392
28463 50 0.6678839869281046 0.5816748366013073 0.10776143790849674 0.3290359477124183
28463 50 0.9205392156862745 0.704093137254902 0.158921568627451 0.1606045751633987
28463 61 0.8685375816993464 0.5359558823529411 0.26292483660130717 0.307859477124183
28463 49 0.7383251633986928 0.6938480392156864 0.05792483660130719 0.1486111111111111
28463 55 0.02122549019607843 0.41641339869281047 0.04245098039215686 0.07197712418300653
28463 44 0.5318300653594772 0.11765522875816993 0.1545424836601307 0.23531045751633986
28463 49 0.3802532679738562 0.04441176470588235 0.034787581699346405 0.0888235294117647
28463 51 0.819828431372549 0.5293300653594772 0.36034313725490197 0.45411764705882357
28463 61 0.22857026143790854 0.5233741830065359 0.4415522875816994 0.35583333333333333
28463 67 0.5064950980392157 0.49740196078431365 0.9870098039215686 0.9792156862745097
