43960 44 0.6544609375 0.5467592592592593 0.020140625000000002 0.028333333333333335
43960 62 0.5586249999999999 0.5987962962962963 0.08034375 0.2626851851851852
43960 62 0.7078359375 0.5911111111111111 0.159921875 0.2674537037037037
43960 62 0.4463828125 0.688263888888889 0.058515625 0.09273148148148148
43960 37 0.20915625000000002 0.5501736111111111 0.028437499999999998 0.029837962962962965
43960 39 0.8267265625 0.40181712962962957 0.06401562499999999 0.22960648148148147
43960 39 0.20734375 0.7175000000000001 0.0538125 0.1934722222222222
43960 40 0.222078125 0.5431250000000001 0.07509375 0.06402777777777778
43960 1 0.280390625 0.7432407407407408 0.190625 0.46347222222222223
43960 1 0.3826484375 0.5209490740740741 0.099015625 0.37949074074074074
43960 1 0.443359375 0.6262500000000001 0.1414375 0.24351851851851852
43960 1 0.9025234375 0.6471990740740742 0.16989062500000002 0.6247222222222222
43960 1 0.9776953125000001 0.5730439814814815 0.044609375 0.2994675925925926
43960 1 0.7590625 0.5363657407407407 0.10634375 0.30300925925925926
43960 1 0.6013124999999999 0.5836921296296296 0.135 0.32243055555555555
43960 39 0.337453125 0.7155208333333334 0.02690625 0.21118055555555557
43960 62 0.7507187500000001 0.5069444444444444 0.14328125 0.11782407407407407
43960 1 0.0806015625 0.6817361111111111 0.158203125 0.5160648148148148
43960 1 0.212921875 0.6687847222222222 0.07418749999999999 0.1857638888888889
43960 1 0.01 0.46523148148148147 0.02 0.12143518518518519
43960 39 0.34822656249999995 0.7134027777777777 0.035671875 0.19541666666666668
43960 39 0.21696875000000002 0.7381365740740741 0.045187500000000005 0.1654861111111111
