25433 3 0.2770703125 0.7553734939759037 0.10582812500000001 0.09204819277108435
25433 3 0.08257812499999999 0.7256867469879519 0.021687500000000002 0.029686746987951807
25433 3 0.043976562500000003 0.7216506024096386 0.025859375 0.02643373493975904
25433 3 0.10838281250000001 0.7275180722891567 0.031078125 0.033060240963855424
25433 3 0.0687109375 0.722144578313253 0.022234375 0.027373493975903614
25433 6 0.6005703125 0.7373614457831326 0.301734375 0.19462650602409637
25433 6 0.872109375 0.6932650602409638 0.255 0.36180722891566264
25433 1 0.3031328125 0.7109397590361445 0.010203125 0.021734939759036145
25433 1 0.3226640625 0.7238433734939759 0.012921875 0.052987951807228914
25433 1 0.35926562500000003 0.7229277108433735 0.01134375 0.04672289156626506
25433 10 0.264828125 0.6616144578313253 0.01134375 0.01946987951807229
25433 3 0.010437499999999999 0.7213493975903613 0.020874999999999998 0.027518072289156627
25433 1 0.131546875 0.7121927710843373 0.01159375 0.031036144578313257
