11292 77 0.8843671874999999 0.6069765625000001 0.057609375 0.095015625
11292 1 0.5674140624999999 0.6314609375 0.689890625 0.737078125
11292 1 0.7056171875 0.5656171875 0.426953125 0.8379843749999999
11292 1 0.0889609375 0.423421875 0.101359375 0.20721875
11292 1 0.2592734375 0.3237265625 0.07620312500000001 0.09232812500000001
11292 1 0.9667109374999999 0.5891796874999999 0.066578125 0.225921875
11292 62 0.9021171875 0.9111796875 0.08201562500000001 0.177640625
11292 62 0.9260625000000001 0.7894375 0.147875 0.25915625000000003
11292 1 0.02284375 0.3594609375 0.04484375 0.089953125
11292 1 0.177921875 0.64415625 0.236375 0.6753125
11292 1 0.5445234375 0.31325781249999995 0.089109375 0.173078125
