2209 16 0.32948 0.3323745819397993 0.061 0.07411371237458195
2209 16 0.37165 0.30590301003344483 0.055420000000000004 0.06364548494983278
2209 16 0.31407999999999997 0.4774247491638796 0.0288 0.02648829431438127
2209 16 0.31920000000000004 0.3735117056856187 0.061560000000000004 0.0791304347826087
2209 16 0.29668 0.4290802675585284 0.05348 0.05220735785953177
2209 16 0.26665000000000005 0.4653010033444816 0.045700000000000005 0.04010033444816054
2209 16 0.34821 0.466571906354515 0.05058 0.03327759197324415
2209 16 0.26043 0.4377257525083612 0.04566 0.03605351170568562
2209 16 0.31786000000000003 0.413494983277592 0.05472 0.051939799331103674
2209 3 0.047760000000000004 0.9524414715719065 0.050320000000000004 0.027558528428093646
2209 8 0.02534 0.9482274247491638 0.05068 0.0271571906354515
2209 16 0.32471 0.47668896321070237 0.022539999999999998 0.018127090301003346
2209 16 0.5798199999999999 0.8928929765886287 0.00452 0.0205685618729097
