26129 9 0.2698515625 0.6187527839643653 0.338921875 0.44334075723830735
26129 9 0.7520078125 0.7033741648106904 0.365765625 0.41347438752783966
26129 16 0.0848046875 0.23620267260579064 0.012484375 0.01650334075723831
26129 16 0.0471875 0.23766146993318485 0.01640625 0.014298440979955456
26129 16 0.67775 0.22249443207126948 0.01971875 0.014699331848552337
26129 16 0.7194375 0.22179287305122497 0.02040625 0.014053452115812918
26129 16 0.961125 0.2129064587973274 0.01584375 0.021180400890868596
26129 16 0.8531718750000001 0.2169042316258352 0.0143125 0.01955456570155902
26129 16 0.7846875000000001 0.2242316258351893 0.02103125 0.009888641425389757
26129 16 0.984703125 0.21896436525612473 0.008875 0.011158129175946548
