34882 37 0.5997149122807017 0.058382812500000006 0.04394736842105263 0.035796875
34882 1 0.37762061403508773 0.59903125 0.748969298245614 0.63453125
34882 1 0.686688596491228 0.2868046875 0.15749999999999997 0.323140625
34882 1 0.3523793859649123 0.2388125 0.1175657894736842 0.18440625
34882 1 0.22336622807017545 0.085546875 0.04967105263157894 0.09690625
34882 1 0.7624342105263158 0.29192968750000003 0.1099561403508772 0.266203125
34882 40 0.7475548245614035 0.30798437500000003 0.04519736842105263 0.04790625
34882 40 0.47032894736842107 0.332515625 0.08828947368421053 0.059781249999999994
34882 40 0.4033771929824561 0.30256249999999996 0.03293859649122807 0.01703125
34882 1 0.8528289473684211 0.0858359375 0.08153508771929824 0.105203125
34882 1 0.51 0.10290625 0.037192982456140354 0.0673125
34882 1 0.27287280701754385 0.102125 0.036008771929824566 0.064875
34882 1 0.17035087719298245 0.0812109375 0.059166666666666666 0.095859375
34882 1 0.529594298245614 0.308 0.31063596491228074 0.38134375
34882 1 0.4042214912280702 0.10196874999999998 0.054232456140350875 0.0721875
34882 40 0.7984649122807018 0.31353125 0.04192982456140351 0.04771875
