14726 6 0.4612421875 0.5626 0.526984375 0.7863764705882352
14726 31 0.855671875 0.7394352941176471 0.09246875 0.19609411764705884
14726 31 0.76465625 0.6245058823529412 0.027000000000000003 0.05225882352941177
14726 1 0.14027343750000001 0.7797647058823529 0.152203125 0.4179764705882353
14726 6 0.0717890625 0.42116470588235294 0.140578125 0.4414352941176471
14726 31 0.11460937499999999 0.7592941176470588 0.054843750000000004 0.08555294117647058
14726 1 0.18034374999999997 0.6694117647058824 0.09875 0.35317647058823526
14726 1 0.76125 0.6266470588235293 0.04246875 0.18143529411764706
14726 1 0.7479296875 0.5455411764705882 0.010734375 0.026235294117647058
14726 1 0.786515625 0.541835294117647 0.01521875 0.03124705882352941
14726 1 0.8821875 0.7658117647058824 0.1355 0.4683764705882353
14726 1 0.7320859375000001 0.6229647058823529 0.025703125 0.1739764705882353
14726 1 0.783203125 0.603835294117647 0.029125 0.15327058823529413
14726 1 0.0522265625 0.7494352941176471 0.098484375 0.46517647058823525
14726 1 0.7244765625 0.5502470588235294 0.009109375 0.025011764705882355
14726 27 0.0595078125 0.8054117647058824 0.119015625 0.3891764705882353
14726 1 0.013859375000000002 0.47400000000000003 0.02303125 0.05821176470588235
