11159 3 0.6739609375 0.5843075117370893 0.089703125 0.04424882629107982
11159 3 0.035835937500000005 0.5725234741784038 0.071578125 0.04377934272300469
11159 3 0.8079296874999999 0.579718309859155 0.055609375 0.05253521126760563
11159 1 0.5270390625 0.49811032863849763 0.139328125 0.2924647887323944
11159 1 0.1910703125 0.5373591549295774 0.096109375 0.2825586854460094
11159 1 0.37768749999999995 0.484424882629108 0.1540625 0.2898826291079812
11159 1 0.7764765625 0.5470774647887324 0.149828125 0.2762206572769953
11159 1 0.3192109375 0.53981220657277 0.023515625000000002 0.04793427230046949
11159 1 0.08445312499999999 0.5563262910798122 0.028249999999999997 0.07626760563380282
11159 41 0.19056250000000002 0.6764201877934273 0.10365625 0.03800469483568075
11159 41 0.3873828125 0.601056338028169 0.07373437499999999 0.08093896713615023
11159 41 0.5605390625 0.6054225352112675 0.091921875 0.08582159624413147
11159 41 0.7315703125 0.6915727699530517 0.100515625 0.025164319248826294
11159 1 0.2431328125 0.548462441314554 0.024640625 0.07359154929577465
11159 15 0.129171875 0.5786971830985915 0.06346874999999999 0.028943661971830986
11159 1 0.2811484375 0.5356690140845071 0.024765625 0.056314553990610326
11159 15 0.46709375 0.669988262910798 0.322625 0.061431924882629114
