24368 3 0.9135468750000001 0.5858548009367681 0.16318749999999999 0.09128805620608899
24368 6 0.4992421875 0.4637704918032787 0.585859375 0.6666042154566745
24368 1 0.817734375 0.5847892271662763 0.01665625 0.07496487119437939
24368 1 0.1851015625 0.6297658079625293 0.056359375 0.14159250585480093
24368 1 0.166515625 0.6254098360655738 0.033468750000000005 0.14276346604215456
24368 10 0.8522656249999999 0.45652224824355975 0.01803125 0.0630679156908665
24368 10 0.8263984375 0.4621311475409836 0.015609375 0.0409367681498829
24368 10 0.8042265625 0.48297423887587826 0.015171875000000001 0.050023419203747074
24368 31 0.197015625 0.6160421545667447 0.0062812499999999995 0.02430913348946136
24368 1 0.089453125 0.5993559718969554 0.02309375 0.06723653395784543
24368 1 0.06909375 0.5966861826697892 0.015562500000000002 0.07060889929742388
24368 1 0.8052578125000001 0.5931381733021077 0.011609375 0.06599531615925058
24368 10 0.1459375 0.5166042154566745 0.012625 0.029414519906323187
24368 1 0.7902421875 0.5843208430913349 0.007703125 0.0821311475409836
24368 1 0.45649218750000004 0.5626463700234192 0.028484375 0.06875878220140515
24368 1 0.193109375 0.6752224824355971 0.0290625 0.047540983606557376
