3442 72 0.8283359375 0.5967564402810305 0.063265625 0.3431147540983606
3442 44 0.93925 0.8661241217798594 0.028687499999999998 0.04840749414519907
3442 63 0.6062109375 0.5604566744730679 0.173609375 0.15697892271662764
3442 65 0.3530859375 0.7696604215456674 0.46029687499999994 0.43819672131147547
3442 47 0.8661796875000001 0.9476463700234193 0.049515625 0.1032552693208431
3442 47 0.8382187499999999 0.9120608899297423 0.0454375 0.10388758782201404
3442 62 0.66334375 0.5041920374707259 0.03828125 0.06393442622950819
3442 62 0.7321484375 0.5305737704918033 0.032390625 0.09749414519906324
3442 62 0.7053515625 0.5282201405152225 0.036234375 0.07189695550351288
3442 62 0.7685078125 0.5576697892271663 0.026921875 0.08072599531615925
3442 44 0.9305937499999999 0.9103864168618268 0.07278124999999999 0.15323185011709603
