40911 44 0.5757109375 0.7802588235294118 0.057015625 0.26178823529411765
40911 44 0.5127421875 0.5723294117647059 0.010828125 0.05214117647058823
40911 44 0.4600625 0.5469058823529411 0.014343749999999999 0.0444
40911 1 0.9238046875 0.5033764705882353 0.152390625 0.9572941176470589
40911 1 0.3245546875 0.4447411764705882 0.372078125 0.7056235294117646
40911 51 0.45040625 0.8470823529411766 0.19803125 0.13901176470588236
40911 44 0.7444843750000001 0.8534941176470588 0.044875 0.20585882352941176
40911 44 0.7901796875 0.8356 0.047234375 0.168
40911 44 0.02734375 0.6687294117647058 0.025468750000000002 0.10644705882352942
40911 51 0.6730937499999999 0.9455411764705883 0.0844375 0.09023529411764707
40911 51 0.5410390625000001 0.9568470588235294 0.08820312500000001 0.07887058823529412
40911 79 0.40647656249999997 0.4247764705882353 0.047640625 0.0964235294117647
40911 44 0.2552734375 0.790470588235294 0.189734375 0.38701176470588233
40911 47 0.539015625 0.9480470588235295 0.08796875 0.07792941176470587
40911 51 0.6111015625 0.7142823529411765 0.158296875 0.08230588235294117
40911 51 0.7166406249999999 0.9777058823529412 0.092375 0.044588235294117644
40911 51 0.6675859375 0.788729411764706 0.136359375 0.06992941176470588
40911 51 0.4782578125 0.7646941176470589 0.158921875 0.06430588235294117
40911 51 0.44008593749999997 0.6447764705882354 0.097265625 0.03872941176470589
40911 51 0.48412499999999997 0.666635294117647 0.04278125 0.04672941176470588
40911 51 0.44178125 0.7127647058823529 0.07584375 0.051270588235294116
40911 1 0.6408515625 0.6251882352941176 0.408828125 0.5386117647058823
