41669 67 0.5088437499999999 0.7059583333333332 0.9385 0.5880833333333334
41669 1 0.7471796875 0.1676388888888889 0.127953125 0.3347777777777778
41669 1 0.5631328124999999 0.14397222222222222 0.18076562499999999 0.2786666666666667
41669 1 0.0725625 0.1847083333333333 0.145125 0.36913888888888885
41669 1 0.2183515625 0.08445833333333333 0.123265625 0.16891666666666666
41669 1 0.6667500000000001 0.09597222222222224 0.049125 0.19183333333333333
41669 1 0.43020312499999996 0.042374999999999996 0.07475000000000001 0.08097222222222222
41669 61 0.644421875 0.6550972222222222 0.127 0.20608333333333334
41669 61 0.503875 0.5098472222222222 0.12778125 0.20375
41669 61 0.6471953125000001 0.46068055555555554 0.11376562500000001 0.16630555555555554
41669 61 0.789890625 0.5456388888888889 0.130375 0.198
41669 1 0.3047578125 0.11809722222222223 0.16595312499999998 0.23475000000000001
41669 47 0.18003906249999999 0.4480138888888889 0.074421875 0.1351388888888889
41669 61 0.5844921875 0.33390277777777777 0.094796875 0.1333611111111111
41669 61 0.9069062499999999 0.7695833333333334 0.15128124999999998 0.24544444444444444
41669 61 0.7444531249999999 0.3563472222222222 0.034749999999999996 0.043527777777777776
41669 61 0.78184375 0.4272916666666666 0.03515625 0.04936111111111111
41669 61 0.8882343749999999 0.45279166666666665 0.11925 0.18258333333333335
41669 61 0.47748437500000007 0.38730555555555557 0.09840625 0.12216666666666666
41669 61 0.40328125000000004 0.3102361111111111 0.10149999999999999 0.14419444444444443
41669 61 0.31721093749999996 0.4728055555555556 0.091453125 0.19394444444444442
41669 61 0.21022656250000002 0.2038333333333333 0.106203125 0.11077777777777778
