14676 62 0.6223984375 0.08924686192468619 0.187921875 0.16560669456066945
14676 67 0.5005625 0.532510460251046 0.9975937500000001 0.9101673640167364
14676 46 0.5008671875 0.1497489539748954 0.127515625 0.2962761506276151
14676 48 0.162796875 0.696621338912134 0.2416875 0.42696652719665273
14676 49 0.8092578125 0.3002615062761506 0.294515625 0.12797071129707113
14676 50 0.432359375 0.17555439330543932 0.11896875 0.058807531380753134
14676 59 0.5353984374999999 0.4619456066945607 0.570640625 0.4022594142259414
14676 59 0.15440625 0.16447698744769876 0.30546875 0.13259414225941424
14676 1 0.8174453125 0.849194560669456 0.36510937499999996 0.3016108786610878
14676 62 0.844453125 0.12620292887029289 0.23162500000000003 0.24010460251046023
14676 62 0.7906328125 0.041569037656903764 0.151734375 0.07870292887029288
14676 62 0.37784375000000003 0.04342050209205021 0.1585625 0.08684100418410041
14676 1 0.15165625 0.06565899581589958 0.3033125 0.13131799163179916
