241 44 0.10634375 0.93265625 0.06227083333333334 0.13468750000000002
241 63 0.8251249999999999 0.6233281249999999 0.34833333333333333 0.46253124999999995
241 63 0.14977083333333333 0.6381328125 0.2981666666666667 0.406921875
241 1 0.48523958333333334 0.4994609375 0.4175625 0.978390625
241 1 0.21722916666666667 0.6837109375000001 0.42845833333333333 0.543828125
241 1 0.7276770833333333 0.6119296875 0.22322916666666667 0.40179687499999994
241 47 0.26891666666666664 0.9650703125 0.10566666666666666 0.069859375
241 47 0.0453125 0.9660078125 0.09029166666666667 0.067984375
241 75 0.28991666666666666 0.51996875 0.09191666666666666 0.034625
241 31 0.7845729166666667 0.7912109375 0.1360625 0.11479687499999999
241 1 0.04703125 0.741296875 0.0940625 0.31778125
241 1 0.9119895833333334 0.7078671875 0.17602083333333332 0.35954687500000004
241 64 0.30368749999999994 0.268296875 0.22883333333333333 0.31437499999999996
241 64 0.3319583333333333 0.6037421875 0.10370833333333333 0.11292187499999999
