21001 65 0.582734375 0.6241647058823528 0.47006249999999994 0.49214117647058825
21001 65 0.745953125 0.7724235294117646 0.50325 0.42376470588235293
21001 44 0.07178124999999999 0.5960352941176471 0.02378125 0.051458823529411765
21001 44 0.12255468750000001 0.5577176470588235 0.020984375 0.03632941176470588
21001 47 0.1464140625 0.5987411764705882 0.016078125 0.03983529411764706
21001 62 0.3130078125 0.6378823529411766 0.083640625 0.18192941176470587
21001 62 0.478453125 0.5609647058823529 0.06021875 0.03576470588235294
21001 62 0.21671093749999998 0.6571411764705881 0.031265625000000005 0.21663529411764704
21001 72 0.0761015625 0.3831529411764706 0.044765624999999996 0.2539294117647059
21001 33 0.8606406249999999 0.6963176470588235 0.26387499999999997 0.1340470588235294
21001 44 0.11657031249999998 0.5090941176470588 0.016578125 0.0532
21001 44 0.08534375 0.5554823529411764 0.02265625 0.07736470588235295
21001 27 0.6819843750000001 0.6759058823529411 0.048375 0.04084705882352941
