14366 48 0.3613359375 0.4669718309859155 0.039890625 0.44014084507042256
14366 48 0.20184375000000002 0.4777347417840375 0.046625 0.442981220657277
14366 48 0.5138046875 0.4595422535211267 0.046359375 0.42471830985915493
14366 48 0.657375 0.44916666666666666 0.052468749999999995 0.4526995305164319
14366 48 0.80846875 0.45842723004694835 0.055343750000000004 0.42694835680751175
14366 48 0.68490625 0.8536854460093896 0.22471875 0.29262910798122066
14366 53 0.5686718749999999 0.7052464788732394 0.1264375 0.19185446009389673
14366 53 0.2971796875 0.6962089201877936 0.12467187500000002 0.178943661971831
14366 53 0.3589921875 0.1943779342723005 0.11667187500000001 0.1280985915492958
14366 53 0.5169375 0.20318075117370893 0.114625 0.11481220657276994
14366 53 0.18614843749999999 0.20104460093896712 0.11360937499999998 0.12204225352112677
14366 53 0.7914218749999999 0.19823943661971832 0.10959375 0.11849765258215962
14366 48 0.1539375 0.8387558685446009 0.28378125 0.2144600938967136
14366 53 0.6539609375 0.2165727699530516 0.108421875 0.11483568075117372
