46812 50 0.7466328125 0.28167056074766356 0.26770312500000004 0.45516355140186915
46812 51 0.46465625 0.563072429906542 0.6220625 0.8468457943925234
46812 56 0.4621953125 0.7123247663551402 0.13182812500000002 0.1889018691588785
46812 56 0.49094531249999995 0.5117640186915888 0.210859375 0.275303738317757
46812 57 0.6270546875 0.6494158878504674 0.105421875 0.22588785046728974
46812 57 0.47284375 0.8766355140186917 0.0550625 0.10588785046728973
46812 57 0.59575 0.3805140186915888 0.09890625 0.13850467289719626
46812 57 0.265484375 0.5580140186915887 0.06865625 0.08752336448598132
46812 57 0.26694531250000003 0.8242757009345794 0.053171875 0.047383177570093464
46812 57 0.2530078125 0.539053738317757 0.070546875 0.3675467289719626
46812 57 0.37775781249999996 0.6656308411214953 0.06704687499999999 0.03644859813084112
46812 1 0.1893359375 0.20259345794392522 0.37520312499999997 0.3948130841121495
46812 57 0.3450546875 0.580677570093458 0.018171875 0.020467289719626167
46812 47 0.4650546875 0.5667640186915889 0.6229218750000001 0.8664719626168225
