28887 19 0.51113 0.6483168316831682 0.45574000000000003 0.47866336633663364
28887 1 0.50296 0.48053217821782174 0.138 0.39101485148514853
28887 1 0.66527 0.40574257425742577 0.1147 0.2131683168316832
28887 1 0.1374 0.4954950495049505 0.13284 0.37613861386138614
28887 19 0.63363 0.6460148514851486 0.38189999999999996 0.4439108910891089
28887 19 0.03818 0.7143935643564356 0.0734 0.34269801980198017
28887 19 0.17443 0.6735891089108911 0.34886 0.3982178217821782
28887 19 0.78001 0.482759900990099 0.09481999999999999 0.19586633663366335
28887 11 0.13827 0.7597524752475248 0.07901999999999999 0.10074257425742575
28887 19 0.96755 0.7157301980198019 0.0649 0.37076732673267326
28887 1 0.9672799999999999 0.5535148514851486 0.06520000000000001 0.3143069306930693
