25746 44 0.30314062500000005 0.5354687499999999 0.0361875 0.15747916666666667
25746 44 0.276203125 0.5393958333333333 0.027875 0.13683333333333333
25746 44 0.7071328125 0.5437291666666667 0.023671875000000002 0.05570833333333333
25746 44 0.6877265625000001 0.5394791666666666 0.019859375000000002 0.06395833333333333
25746 62 0.23421875 0.6250208333333334 0.10703125 0.30583333333333335
25746 62 0.0211015625 0.6099999999999999 0.042203125 0.13316666666666668
25746 62 0.1046171875 0.8240312499999999 0.202796875 0.21460416666666668
25746 62 0.6973515625 0.6970833333333334 0.115015625 0.19870833333333332
25746 1 0.083890625 0.5529479166666665 0.16778125 0.4049375
25746 47 0.173328125 0.6015312500000001 0.0450625 0.0793125
25746 47 0.24390625 0.5557083333333334 0.0338125 0.06691666666666667
25746 50 0.6560468749999999 0.26071875 0.01825 0.11818749999999999
25746 50 0.6383046875 0.26641666666666663 0.023609375 0.16179166666666667
25746 50 0.67509375 0.2653125 0.014499999999999999 0.105375
25746 51 0.5078437499999999 0.2598125 0.03746875 0.018791666666666665
25746 79 0.6160078125 0.5273958333333333 0.106171875 0.22920833333333332
25746 47 0.478640625 0.2973645833333333 0.023625 0.0253125
25746 47 0.4776718750000001 0.2688125 0.021843750000000002 0.023666666666666666
25746 1 0.5300546875000001 0.47078125000000004 0.139890625 0.4471875
25746 1 0.3791640625 0.46234375 0.084140625 0.21164583333333334
25746 50 0.6197812500000001 0.26018749999999996 0.01928125 0.10445833333333333
25746 51 0.625890625 0.4153645833333333 0.05503125 0.03214583333333333
25746 67 0.2707734375 0.7537708333333334 0.389609375 0.3922083333333333
25746 1 0.7529765625 0.6176145833333333 0.08354687499999999 0.39689583333333334
25746 1 0.34328906249999996 0.48548958333333336 0.078328125 0.16218749999999998
