25245 1 0.4221198156682027 0.6551171875 0.16866359447004609 0.360109375
25245 1 0.19429723502304147 0.6565937500000001 0.12435483870967742 0.31653125000000004
25245 1 0.8793087557603687 0.63709375 0.14046082949308755 0.1739375
25245 1 0.32637096774193547 0.62671875 0.03145161290322581 0.07553125000000001
25245 1 0.2948387096774193 0.6282578125 0.03746543778801844 0.078015625
25245 1 0.10248847926267281 0.6336640625000001 0.019262672811059908 0.063421875
25245 27 0.8402534562211982 0.672046875 0.06741935483870969 0.054625
25245 31 0.8667511520737328 0.6073203125 0.03 0.057640625
25245 31 0.32685483870967746 0.70721875 0.08877880184331798 0.08390625
25245 31 0.12786866359447005 0.7308671875 0.03523041474654378 0.069734375
25245 1 0.9391705069124423 0.6390312499999999 0.11792626728110599 0.16021875000000002
25245 1 0.026232718894009216 0.6392187500000001 0.03758064516129032 0.07753125
25245 3 0.9786866359447005 0.632484375 0.04225806451612903 0.06446874999999999
