31882 28 0.5219296874999999 0.18181498829039813 0.208296875 0.11379391100702577
31882 8 0.47720312500000006 0.6547072599531616 0.9544062500000001 0.4932552693208431
31882 1 0.48080468749999994 0.49381733021077284 0.239796875 0.4068852459016394
31882 1 0.6461406249999999 0.4042740046838407 0.1063125 0.28990632318501175
31882 1 0.5811875000000001 0.34975409836065574 0.08859375 0.20035128805620608
31882 1 0.4153359375 0.47377049180327874 0.173390625 0.43241217798594844
31882 1 0.38984375 0.40679156908665104 0.0675625 0.18112412177985948
31882 1 0.7471171875 0.36583138173302104 0.10089062499999998 0.17199063231850117
31882 1 0.5045546875 0.2598711943793911 0.064546875 0.12072599531615924
31882 1 0.81853125 0.40577283372365336 0.08215625 0.2789461358313817
31882 1 0.86390625 0.43734192037470726 0.06284375 0.22779859484777518
31882 1 0.917171875 0.4089929742388759 0.09568750000000001 0.28304449648711943
31882 1 0.74046875 0.3054918032786885 0.0405625 0.07538641686182669
