27648 70 0.8164791666666666 0.7056250000000001 0.31462500000000004 0.3505625
27648 70 0.6277083333333333 0.6136328125 0.23070833333333332 0.274171875
27648 70 0.50565625 0.5508984375000001 0.1976875 0.21942187500000002
27648 70 0.42696875 0.5112421875 0.14681249999999998 0.18651562500000002
27648 70 0.36133333333333334 0.47359375000000004 0.13591666666666666 0.16412500000000002
27648 70 0.3145208333333333 0.4526484375 0.11420833333333333 0.142921875
27648 70 0.2795520833333333 0.43496875 0.10202083333333332 0.12503124999999998
27648 70 0.24903124999999998 0.419453125 0.09035416666666667 0.11325
27648 70 0.22443749999999998 0.407109375 0.08095833333333333 0.10421875
27648 70 0.18482291666666667 0.39153125 0.11618750000000001 0.10334375
