22072 54 0.6726328125000001 0.5788645833333333 0.6267968749999999 0.6013125
22072 47 0.6589921875 0.14909375 0.306734375 0.2981875
22072 47 0.43328125 0.0619375 0.15709375 0.112625
22072 47 0.9625859375000001 0.19614583333333332 0.074828125 0.37866666666666665
22072 48 0.0507109375 0.26946875 0.101421875 0.06927083333333334
22072 48 0.0657109375 0.2888541666666667 0.11554687500000001 0.03145833333333333
22072 49 0.06594531249999999 0.3195729166666667 0.13189062499999998 0.04727083333333334
22072 60 0.2897421875 0.6318229166666666 0.17579687500000002 0.2335625
22072 60 0.2156171875 0.47179166666666666 0.176203125 0.19879166666666667
22072 60 0.20963281250000004 0.37473958333333335 0.145984375 0.1261875
22072 60 0.33756250000000004 0.47292708333333333 0.08140625 0.18427083333333333
22072 67 0.49967187500000004 0.4948125 0.9993437500000001 0.9844166666666666
22072 48 0.06365625 0.32117708333333334 0.08609375 0.0394375
