3837 1 0.26165625 0.4936944444444445 0.21740624999999997 0.9752777777777778
3837 1 0.9444140625000002 0.5424027777777778 0.084328125 0.40186111111111106
3837 1 0.8985468750000001 0.5543888888888888 0.022593750000000003 0.03772222222222222
3837 42 0.381109375 0.8303472222222222 0.22374999999999998 0.3078611111111111
3837 42 0.93575 0.8900138888888888 0.1285 0.19730555555555557
3837 42 0.18409375 0.7667083333333333 0.3681875 0.11852777777777779
3837 42 0.8658828125 0.6713749999999999 0.117203125 0.06947222222222223
3837 1 0.6872109375 0.58075 0.042859375 0.11427777777777778
3837 1 0.091953125 0.5586666666666666 0.022093750000000002 0.134
3837 1 0.6358984375000001 0.49838888888888894 0.030015625 0.05188888888888889
3837 1 0.6030859375000001 0.5521944444444444 0.037046875 0.14027777777777778
3837 1 0.6303671875 0.5740555555555555 0.026015624999999997 0.11794444444444445
3837 1 0.5813125 0.5618472222222223 0.0189375 0.11558333333333333
3837 1 0.6484453125 0.5759722222222223 0.018453125 0.09383333333333334
3837 1 0.558609375 0.5795277777777778 0.0135625 0.07344444444444445
3837 1 0.5640234375 0.5379166666666667 0.014671875000000001 0.06888888888888889
3837 1 0.0086171875 0.5611666666666667 0.017234375 0.0995
3837 1 0.47265625 0.5597222222222222 0.1703125 0.11944444444444445
