12398 64 0.32681 0.5050933333333333 0.0983 0.24064
12398 62 0.36977000000000004 0.42588000000000004 0.08145999999999999 0.13778666666666667
12398 1 0.37651999999999997 0.3674 0.07048 0.20056
12398 47 0.42338 0.6685599999999999 0.04168 0.05024
12398 76 0.54027 0.7220133333333333 0.21446 0.08930666666666667
12398 62 0.71318 0.45249333333333336 0.10543999999999999 0.18983999999999998
12398 62 0.27818 0.43697333333333327 0.07568000000000001 0.11405333333333334
12398 72 0.48437 0.47136 0.14454 0.19530666666666666
12398 72 0.22363 0.3882 0.10546 0.13021333333333332
12398 72 0.47870000000000007 0.32048000000000004 0.05156 0.07898666666666666
12398 72 0.14343999999999998 0.38416 0.06348 0.13141333333333333
12398 72 0.70541 0.2999866666666667 0.0565 0.07309333333333333
12398 72 0.6382800000000001 0.48173333333333335 0.16168000000000002 0.21632
12398 72 0.75962 0.30416 0.06324 0.07589333333333334
12398 72 0.42448 0.3158266666666667 0.05684 0.07432
12398 72 0.5150800000000001 0.28413333333333335 0.0502 0.06272
12398 77 0.806 0.8319866666666667 0.038520000000000006 0.055973333333333326
12398 47 0.22938000000000003 0.5191199999999999 0.0216 0.05466666666666667
12398 64 0.55548 0.2625733333333333 0.039880000000000006 0.1452
12398 74 0.68163 0.76468 0.04002 0.050800000000000005
