44677 44 0.6602124183006536 0.4189950980392156 0.15483660130718954 0.49462418300653593
44677 67 0.5011274509803921 0.5777042483660131 0.9977450980392157 0.8198202614379085
44677 1 0.3444771241830066 0.23995098039215684 0.6120915032679739 0.4799019607843137
44677 1 0.06292483660130718 0.2341013071895425 0.08741830065359477 0.0961764705882353
44677 47 0.40561274509803924 0.5887581699346405 0.19550653594771242 0.2561764705882353
44677 51 0.899109477124183 0.4734150326797386 0.18521241830065358 0.13032679738562092
44677 51 0.1812091503267974 0.7787418300653596 0.35794117647058826 0.20133986928104575
44677 1 0.750359477124183 0.24075163398692812 0.11349673202614378 0.21741830065359477
44677 48 0.8424918300653595 0.3473202614379085 0.1252777777777778 0.1522549019607843
44677 1 0.891013071895425 0.24831699346405228 0.21797385620915033 0.49663398692810456
44677 49 0.11938725490196078 0.4168545751633987 0.019035947712418302 0.019035947712418302
