46077 4 0.3862734375 0.6348398576512455 0.419328125 0.5685409252669039
46077 3 0.694421875 0.4640213523131672 0.23537499999999997 0.3216370106761566
46077 1 0.288578125 0.43818505338078295 0.13953125 0.6283985765124556
46077 1 0.3944609375 0.5435943060498221 0.180234375 0.502135231316726
46077 1 0.40403906250000005 0.3983985765124555 0.086734375 0.3781494661921708
46077 1 0.48999218750000006 0.3277046263345196 0.040546874999999996 0.1396085409252669
46077 1 0.571390625 0.44325622775800716 0.06871875 0.2983274021352313
46077 1 0.62559375 0.394644128113879 0.05271875 0.2423131672597865
46077 1 0.5572109375000001 0.29907473309608545 0.021515625 0.07658362989323843
46077 8 0.8819921875000001 0.4711387900355871 0.162421875 0.359288256227758
46077 1 0.334703125 0.21838078291814947 0.07128124999999999 0.17398576512455516
46077 3 0.8895625 0.46745551601423496 0.15778125 0.3385409252669039
46077 1 0.1539609375 0.4338612099644128 0.056921875 0.2497864768683274
