39779 3 0.28070000000000006 0.8964864864864864 0.03932 0.03495495495495496
39779 3 0.29595000000000005 0.9525075075075076 0.04858 0.057447447447447446
39779 3 0.59042 0.9219219219219219 0.036520000000000004 0.043243243243243246
39779 3 0.5538200000000001 0.7747597597597597 0.01768 0.024714714714714717
39779 3 0.53598 0.9551051051051052 0.04204 0.06450450450450451
39779 3 0.33030000000000004 0.9131831831831831 0.03996 0.03807807807807808
39779 3 0.34332999999999997 0.8340390390390391 0.03374 0.029099099099099097
39779 3 0.38029 0.7968168168168169 0.02158 0.024324324324324322
39779 3 0.40557 0.896051051051051 0.0285 0.05042042042042042
39779 3 0.53471 0.9069669669669669 0.03402 0.03189189189189189
39779 6 0.66907 0.8862012012012013 0.05826 0.09498498498498498
39779 10 0.88057 0.9513513513513512 0.0353 0.04108108108108108
39779 10 0.66415 0.8188888888888889 0.02186 0.03315315315315315
39779 10 0.39249 0.7201801801801802 0.023219999999999998 0.02840840840840841
39779 3 0.60265 0.765075075075075 0.0171 0.02258258258258258
39779 3 0.22486 0.9628378378378378 0.048119999999999996 0.05246246246246246
39779 10 0.25755 0.8208258258258258 0.01638 0.027957957957957958
39779 10 0.43847 0.689009009009009 0.00646 0.01003003003003003
39779 10 0.43051 0.6730030030030031 0.00714 0.01219219219219219
39779 3 0.59421 0.9584534534534533 0.03978 0.05714714714714715
39779 3 0.522 0.7792792792792793 0.364 0.43543543543543545
