37800 44 0.3170703125 0.21504694835680752 0.12167187500000001 0.4215023474178404
37800 62 0.72084375 0.30333333333333334 0.23700000000000002 0.17295774647887324
37800 62 0.8835703125000001 0.20752347417840375 0.05532812499999999 0.1658450704225352
37800 67 0.50078125 0.6201643192488263 0.9984375 0.7223474178403757
37800 2 0.066171875 0.07849765258215961 0.12946875 0.15699530516431923
37800 1 0.9317578124999999 0.43242957746478866 0.136484375 0.527018779342723
37800 47 0.4063359375 0.33009389671361505 0.096203125 0.24220657276995305
37800 47 0.45579687500000005 0.2754577464788732 0.082375 0.20424882629107982
37800 48 0.270265625 0.7976525821596244 0.05509375 0.4046948356807512
37800 48 0.823078125 0.44955399061032864 0.18059375 0.07399061032863849
37800 49 0.3795390625 0.7961502347417839 0.171765625 0.36126760563380284
37800 49 0.7638046875000001 0.42487089201877937 0.197984375 0.029084507042253523
37800 59 0.48285156249999994 0.6696009389671361 0.321359375 0.41863849765258215
37800 59 0.636203125 0.43510563380281686 0.38884375000000004 0.2230281690140845
37800 59 0.23035156250000002 0.6752816901408449 0.46070312500000005 0.48314553990610326
37800 44 0.485171875 0.20663145539906105 0.045187500000000005 0.26997652582159626
37800 62 0.0315546875 0.34969483568075116 0.063109375 0.04830985915492957
37800 62 0.20260937500000004 0.20095070422535208 0.14950000000000002 0.13589201877934273
37800 62 0.5982968750000001 0.09931924882629109 0.0673125 0.13568075117370892
37800 47 0.3598515625 0.18553990610328636 0.061328125 0.1196713615023474
37800 59 0.701625 0.41598591549295777 0.08984375 0.036384976525821594
