12386 9 0.5615427927927927 0.49905468750000004 0.04587837837837838 0.005234375
12386 9 0.8788626126126126 0.51853125 0.04092342342342343 0.01046875
12386 38 0.6805518018018019 0.4191328125 0.026328828828828827 0.028046875
12386 38 0.12713963963963965 0.43751562499999996 0.017162162162162164 0.018312500000000002
12386 38 0.7268806306306307 0.7371171875 0.18876126126126128 0.073515625
12386 38 0.3496171171171172 0.3979609375 0.026441441441441442 0.035109375
12386 38 0.22220720720720719 0.42746875000000006 0.020360360360360357 0.02025
12386 38 0.18140765765765762 0.44114062499999995 0.019527027027027025 0.0243125
12386 38 0.07448198198198198 0.40406249999999994 0.02045045045045045 0.0211875
12386 38 0.6269481981981982 0.7827734375000001 0.34574324324324324 0.10192187500000001
12386 38 0.4110247747747748 0.6929531250000001 0.23484234234234233 0.061343749999999996
