17927 37 0.67403125 0.8016861826697892 0.014093749999999999 0.021217798594847775
17927 1 0.6559453125 0.5831498829039813 0.082453125 0.42021077283372366
17927 1 0.7906015625 0.4965339578454332 0.142109375 0.5672599531615925
17927 1 0.50790625 0.5371662763466042 0.10218750000000001 0.5292740046838408
17927 1 0.352296875 0.484192037470726 0.1121875 0.41704918032786886
17927 1 0.1610625 0.5671428571428572 0.1806875 0.5465105386416862
17927 43 0.4918828125 0.4802693208430913 0.087046875 0.17791569086651055
17927 43 0.1404609375 0.5465573770491804 0.038984375 0.07985948477751757
17927 43 0.34888281250000003 0.564695550351288 0.12445312500000001 0.07688524590163934
17927 43 0.7252421874999999 0.48961358313817327 0.025984374999999997 0.09608899297423888
17927 43 0.6871171875 0.7207728337236535 0.050265625 0.09091334894613583
17927 8 0.9113749999999999 0.2140281030444965 0.17725 0.417096018735363
