37932 18 0.644546875 0.6359375 0.33725 0.4815
37932 4 0.3360546875 0.14722916666666666 0.11954687500000001 0.170375
37932 28 0.340328125 0.4879375 0.1431875 0.268125
37932 28 0.7725312499999999 0.4898645833333333 0.07959374999999999 0.07647916666666667
37932 31 0.6850625 0.23820833333333333 0.04559375 0.14441666666666667
37932 31 0.4120859375 0.4699583333333333 0.09717187499999999 0.22762500000000002
37932 1 0.4963515625 0.3616145833333333 0.244390625 0.7232291666666666
37932 1 0.9310625 0.10133333333333333 0.12084375 0.201625
37932 1 0.7985468750000001 0.2799270833333333 0.07921875 0.2631041666666667
37932 1 0.7433984375 0.20476041666666667 0.117140625 0.3421875
37932 1 0.6775859375000001 0.14926041666666665 0.060671875 0.2553125
37932 1 0.582515625 0.10016666666666667 0.04434375 0.181
37932 1 0.8082109375 0.09957291666666666 0.058734375000000005 0.11610416666666666
37932 1 0.838703125 0.1054375 0.03959375 0.11666666666666667
37932 1 0.9871953125000001 0.11246874999999999 0.025609375 0.14568750000000003
37932 1 0.8852187499999999 0.10710416666666665 0.04765625 0.172625
37932 1 0.8582343750000001 0.09282291666666667 0.017781250000000002 0.0719375
37932 1 0.6104921875 0.13178125 0.042328125 0.2139375
37932 1 0.31305468750000004 0.07533333333333332 0.011796875 0.021416666666666664
37932 1 0.49765625 0.06770833333333333 0.5859375 0.08541666666666667
