20599 1 0.6545901639344263 0.3632265625 0.6908196721311476 0.7130156249999999
20599 49 0.3871662763466042 0.4319296875 0.17002341920374706 0.23126562499999997
20599 49 0.14992974238875878 0.600375 0.08955503512880562 0.142625
20599 52 0.45044496487119434 0.660328125 0.334847775175644 0.077125
20599 52 0.3900585480093677 0.7039609375 0.2826463700234192 0.076953125
20599 52 0.6219203747072599 0.6563671875 0.1482903981264637 0.054265625
20599 55 0.04740046838407494 0.8858359375000001 0.09480093676814988 0.134640625
20599 52 0.7348360655737705 0.8955703125 0.5273770491803279 0.129671875
20599 67 0.39084309133489464 0.7553046875 0.7725058548009368 0.489234375
20599 52 0.5950819672131148 0.8936015625000001 0.26276346604215456 0.168578125
20599 62 0.16891100702576112 0.378109375 0.33004683840749416 0.0984375
