44827 32 0.21522 0.5061066666666666 0.04636 0.15301333333333333
44827 32 0.39115 0.5396799999999999 0.047619999999999996 0.21770666666666666
44827 1 0.87219 0.6887733333333332 0.2545 0.6
44827 1 0.37082 0.4556933333333333 0.17596 0.3624266666666667
44827 1 0.15309 0.6216933333333333 0.25458000000000003 0.7566133333333334
44827 1 0.57772 0.4355866666666667 0.23588 0.42824
44827 1 0.81152 0.5274 0.13988 0.3865333333333333
44827 31 0.74163 0.9208266666666667 0.13146000000000002 0.15781333333333333
44827 1 0.0312 0.39532 0.060399999999999995 0.30962666666666666
44827 46 0.61039 0.71832 0.03982 0.11631999999999999
44827 46 0.7425999999999999 0.7267733333333334 0.04312 0.11578666666666668
44827 46 0.44048000000000004 0.6692933333333334 0.039479999999999994 0.10674666666666667
44827 46 0.50222 0.7008933333333333 0.04408 0.11341333333333334
44827 46 0.54587 0.6484666666666667 0.045579999999999996 0.06744
44827 46 0.39572 0.38461333333333336 0.0562 0.06725333333333333
44827 46 0.54749 0.59344 0.03478 0.044853333333333335
44827 46 0.6245 0.6358 0.03432 0.05378666666666667
44827 46 0.6020399999999999 0.6593466666666666 0.03 0.044719999999999996
44827 48 0.6437900000000001 0.7361066666666666 0.01838 0.02848
44827 48 0.29767 0.6338 0.03182 0.05096
44827 48 0.47084 0.6575333333333334 0.0258 0.01176
44827 1 0.46804999999999997 0.42917333333333335 0.09042 0.25232
44827 46 0.5524399999999999 0.7286400000000001 0.04684000000000001 0.12079999999999999
44827 46 0.36952 0.6467733333333334 0.03872 0.10458666666666666
44827 67 0.54876 0.7819866666666667 0.46936 0.28722666666666663
44827 46 0.5767100000000001 0.6419733333333334 0.022699999999999998 0.06309333333333333
