48332 62 0.28324396782841826 0.3908035714285714 0.08959785522788204 0.11470238095238094
48332 67 0.2512198391420912 0.40148809523809526 0.2608847184986595 0.13642857142857143
48332 61 0.5549597855227882 0.690014880952381 0.14627345844504022 0.07848214285714286
48332 32 0.558337801608579 0.36513392857142857 0.014638069705093834 0.05294642857142857
48332 32 0.6947855227882038 0.3620386904761905 0.040563002680965146 0.036458333333333336
48332 32 0.4753351206434316 0.2788095238095238 0.018498659517426276 0.040119047619047624
48332 49 0.6114209115281501 0.6368005952380953 0.017908847184986594 0.031994047619047616
48332 61 0.5222654155495978 0.7302678571428571 0.43321715817694373 0.19339285714285714
48332 62 0.9578686327077749 0.3402529761904762 0.04978552278820375 0.06770833333333333
48332 1 0.07071045576407507 0.31212797619047616 0.07225201072386059 0.1075892857142857
48332 1 0.5433243967828418 0.4190922619047619 0.2537265415549598 0.4616369047619048
48332 1 0.7086729222520108 0.5340625 0.23091152815013405 0.6505654761904762
48332 1 0.39372654155495984 0.36153273809523806 0.0958176943699732 0.21145833333333333
48332 1 0.35360589812332444 0.2807142857142857 0.05659517426273458 0.08541666666666667
48332 1 0.185857908847185 0.280625 0.058042895442359244 0.09738095238095237
48332 67 0.5135790884718499 0.8090922619047619 0.601313672922252 0.350625
48332 1 0.4431769436997318 0.2974702380952381 0.03273458445040215 0.07345238095238095
