10727 1 0.6902969502407704 0.4636796875 0.4615890850722311 0.889546875
10727 1 0.1395987158908507 0.1764921875 0.23791332263242376 0.339515625
10727 1 0.46852327447833064 0.1520234375 0.2290529695024077 0.301796875
10727 50 0.7477046548956661 0.8222265625 0.11271268057784911 0.087109375
10727 50 0.1773194221508828 0.8441953124999999 0.0690529695024077 0.172578125
10727 62 0.8514767255216694 0.1745703125 0.10077046548956661 0.152953125
10727 1 0.5866934189406099 0.18558593750000002 0.09457463884430177 0.166109375
10727 1 0.06700642054574639 0.4800703125 0.13401284109149278 0.644265625
10727 1 0.2874799357945425 0.41417187499999997 0.4582664526484751 0.82265625
10727 49 0.27925361155698236 0.6070390625 0.15924558587479934 0.079734375
10727 1 0.9103691813804173 0.35140625 0.1765008025682183 0.6271875
10727 50 0.7187560192616372 0.8505624999999999 0.08229534510433387 0.0814375
