44244 1 0.7152 0.44064 0.5412266666666666 0.49576
44244 1 0.7927066666666667 0.14432 0.038106666666666664 0.07028
44244 1 0.08389333333333333 0.22382 0.03349333333333333 0.0694
44244 33 0.6860933333333332 0.65554 0.5851466666666667 0.22536
44244 1 0.6079466666666667 0.1424 0.015466666666666667 0.0516
44244 15 0.35914666666666667 0.15363 0.03349333333333333 0.01746
44244 15 0.6387066666666668 0.15316 0.05096 0.02652
44244 33 0.7127333333333332 0.8355799999999999 0.5745333333333333 0.30560000000000004
44244 33 0.36476 0.7822299999999999 0.23922666666666664 0.28234
44244 27 0.20534666666666665 0.44331 0.0852 0.16341999999999998
44244 31 0.40913333333333335 0.54516 0.25026666666666664 0.2054
44244 33 0.2837866666666667 0.61738 0.11424000000000001 0.10624
44244 33 0.20917333333333332 0.6116999999999999 0.13327999999999998 0.1656
44244 33 0.3815733333333333 0.54338 0.19749333333333333 0.20804
