47181 3 0.10871875 0.6603504672897198 0.17521875 0.07551401869158879
47181 3 0.5324375 0.6423714953271028 0.14246875 0.1008177570093458
47181 3 0.4188828125 0.6533528037383177 0.096046875 0.07810747663551401
47181 1 0.6469921875 0.7549766355140187 0.098046875 0.28518691588785045
47181 1 0.26085156249999997 0.6699999999999999 0.036765625 0.05369158878504673
47181 1 0.220875 0.6678971962616823 0.031875 0.055700934579439254
47181 1 0.4412109375 0.6799415887850467 0.091796875 0.2589485981308411
47181 1 0.41539062499999996 0.6674766355140187 0.09021875 0.22635514018691588
47181 34 0.3798828125 0.5648714953271028 0.020765625 0.017593457943925233
47181 1 0.34543749999999995 0.7804088785046729 0.09721874999999999 0.4391822429906542
