9274 3 0.31725 0.6150625 0.20345833333333332 0.0975625
9274 3 0.9001770833333335 0.7969062499999999 0.19964583333333333 0.37696874999999996
9274 3 0.7599583333333333 0.59034375 0.096375 0.03290625
9274 10 0.3418541666666667 0.40875000000000006 0.01883333333333333 0.04303125
9274 10 0.3048541666666667 0.41235156249999994 0.040875 0.047265625
9274 10 0.59178125 0.41628906250000003 0.024979166666666667 0.042359375
9274 10 0.5546875 0.4192421875 0.02325 0.041859375
9274 1 0.8203125 0.5854609375 0.016916666666666667 0.030640624999999998
9274 3 0.521625 0.5936015625 0.15654166666666666 0.045203125
9274 3 0.95815625 0.5951953124999999 0.07827083333333333 0.031734374999999995
9274 1 0.39122916666666663 0.5725859375 0.012750000000000001 0.038546875
9274 1 0.7734062500000001 0.571234375 0.0057708333333333335 0.0073124999999999996
9274 3 0.91325 0.5903671875 0.04920833333333333 0.026578125
