2886 44 0.0816171875 0.27274896265560167 0.163234375 0.2810995850622407
2886 46 0.23185937499999998 0.19886929460580913 0.20646874999999998 0.39325726141078843
2886 48 0.100828125 0.5630082987551868 0.20165625 0.4937344398340249
2886 50 0.8599453125000001 0.6822717842323652 0.10304687500000001 0.6054564315352696
2886 51 0.8481953125 0.07848547717842323 0.303609375 0.15697095435684646
2886 57 0.5262968750000001 0.6482365145228216 0.0850625 0.31294605809128634
2886 57 0.489859375 0.8694502074688797 0.20975000000000002 0.07101659751037344
2886 57 0.41596093749999996 0.7130809128630705 0.16898437500000002 0.04724066390041494
2886 57 0.3248984375 0.7896576763485478 0.126203125 0.12230290456431536
2886 67 0.5008437499999999 0.5033713692946058 0.9983124999999999 0.9932572614107884
2886 57 0.49417968749999996 0.8224688796680498 0.101546875 0.17526970954356846
2886 57 0.4089609375 0.927863070539419 0.251421875 0.06489626556016598
2886 57 0.3703828125 0.8892323651452283 0.057234375000000004 0.09323651452282157
2886 57 0.569875 0.7016597510373443 0.0568125 0.07240663900414937
2886 75 0.0616015625 0.08178423236514523 0.123203125 0.15087136929460582
2886 44 0.514375 0.1760995850622407 0.25459375 0.35041493775933613
2886 48 0.9702109375000001 0.2133921161825726 0.059578125 0.08931535269709542
2886 51 0.678984375 0.14618257261410786 0.24975 0.2405394190871369
