16009 32 0.553046875 0.35357260726072604 0.01809375 0.10417491749174917
16009 32 0.8420078125 0.36284653465346534 0.044328125 0.1776072607260726
16009 32 0.8880000000000001 0.39406765676567657 0.04475 0.1724917491749175
16009 32 0.9316796875000002 0.39466996699669965 0.05254687500000001 0.2135973597359736
16009 32 0.9577421875000001 0.6278052805280527 0.062046875 0.21617161716171618
16009 32 0.8912734375 0.5879455445544555 0.041546875 0.16971947194719472
16009 32 0.8992968750000001 0.7616749174917492 0.045156249999999995 0.1725247524752475
16009 32 0.8465624999999999 0.7255445544554455 0.0445 0.17112211221122112
16009 32 0.9395234375000001 0.8198514851485148 0.056484374999999996 0.22798679867986799
16009 32 0.8493359374999999 0.5444059405940593 0.041078125 0.14099009900990098
16009 32 0.1959296875 0.3352062706270627 0.048734375 0.03057755775577558
16009 32 0.8748671875000001 0.9194884488448846 0.075296875 0.03749174917491749
16009 32 0.9338593750000002 0.17948019801980197 0.026875 0.20133663366336635
16009 32 0.9015625 0.11963696369636964 0.0375 0.16996699669966997
