27163 10 0.26059718969555035 0.7413203125 0.040304449648711944 0.037640625
27163 10 0.13648711943793912 0.8165078125 0.013864168618266979 0.017171875
27163 10 0.7118852459016393 0.848171875 0.03117096018735363 0.028749999999999998
27163 10 0.1353864168618267 0.8384296875 0.01053864168618267 0.012765625
27163 10 0.02779859484777518 0.8458984375 0.019297423887587824 0.027515625
27163 1 0.18045667447306793 0.9288281250000001 0.023489461358313816 0.06515625
27163 1 0.7874473067915692 0.9275156250000001 0.03681498829039813 0.0646875
27163 1 0.46755269320843096 0.9080625 0.009156908665105387 0.024
27163 3 0.14060889929742387 0.9098984374999999 0.04721311475409836 0.024703125
27163 3 0.2053747072599532 0.90525 0.030515222482435597 0.01246875
27163 10 0.20668618266978922 0.8518906249999999 0.014918032786885246 0.01228125
27163 3 0.08408665105386418 0.90425 0.03796252927400469 0.019
27163 10 0.2874590163934426 0.821265625 0.011873536299765808 0.0171875
27163 10 0.511288056206089 0.7830390625000001 0.031007025761124123 0.018515625
27163 10 0.23964871194379392 0.872171875 0.006885245901639344 0.0085
27163 1 0.3314519906323185 0.9036875 0.008384074941451991 0.021593750000000002
27163 8 0.5658665105386417 0.9159062499999999 0.1894847775175644 0.0935
27163 1 0.9208548009367681 0.9224609375 0.03637002341920374 0.060421875
