40708 1 0.07958333333333334 0.7060859374999999 0.15916666666666668 0.450453125
40708 1 0.10636458333333333 0.3842734375 0.20672916666666669 0.292140625
40708 1 0.7159166666666666 0.44659375 0.2505 0.20153125
40708 59 0.3534375 0.5645625 0.25304166666666666 0.0904375
40708 59 0.5606979166666667 0.897359375 0.07939583333333333 0.048593750000000005
40708 59 0.5457083333333334 0.937734375 0.080875 0.05550000000000001
40708 47 0.413375 0.5068359375 0.043125 0.035578125
40708 1 0.8684583333333333 0.6748671875 0.26308333333333334 0.412609375
40708 1 0.4528020833333333 0.39879687500000005 0.22027083333333333 0.09421874999999999
40708 47 0.799875 0.9323203124999999 0.22991666666666666 0.135359375
40708 59 0.3792291666666667 0.9675312500000001 0.14891666666666667 0.03896875
40708 1 0.5741354166666667 0.45672656249999993 0.09360416666666667 0.040703125
40708 44 0.85053125 0.43289062500000003 0.0433125 0.09596875
40708 48 0.43786458333333333 0.9319062500000002 0.1711875 0.103375
40708 67 0.2619270833333333 0.891640625 0.3735208333333333 0.03440625
40708 1 0.3660520833333333 0.6189296875 0.5104375 0.535953125
