25461 6 0.8887734375 0.4648140043763676 0.222453125 0.16713347921225383
25461 1 0.6442578125 0.5011159737417943 0.200578125 0.844945295404814
25461 1 0.5215078125 0.6235995623632385 0.15726562500000002 0.46964989059080964
25461 1 0.27715625 0.5729321663019693 0.1996875 0.7561487964989059
25461 1 0.1397734375 0.5594967177242889 0.183703125 0.7516849015317286
25461 1 0.3786015625 0.49354485776805246 0.047953125 0.25890590809628006
25461 1 0.7703203125 0.5098687089715536 0.019796875 0.0739168490153173
25461 1 0.9103984374999999 0.502144420131291 0.014453125 0.054442013129102844
25461 1 0.784015625 0.5142778993435448 0.01853125 0.06592997811816192
25461 1 0.4403984375 0.5173194748358863 0.019546875 0.08041575492341356
25461 27 0.708046875 0.39381838074398245 0.070375 0.17643326039387308
25461 38 0.37428906250000005 0.28057986870897156 0.029453125000000004 0.06899343544857768
25461 1 0.9047578125 0.5011378555798688 0.021984375 0.04617067833698031
25461 8 0.7408046875000001 0.48805251641137853 0.033640625 0.10411378555798687
25461 38 0.9548828125 0.2912800875273523 0.037578125000000004 0.041466083150984684
25461 8 0.530203125 0.4753501094091904 0.096875 0.09722100656455142
25461 31 0.1335390625 0.506203501094092 0.146921875 0.2622975929978118
