47734 41 0.33738281249999996 0.6499531615925058 0.076671875 0.15288056206088993
47734 1 0.350875 0.4481967213114754 0.13374999999999998 0.4526932084309134
47734 1 0.6267031249999999 0.5426932084309133 0.1439375 0.40224824355971894
47734 1 0.6935859375000001 0.5311475409836066 0.148203125 0.4404683840749415
47734 1 0.240640625 0.46725995316159247 0.0391875 0.24201405152224825
47734 1 0.177140625 0.4606791569086651 0.049093750000000005 0.24838407494145198
47734 1 0.034445312500000005 0.4552459016393443 0.019515625 0.06365339578454332
47734 1 0.0190078125 0.46626463700234194 0.020203125 0.09444964871194379
47734 1 0.287296875 0.48011709601873537 0.04821875 0.29339578454332554
47734 1 0.4895390625 0.48372365339578455 0.06401562499999999 0.14501170960187354
47734 1 0.2571875 0.4687002341920375 0.06787499999999999 0.2777751756440281
47734 31 0.650234375 0.5017798594847775 0.041125 0.06163934426229508
47734 31 0.6184765625 0.5114285714285715 0.066109375 0.09807962529274006
47734 1 0.0527421875 0.45873536299765805 0.019390625 0.05021077283372365
