20251 27 0.4797187500000001 0.5168032786885246 0.047031250000000004 0.08770491803278689
20251 27 0.5375781249999999 0.6287939110070258 0.03153125 0.08002341920374707
20251 27 0.48690625 0.5942974238875879 0.02459375 0.08981264637002342
20251 33 0.22615625 0.3153161592505854 0.0345625 0.09686182669789227
20251 33 0.54009375 0.3304215456674473 0.0499375 0.05550351288056206
20251 1 0.6553046874999999 0.2865105386416862 0.037578125000000004 0.15985948477751757
20251 1 0.5534609375 0.6550468384074941 0.069078125 0.18180327868852458
20251 1 0.617671875 0.33443793911007025 0.02378125 0.0991334894613583
20251 1 0.7609609374999999 0.44765807962529275 0.060953125 0.1781264637002342
20251 1 0.7675546875 0.47234192037470724 0.052140624999999996 0.11152224824355972
20251 1 0.159671875 0.9146018735362997 0.07646875 0.14381733021077284
20251 1 0.6899296875 0.627552693208431 0.06704687499999999 0.20447306791569086
20251 1 0.49198437500000003 0.5226814988290398 0.052531249999999995 0.14002341920374706
20251 1 0.40512499999999996 0.4185245901639344 0.04940625 0.19456674473067914
20251 27 0.782984375 0.4187236533957845 0.012750000000000001 0.052248243559718965
20251 33 0.31330468749999996 0.3611709601873536 0.030984374999999998 0.08018735362997659
20251 72 0.252859375 0.18208430913348947 0.12634375 0.12501170960187355
20251 72 0.7626953125 0.06275175644028104 0.067984375 0.09749414519906324
20251 1 0.36921875000000004 0.3116627634660421 0.0390625 0.06960187353629976
20251 27 0.632390625 0.8584074941451991 0.03665625 0.07840749414519906
20251 27 0.44369531249999994 0.49736533957845436 0.038859375 0.08320843091334895
20251 27 0.0870234375 0.2901990632318501 0.017265625 0.04494145199063232
20251 31 0.710703125 0.31728337236533954 0.026437500000000003 0.08693208430913349
20251 31 0.783015625 0.4943091334894613 0.02134375 0.06299765807962529
20251 31 0.65415625 0.7041217798594849 0.034375 0.0853864168618267
20251 31 0.6282890624999999 0.715831381733021 0.024296875000000002 0.06149882903981265
20251 31 0.16984375000000002 0.292576112412178 0.021875 0.031522248243559724
20251 31 0.34896874999999994 0.3966744730679157 0.03265625 0.04566744730679157
20251 31 0.5508515625 0.6383606557377048 0.034140625 0.08955503512880562
20251 33 0.45708593750000004 0.23209601873536298 0.031609375 0.04737704918032787
20251 33 0.24510937500000002 0.3040046838407494 0.028999999999999998 0.07878220140515223
20251 33 0.559671875 0.8848009367681499 0.060187500000000005 0.12379391100702576
20251 33 0.6295390624999999 0.4306674473067915 0.040328125 0.05056206088992974
20251 33 0.6833750000000001 0.5176229508196721 0.03284375 0.09646370023419203
20251 33 0.44337499999999996 0.38314988290398133 0.05487499999999999 0.0719672131147541
20251 33 0.4202421875000001 0.18234192037470728 0.032921875 0.038969555035128806
20251 33 0.7803828125 0.5985362997658079 0.028578125 0.04456674473067916
20251 1 0.3523359375 0.2919906323185012 0.033828125 0.11934426229508197
20251 1 0.6999531250000001 0.3189695550351288 0.02165625 0.15161592505854798
20251 1 0.5334765625 0.20947306791569084 0.018296875 0.15252927400468383
20251 31 0.355765625 0.3296604215456675 0.0165625 0.05716627634660421
20251 1 0.4328125 0.5714285714285714 0.696875 0.7915690866510539
