37719 62 0.12801041666666665 0.5675234375 0.2560208333333333 0.15817187500000002
37719 67 0.6342291666666667 0.428625 0.7315416666666666 0.51678125
37719 1 0.3677708333333333 0.15690625 0.36966666666666664 0.31190625
37719 46 0.8303750000000001 0.38717187500000005 0.10066666666666667 0.14390624999999999
37719 46 0.3655208333333333 0.2646171875 0.05220833333333333 0.075546875
37719 46 0.6836145833333334 0.20316406250000002 0.058687500000000004 0.073359375
37719 46 0.6021562500000001 0.22297656250000003 0.06189583333333334 0.057734375000000004
37719 46 0.6114999999999999 0.3078671875 0.07791666666666666 0.120703125
37719 46 0.5294895833333333 0.23515625 0.04110416666666667 0.06471875
37719 47 0.5240208333333333 0.39139843750000003 0.44279166666666664 0.262515625
37719 47 0.7632604166666667 0.189765625 0.051520833333333335 0.0674375
37719 47 0.5196354166666667 0.32084375 0.0906875 0.07784375
37719 50 0.8749270833333334 0.442734375 0.07939583333333333 0.06934375000000001
37719 61 0.44044791666666666 0.42996093750000003 0.2516875 0.146078125
37719 46 0.7094374999999999 0.3492265625 0.10608333333333334 0.097390625
37719 46 0.7624166666666667 0.1987421875 0.054125 0.085796875
37719 46 0.8804375 0.1685 0.04225 0.04978125
37719 48 0.8119270833333334 0.2197890625 0.07422916666666667 0.016640625
37719 50 0.5570104166666667 0.2849453125 0.0309375 0.037234375
37719 62 0.6045416666666666 0.15171874999999999 0.14104166666666668 0.15353125
37719 1 0.8192604166666667 0.8335546875000001 0.36147916666666663 0.332890625
37719 1 0.7956666666666667 0.103609375 0.3187916666666667 0.20721875
37719 46 0.6963645833333333 0.18324218750000001 0.049562499999999995 0.054765625
37719 47 0.9857916666666667 0.3644921875 0.026291666666666665 0.068515625
37719 62 0.5568020833333333 0.1190859375 0.16777083333333334 0.107453125
37719 50 0.7339791666666666 0.313515625 0.05416666666666667 0.03103125
37719 62 0.1358958333333333 0.31058593749999996 0.26525 0.362359375
