13144 44 0.7832291666666666 0.298390625 0.042208333333333334 0.0851875
13144 44 0.7415833333333333 0.292421875 0.03783333333333334 0.03309375
13144 44 0.35540625000000003 0.54725 0.03222916666666667 0.07618749999999999
13144 44 0.2823958333333333 0.5409609375 0.025541666666666667 0.097265625
13144 44 0.31045833333333334 0.5494921875000001 0.020541666666666666 0.07132812499999999
13144 47 0.7536979166666666 0.336359375 0.05552083333333333 0.0550625
13144 51 0.06494791666666667 0.44535156249999996 0.12847916666666667 0.031484374999999995
13144 79 0.06291666666666666 0.8337031249999999 0.12583333333333332 0.296625
13144 51 0.079 0.1033125 0.08066666666666666 0.0461875
13144 51 0.02275 0.09020312500000001 0.043125 0.047375
13144 44 0.32556250000000003 0.5696796875 0.027291666666666665 0.038953125
13144 44 0.343 0.5269765625 0.020041666666666666 0.027484375
13144 44 0.30023958333333334 0.55753125 0.015729166666666666 0.05078125
13144 62 0.8322395833333333 0.8701874999999999 0.23364583333333336 0.259625
