36614 44 0.07146875 0.5829583333333334 0.1429375 0.3363333333333333
36614 54 0.7665390625 0.22246875 0.186234375 0.15677083333333333
36614 67 0.6644296875 0.5952916666666667 0.6711406249999999 0.7874583333333334
36614 1 0.17860937500000001 0.5976250000000001 0.35384375 0.7810416666666666
36614 1 0.9487578124999999 0.07045833333333333 0.102484375 0.14091666666666666
36614 48 0.48149999999999993 0.8292916666666666 0.26825 0.11270833333333334
36614 48 0.8819999999999999 0.14902083333333332 0.03728125 0.06979166666666667
36614 59 0.5294140625 0.5854895833333333 0.391765625 0.30589583333333337
36614 59 0.1061796875 0.3101145833333333 0.192140625 0.11235416666666667
36614 47 0.562015625 0.33377083333333335 0.15390625 0.23637499999999997
36614 47 0.1793984375 0.5862395833333333 0.089046875 0.2656875
36614 49 0.593828125 0.7560729166666665 0.10521875 0.0341875
