18780 44 0.704640625 0.23488541666666668 0.11015625 0.46652083333333333
18780 44 0.8596796874999999 0.2795625 0.161296875 0.5548333333333333
18780 1 0.43171875000000004 0.15519791666666669 0.579 0.3024791666666667
18780 47 0.138203125 0.4528020833333333 0.1955 0.37977083333333334
18780 47 0.77153125 0.28701041666666666 0.0546875 0.30422916666666666
18780 48 0.06615625 0.8075104166666667 0.1303125 0.3803958333333333
18780 59 0.4011171875 0.37415625 0.5123593750000001 0.24493749999999997
18780 59 0.5640468750000001 0.7083020833333333 0.87190625 0.5011041666666667
18780 67 0.50140625 0.7044999999999999 0.9960625000000001 0.5685416666666666
18780 48 0.20146875 0.17183333333333334 0.0438125 0.13045833333333332
18780 49 0.9653906250000001 0.6453541666666668 0.06921875 0.14733333333333334
