5107 6 0.41039062499999995 0.47865625 0.7668437499999999 0.7101041666666668
5107 27 0.8576171875 0.6118125 0.101515625 0.185
5107 27 0.9736875000000002 0.58978125 0.052625 0.1451875
5107 1 0.8663203125000001 0.70809375 0.170203125 0.5758125
5107 1 0.659765625 0.7298958333333333 0.06565625 0.32216666666666666
5107 1 0.7558671875 0.6831666666666667 0.082359375 0.4095416666666667
5107 3 0.029085937500000002 0.60465625 0.052671875 0.18014583333333334
5107 1 0.946640625 0.70740625 0.063875 0.5161458333333333
5107 1 0.801296875 0.5460312500000001 0.0305625 0.1006875
5107 1 0.721984375 0.68384375 0.04496875 0.3691875
5107 1 0.46741406249999995 0.6438645833333333 0.063578125 0.35685416666666664
5107 1 0.833296875 0.47642708333333333 0.0455625 0.0640625
5107 1 0.47963281250000006 0.6079270833333333 0.089578125 0.44947916666666665
5107 1 0.537203125 0.6657604166666666 0.0455 0.4360208333333333
5107 1 0.5735859375000001 0.6934062500000001 0.11595312499999999 0.4404791666666667
