12650 67 0.2713828125 0.6664895833333334 0.24142187499999998 0.12985416666666666
12650 67 0.2781015625 0.5878645833333334 0.084546875 0.0366875
12650 67 0.6688671875 0.58775 0.120296875 0.06304166666666668
12650 2 0.6352109374999999 0.7599895833333333 0.194546875 0.22177083333333333
12650 4 0.065703125 0.6263541666666667 0.09293749999999999 0.24975
12650 4 0.8165312499999999 0.5906979166666666 0.0321875 0.10814583333333333
12650 2 0.9467890625 0.7083333333333334 0.106421875 0.1892083333333333
12650 15 0.62503125 0.6416041666666668 0.1190625 0.09504166666666666
12650 51 0.342703125 0.6022395833333333 0.05778124999999999 0.042645833333333334
12650 15 0.722984375 0.6237604166666666 0.1190625 0.08389583333333334
12650 1 0.393546875 0.52809375 0.04659375 0.18552083333333333
12650 1 0.30346875000000006 0.5041458333333333 0.05209375000000001 0.14379166666666665
12650 1 0.20302343750000001 0.448 0.033796875 0.06658333333333334
12650 1 0.16682812500000002 0.4635520833333333 0.01609375 0.05364583333333333
12650 1 0.7136953125 0.57578125 0.072328125 0.13827083333333334
12650 1 0.4628984375 0.4840625 0.030234375 0.127625
12650 1 0.56796875 0.5402395833333333 0.0385625 0.18922916666666667
12650 1 0.3690234375 0.4645520833333333 0.020203125 0.01914583333333333
12650 1 0.8451171875 0.6189166666666667 0.054390625000000005 0.24525
12650 1 0.532609375 0.5603541666666666 0.042562499999999996 0.2554166666666667
12650 1 0.42767968750000007 0.5334791666666666 0.033953125 0.16891666666666666
12650 1 0.9083203125000001 0.5591354166666667 0.040203125 0.21960416666666666
12650 4 0.83240625 0.8521770833333332 0.29075 0.2660208333333333
12650 15 0.37910937499999997 0.6029374999999999 0.03815625 0.10062499999999999
12650 1 0.487390625 0.57796875 0.048343750000000005 0.23727083333333335
12650 4 0.60853125 0.5406770833333333 0.06096875 0.11177083333333333
12650 1 0.59765625 0.5479166666666667 0.7828125 0.24583333333333332
