40961 1 0.0596796875 0.3199883177570093 0.040078125 0.231892523364486
40961 20 0.43023437500000006 0.5048948598130841 0.09365625 0.19619158878504672
40961 20 0.35647656250000004 0.5742990654205608 0.08885937499999999 0.27425233644859814
40961 20 0.65234375 0.4930607476635514 0.048843750000000005 0.11224299065420561
40961 20 0.5095703125 0.4592990654205607 0.159921875 0.09046728971962617
40961 20 0.5980937500000001 0.6060747663551401 0.08546875000000001 0.2511214953271028
40961 20 0.4774999999999999 0.564696261682243 0.11762500000000001 0.23906542056074764
40961 20 0.497890625 0.4794158878504673 0.0795 0.06172897196261683
40961 20 0.5736640625 0.513714953271028 0.10879687499999999 0.10252336448598132
40961 20 0.590984375 0.566553738317757 0.14175 0.2105373831775701
40961 20 0.48392968750000004 0.6573714953271028 0.089546875 0.18885514018691588
40961 20 0.392078125 0.5683177570093458 0.0969375 0.26981308411214955
40961 20 0.3076015625 0.5656191588785047 0.109203125 0.1766588785046729
