2782 1 0.5028671875 0.2857395833333333 0.127296875 0.2523958333333333
2782 15 0.44123437499999996 0.1838020833333333 0.16196875 0.0905625
2782 42 0.54834375 0.52003125 0.14459375000000002 0.2133125
2782 42 0.7205078125 0.4955 0.27135937499999996 0.17304166666666668
2782 42 0.33532812500000003 0.4986979166666667 0.22596875 0.1675625
2782 42 0.1958828125 0.46382291666666664 0.336328125 0.11210416666666667
2782 42 0.8233125000000001 0.45506250000000004 0.33203125 0.13258333333333333
2782 3 0.27090625 0.128 0.11499999999999999 0.08495833333333333
2782 3 0.932640625 0.11842708333333334 0.05721875 0.010187499999999999
2782 3 0.7253515625 0.11635416666666666 0.070890625 0.03220833333333333
2782 3 0.2017421875 0.10761458333333333 0.095859375 0.06389583333333333
2782 3 0.384125 0.11838541666666667 0.05596875 0.04272916666666667
2782 3 0.9712500000000001 0.15352083333333333 0.057499999999999996 0.05225
2782 3 0.4979609375 0.12326041666666666 0.083578125 0.048937499999999995
2782 3 0.625296875 0.13485416666666666 0.19353125 0.08204166666666667
2782 3 0.77790625 0.13481250000000003 0.13615625 0.06491666666666666
2782 3 0.9306796875 0.1136875 0.07320312500000001 0.0205
2782 8 0.051007812500000006 0.08096875 0.10201562500000001 0.12210416666666667
2782 3 0.9061640625 0.12982291666666665 0.054953125000000005 0.0605625
