6339 19 0.44525 0.5184592445328032 0.84665625 0.8240357852882704
6339 1 0.16778125 0.22359840954274354 0.095375 0.10560636182902584
6339 1 0.39035156249999997 0.150337972166998 0.111484375 0.2008747514910537
6339 32 0.542046875 0.2430417495029821 0.02709375 0.07288270377733598
6339 1 0.8141953125000001 0.08377733598409542 0.155390625 0.1513320079522863
6339 1 0.8641875000000001 0.13942345924453278 0.156125 0.10970178926441351
6339 1 0.2770078125 0.2067196819085487 0.11473437500000001 0.12278330019880715
6339 1 0.519109375 0.3618389662027833 0.231875 0.5305964214711729
6339 1 0.14300000000000002 0.1627534791252485 0.06046875 0.09524850894632206
6339 1 0.0192421875 0.24481113320079523 0.038484375 0.11053677932405567
6339 1 0.2720546875 0.11792246520874752 0.111890625 0.161610337972167
6339 1 0.9697812500000002 0.09397614314115309 0.0604375 0.1614314115308151
6339 1 0.20123437500000002 0.07820079522862823 0.11259375 0.15174950298210735
6339 1 0.611484375 0.18075546719681906 0.118 0.08234592445328032
