45564 16 0.59575 0.7349180327868853 0.03209375 0.041686182669789226
45564 16 0.74984375 0.4806088992974239 0.031968750000000004 0.0351288056206089
45564 16 0.6148828125 0.48736533957845435 0.027390625000000002 0.03725995316159251
45564 16 0.4627812499999999 0.6092037470725995 0.02840625 0.03807962529274005
45564 16 0.3632421875 0.46592505854800936 0.027328124999999998 0.02505854800936768
45564 16 0.70046875 0.7243208430913349 0.03625 0.043021077283372365
45564 16 0.9565859375000001 0.3818149882903981 0.024265625 0.02597189695550351
45564 16 0.9190546874999999 0.5940749414519906 0.035234375 0.04262295081967213
45564 16 0.7347109375 0.689320843091335 0.033734375 0.03798594847775175
45564 16 0.8189375 0.5892271662763466 0.03503125 0.029508196721311476
45564 16 0.4774140625 0.5444496487119438 0.021640625 0.013770491803278688
