6640 1 0.889875 0.41645514223194746 0.21290625 0.5226695842450766
6640 1 0.7381328125000001 0.3404485776805251 0.131578125 0.33932166301969363
6640 1 0.334953125 0.4636433260393873 0.39171875 0.5934573304157549
6640 59 0.20634375 0.8467724288840263 0.26784375 0.12601750547045953
6640 59 0.4141953125000001 0.7686870897155361 0.20770312500000002 0.08809628008752735
6640 49 0.7968984375000001 0.7734901531728665 0.275921875 0.07087527352297593
6640 51 0.5292031250000001 0.6837855579868709 0.22568749999999999 0.10879649890590809
6640 51 0.45811718749999997 0.8649343544857769 0.44142187499999996 0.2337636761487965
6640 51 0.743 0.6665207877461707 0.21168749999999997 0.14822757111597373
6640 51 0.5895625 0.6242888402625821 0.17559375 0.03886214442013129
6640 1 0.210390625 0.4832932166301969 0.39740625 0.6982275711159737
6640 1 0.6522421875 0.41172866520787743 0.23329687500000001 0.4089715536105033
