8564 3 0.322296875 0.1577166276346604 0.10893749999999999 0.13604215456674473
8564 3 0.5577421874999999 0.27752927400468386 0.11095312500000001 0.12807962529274003
8564 3 0.9005703125 0.501791569086651 0.093640625 0.1257377049180328
8564 3 0.6417578125000001 0.7895784543325527 0.163609375 0.19939110070257612
8564 8 0.6231015624999999 0.553407494145199 0.195765625 0.25107728337236535
8564 8 0.42224218750000003 0.14133489461358315 0.139015625 0.16824355971896957
8564 3 0.19259374999999998 0.18811475409836062 0.16490625 0.16021077283372365
8564 3 0.9717421875000001 0.06587822014051523 0.056515625 0.07058548009367682
8564 3 0.7416796874999999 0.6880210772833723 0.144796875 0.19740046838407496
8564 3 0.5401484375 0.90596018735363 0.177390625 0.18807962529274005
8564 3 0.5154296875 0.10667447306791568 0.079171875 0.09789227166276346
8564 3 0.06271875 0.2660070257611241 0.11981250000000002 0.11468384074941451
8564 3 0.5702343750000001 0.08920374707259954 0.08 0.09208430913348946
8564 8 0.749234375 0.07377049180327869 0.11890624999999999 0.14754098360655737
8564 8 0.5300078125 0.9087470725995316 0.181265625 0.18250585480093678
