26577 72 0.9379062499999999 0.47815624999999995 0.12334375 0.46468750000000003
26577 63 0.11209374999999999 0.6806458333333334 0.22418749999999998 0.6172083333333334
26577 62 0.6774140625 0.62903125 0.12257812500000001 0.2602291666666667
26577 1 0.3361484375 0.5337916666666666 0.347984375 0.9121666666666666
26577 1 0.485640625 0.50953125 0.27196875 0.7894791666666666
26577 1 0.183453125 0.19097916666666667 0.08215625 0.3318333333333333
26577 1 0.663203125 0.4723541666666667 0.244375 0.43820833333333337
26577 1 0.5645312499999999 0.42159375000000004 0.16959375000000002 0.4270625
26577 1 0.50615625 0.2435625 0.081125 0.06454166666666666
26577 75 0.6284296875 0.3091979166666667 0.025859375 0.024687499999999998
26577 1 0.34945312500000003 0.23009374999999999 0.033875 0.1290625
26577 1 0.7280859375000001 0.87640625 0.232578125 0.22022916666666664
26577 47 0.136328125 0.3111041666666666 0.0233125 0.048374999999999994
26577 64 0.8416953125 0.4461562499999999 0.097203125 0.2520208333333333
26577 75 0.3565625 0.3026770833333333 0.015562500000000002 0.029729166666666664
26577 75 0.48413281250000006 0.3606145833333334 0.028046875 0.043812500000000004
26577 1 0.08714843750000001 0.21803125 0.128046875 0.3229375
26577 62 0.6561640625 0.4204791666666667 0.34704687500000003 0.38395833333333335
