37688 54 0.8238125000000001 0.2501875 0.352375 0.19508333333333333
37688 1 0.7856328125 0.11863541666666667 0.42857812500000003 0.23543750000000002
37688 47 0.10533593749999999 0.38314583333333335 0.207296875 0.6764166666666667
37688 47 0.49860156250000004 0.5216666666666666 0.39854687499999997 0.3811666666666667
37688 50 0.3103828125 0.14793749999999997 0.146328125 0.10745833333333334
37688 51 0.849921875 0.38966666666666666 0.29874999999999996 0.14529166666666665
37688 51 0.45153125000000005 0.22007291666666665 0.2541875 0.22885416666666666
37688 47 0.145734375 0.23942708333333332 0.1931875 0.47885416666666664
37688 47 0.027250000000000003 0.8412083333333332 0.05450000000000001 0.31758333333333333
37688 50 0.6701953125 0.5438541666666666 0.134859375 0.0375
37688 67 0.5 0.5910104166666666 1.0 0.7820208333333334
37688 1 0.3539375 0.10225 0.3 0.2
37688 51 0.5927734375 0.8750104166666667 0.548828125 0.2265625
