14798 1 0.06221875 0.1636768149882904 0.1244375 0.29213114754098357
14798 1 0.311875 0.11087822014051522 0.0540625 0.05889929742388758
14798 1 0.0560078125 0.815304449648712 0.077390625 0.0837704918032787
14798 1 0.46103125 0.07528103044496488 0.1124375 0.13707259953161594
14798 28 0.3812734375 0.834824355971897 0.38301562499999997 0.3303512880562061
14798 28 0.2471953125 0.4578337236533958 0.264359375 0.28072599531615927
14798 28 0.485 0.5040515222482436 0.24509375000000003 0.31578454332552697
14798 62 0.0685703125 0.9197540983606558 0.137140625 0.16049180327868853
14798 62 0.1921328125 0.8918266978922716 0.154515625 0.20679156908665106
14798 62 0.4923515625 0.6263348946135832 0.13373437500000002 0.11889929742388759
14798 62 0.6874296875 0.7310889929742388 0.160421875 0.11459016393442623
14798 62 0.6843515625 0.648407494145199 0.13579687499999998 0.08309133489461358
14798 62 0.717625 0.6406674473067916 0.13984375 0.2004449648711944
14798 62 0.8835703125000001 0.8434660421545667 0.183328125 0.29278688524590163
14798 62 0.9175703125 0.6381967213114754 0.143921875 0.07639344262295081
14798 1 0.9068125 0.022060889929742387 0.05859375 0.044121779859484775
14798 1 0.5923671875000001 0.05549180327868852 0.092828125 0.11098360655737705
14798 1 0.21746093749999998 0.21737704918032788 0.036421875 0.03686182669789227
14798 28 0.06103125 0.4256088992974239 0.12196875 0.2735128805620609
14798 28 0.36531250000000004 0.1840281030444965 0.17965625000000002 0.12444964871194379
14798 28 0.5584687500000001 0.1872950819672131 0.17181249999999998 0.15604215456674472
14798 28 0.7376406249999999 0.21956674473067914 0.1574375 0.1679391100702576
14798 28 0.8214218750000001 0.12598360655737706 0.21834375 0.11168618266978922
14798 28 0.84159375 0.43427400468384075 0.28690625000000003 0.21131147540983608
14798 28 0.37258593749999996 0.323384074941452 0.249546875 0.16882903981264638
14798 28 0.5855078125000001 0.4034309133489461 0.10032812499999999 0.14695550351288056
14798 28 0.9520937500000001 0.33183840749414517 0.09475 0.21576112412177986
14798 62 0.066796875 0.7405152224824356 0.12609375 0.2044496487119438
14798 62 0.24553124999999998 0.7268032786885246 0.14921875 0.13149882903981264
14798 62 0.47093749999999995 0.7019555035128806 0.16825 0.16920374707259953
14798 62 0.6930625 0.8762177985948477 0.17225 0.24002341920374706
14798 1 0.0977421875 0.3170257611241218 0.083328125 0.09906323185011709
14798 1 0.7598281250000001 0.031709601873536296 0.04625 0.03156908665105387
14798 1 0.2281796875 0.5481381733021078 0.065671875 0.0934192037470726
14798 1 0.10507031250000001 0.6482201405152225 0.14351562499999998 0.2851990632318501
14798 62 0.24953906250000002 0.6503981264637003 0.151640625 0.05728337236533958
14798 62 0.70546875 0.4484777517564403 0.5859375 0.6861826697892272
