3272 28 0.61096875 0.1478088578088578 0.7780625 0.2956177156177156
3272 1 0.6395 0.7253379953379954 0.2209375 0.5268997668997669
3272 1 0.38109374999999995 0.6280885780885781 0.5513125 0.6
3272 3 0.772359375 0.8107109557109557 0.095 0.21643356643356643
3272 1 0.8367968749999999 0.5715034965034965 0.0760625 0.21452214452214452
3272 1 0.0643671875 0.643997668997669 0.126546875 0.33941724941724943
3272 1 0.7827578125 0.5462703962703963 0.06492187499999999 0.20512820512820512
3272 1 0.7046640624999999 0.576899766899767 0.089734375 0.2503962703962704
3272 1 0.127171875 0.5082284382284382 0.0395625 0.10871794871794872
3272 1 0.1801171875 0.554032634032634 0.230578125 0.3388811188811189
3272 1 0.1580859375 0.5436713286713286 0.051078124999999995 0.10417249417249416
3272 1 0.793546875 0.48868298368298363 0.028125 0.08034965034965035
3272 3 0.5019843749999999 0.643123543123543 0.17115625 0.21934731934731933
3272 1 0.9065390624999999 0.6740326340326339 0.186921875 0.625967365967366
