18699 1 0.12081249999999999 0.6545729166666666 0.15771875 0.6644375
18699 1 0.135140625 0.6081041666666667 0.21959374999999998 0.759
18699 1 0.28988281250000003 0.62471875 0.141578125 0.7505624999999999
18699 1 0.734765625 0.60353125 0.1726875 0.7765208333333333
18699 1 0.520140625 0.6241770833333333 0.16459375 0.7516458333333333
18699 1 0.629890625 0.6321666666666667 0.1294375 0.7324583333333333
18699 1 0.90078125 0.56053125 0.1984375 0.8752708333333333
18699 1 0.4146328125 0.6570625 0.172296875 0.685875
18699 31 0.4650546875 0.5718541666666667 0.039734375 0.2721666666666666
18699 32 0.5255859375 0.50240625 0.037734375 0.25064583333333335
18699 32 0.30237499999999995 0.5185625 0.03715625 0.1996666666666667
18699 32 0.19903125 0.4896875 0.05796875 0.2505
18699 32 0.710765625 0.4779791666666667 0.11296874999999999 0.2758333333333333
18699 32 0.6044687499999999 0.5233854166666666 0.056499999999999995 0.2543125
18699 32 0.8506328125 0.44717708333333334 0.073171875 0.30843750000000003
18699 32 0.39713281250000004 0.5356145833333333 0.060203125 0.22010416666666668
18699 1 0.2258359375 0.3438125 0.037078125 0.06291666666666666
18699 1 0.0478984375 0.6458229166666667 0.095796875 0.6531458333333333
18699 1 0.4437421875 0.3917604166666667 0.024984375 0.09006249999999999
