30588 28 0.0948828125 0.5869835680751174 0.107578125 0.4327464788732394
30588 28 0.053125 0.5242488262910798 0.046875 0.30985915492957744
30588 28 0.038304687500000004 0.45943661971830985 0.021046875 0.1781220657276995
30588 28 0.20600000000000002 0.44714788732394367 0.038093749999999996 0.14448356807511736
30588 28 0.2458515625 0.4612793427230047 0.038921875 0.17964788732394366
30588 28 0.3072421875 0.5111032863849765 0.06135937500000001 0.2463849765258216
30588 28 0.4557734375 0.5880985915492959 0.070078125 0.36507042253521127
30588 28 0.387984375 0.46063380281690147 0.02878125 0.1568075117370892
30588 28 0.6500078125 0.5262441314553991 0.058421875 0.2243192488262911
30588 28 0.4884140625000001 0.4766197183098592 0.025921875 0.1688262910798122
30588 28 0.6024609375 0.47680751173708924 0.034234375 0.16666666666666666
30588 28 0.7729140625 0.5226995305164319 0.044078125 0.2188262910798122
30588 28 0.8462031250000001 0.5040727699530517 0.035375000000000004 0.18880281690140846
