37396 1 0.15360156249999998 0.32123958333333336 0.042109375 0.1090625
37396 1 0.312640625 0.3651770833333333 0.08596875000000001 0.3842708333333333
37396 52 0.6646484375 0.30473958333333334 0.12342187499999999 0.18585416666666665
37396 52 0.691546875 0.50578125 0.10784374999999999 0.16822916666666668
37396 52 0.6366875000000001 0.5423645833333334 0.035562500000000004 0.049479166666666664
37396 52 0.5613515625 0.54528125 0.11957812500000001 0.1211875
37396 52 0.513234375 0.49398958333333337 0.0445 0.0523125
37396 52 0.527859375 0.35179166666666667 0.0605 0.13366666666666666
37396 52 0.611328125 0.2997708333333333 0.07809374999999999 0.050458333333333334
37396 52 0.744390625 0.3240416666666667 0.12584375 0.20295833333333332
37396 52 0.8418593750000001 0.3535625 0.0994375 0.07416666666666667
37396 52 0.6346953125 0.6431562500000001 0.042671875 0.058770833333333335
37396 52 0.45471874999999995 0.5034166666666666 0.053125 0.07533333333333332
37396 52 0.44635937499999995 0.12763541666666667 0.05615625 0.05477083333333333
37396 1 0.20035937500000003 0.27415625 0.03046875 0.0666875
37396 1 0.13629687499999998 0.30904166666666666 0.0193125 0.08125
37396 1 0.1221796875 0.2921666666666667 0.014953125000000001 0.058416666666666665
37396 1 0.102609375 0.28008333333333335 0.017687500000000002 0.019874999999999997
37396 1 0.0205703125 0.35046875 0.041140625 0.17156249999999998
37396 1 0.07668749999999999 0.43145833333333333 0.10618749999999999 0.43145833333333333
37396 1 0.2320234375 0.33796875 0.053484374999999994 0.17077083333333334
37396 1 0.8851093750000001 0.4280833333333333 0.22978125 0.10562500000000001
37396 1 0.1970390625 0.24863541666666666 0.014390625 0.025604166666666664
37396 52 0.44746874999999997 0.722125 0.07584375 0.06566666666666666
37396 52 0.64609375 0.55 0.7046875 0.8958333333333334
