48786 3 0.0661328125 0.511258865248227 0.035484375 0.07159574468085107
48786 4 0.8516718749999999 0.6920390070921986 0.10621875 0.21230496453900707
48786 4 0.7501015625 0.6874290780141844 0.136765625 0.2447163120567376
48786 1 0.4970625 0.6359574468085106 0.7109375 0.3370921985815603
48786 4 0.29014843749999997 0.5817553191489361 0.263421875 0.10202127659574468
48786 4 0.11980468749999999 0.5212234042553192 0.012796875 0.034716312056737586
48786 4 0.17309375 0.5437234042553191 0.012656249999999999 0.04085106382978723
48786 1 0.11860937499999999 0.4937411347517731 0.0075625 0.019680851063829788
48786 1 0.09690625 0.5101595744680851 0.011125 0.03209219858156029
48786 4 0.09728125 0.5232801418439716 0.005625 0.022588652482269503
48786 4 0.1479609375 0.5292021276595745 0.010703124999999999 0.028333333333333335
48786 1 0.14935937500000002 0.4977659574468085 0.01071875 0.02773049645390071
