28540 1 0.6925703125 0.29841666666666666 0.175671875 0.5382916666666666
28540 22 0.5994375 0.6445520833333334 0.600125 0.7108958333333334
28540 1 0.49636718750000003 0.2906458333333333 0.23279687500000001 0.33058333333333334
28540 1 0.3639609375 0.7907083333333333 0.036515625 0.059291666666666666
28540 22 0.9399296874999999 0.6589791666666666 0.067703125 0.181375
28540 31 0.6766015625 0.2995625 0.097765625 0.079375
28540 31 0.2738203125 0.7134583333333334 0.029359375 0.08558333333333333
28540 52 0.5032890625 0.26916666666666667 0.034671875000000005 0.03879166666666667
28540 62 0.7112421875 0.32471875 0.23595312499999999 0.22697916666666668
28540 1 0.26173437499999996 0.7270729166666666 0.0494375 0.17322916666666668
28540 1 0.9565468749999999 0.6078854166666667 0.026718750000000003 0.1449791666666667
28540 1 0.332890625 0.7731250000000001 0.028468749999999998 0.11575
28540 1 0.5649218749999999 0.15011458333333333 0.14146875 0.25322916666666667
