6780 1 0.43653906249999996 0.4150139275766017 0.098828125 0.35855153203342616
6780 1 0.5431796875 0.741991643454039 0.286734375 0.22064066852367686
6780 1 0.34966406250000004 0.521100278551532 0.11470312499999999 0.47757660167130916
6780 1 0.732375 0.43639275766016716 0.0605 0.3572980501392758
6780 1 0.21839843750000001 0.4011838440111421 0.073515625 0.3238718662952646
6780 27 0.6874140625 0.4538857938718663 0.028078125 0.0318941504178273
6780 27 0.8474921875 0.33529247910863513 0.028234375 0.05894150417827298
6780 34 0.5082656249999999 0.7089554317548746 0.0225 0.06270194986072423
6780 62 0.6969453125 0.40841225626740946 0.043078125 0.07994428969359331
6780 1 0.58396875 0.3518802228412256 0.0175625 0.14286908077994429
6780 1 0.0668125 0.46629526462395543 0.12353125000000001 0.4291922005571031
6780 1 0.8594140625 0.4145125348189415 0.034328125 0.06986072423398328
6780 1 0.813875 0.4385793871866296 0.068125 0.14724233983286908
6780 1 0.158953125 0.3024373259052925 0.0118125 0.06805013927576602
6780 1 0.11058593750000001 0.3012952646239554 0.010640624999999999 0.048328690807799446
6780 1 0.5637265625000001 0.35101671309192195 0.029203125000000003 0.16030640668523677
6780 1 0.79746875 0.3786211699164346 0.032937499999999995 0.21479108635097494
6780 1 0.9203125 0.3467966573816156 0.1125 0.0807799442896936
