47916 18 0.28362499999999996 0.6288750000000001 0.1043125 0.28370833333333334
47916 18 0.490703125 0.91328125 0.22128125 0.1486458333333333
47916 3 0.5863984375 0.04482291666666667 0.191140625 0.08639583333333332
47916 3 0.3458984375 0.045260416666666664 0.15517187500000001 0.08835416666666666
47916 3 0.801765625 0.02653125 0.08590624999999999 0.0530625
47916 3 0.23134375000000001 0.028802083333333332 0.11712499999999999 0.057604166666666665
47916 3 0.1704140625 0.03444791666666667 0.10723437499999999 0.06693750000000001
47916 18 0.6171562500000001 0.47533333333333333 0.15134375 0.43945833333333334
47916 18 0.079875 0.6098645833333334 0.15975 0.5156875
47916 15 0.06035937499999999 0.147625 0.06953125 0.043916666666666666
47916 34 0.64284375 0.53525 0.08937500000000001 0.09758333333333334
47916 3 0.0405625 0.02676041666666667 0.081125 0.052270833333333336
47916 3 0.09237500000000001 0.03709375 0.04271875 0.030645833333333334
47916 3 0.7477109375000001 0.02390625 0.093890625 0.0478125
47916 8 0.583 0.04591666666666667 0.20393750000000002 0.09183333333333334
47916 15 0.1228203125 0.14001041666666666 0.066546875 0.04422916666666667
47916 18 0.9517031249999999 0.19712500000000002 0.09659375 0.1515
47916 3 0.3125859375 0.04201041666666667 0.16504687499999998 0.08402083333333334
47916 8 0.32082812499999996 0.04125 0.1744375 0.0825
