21202 10 0.6220390625000001 0.11441576086956523 0.042390625 0.16067934782608698
21202 10 0.6396328125 0.7339809782608695 0.006296875 0.021222826086956522
21202 3 0.23115625 0.823858695652174 0.10684374999999999 0.1570108695652174
21202 3 0.131046875 0.8438315217391303 0.15890625 0.17326086956521738
21202 3 0.603046875 0.8284103260869565 0.0230625 0.036657608695652176
21202 3 0.8114218750000001 0.8392798913043479 0.05121875 0.071875
21202 3 0.78003125 0.8391983695652173 0.028218749999999997 0.06801630434782609
21202 10 0.717875 0.7793614130434783 0.0083125 0.025135869565217392
21202 10 0.6408437499999999 0.7733423913043478 0.00375 0.012554347826086956
21202 10 0.62334375 0.7855842391304347 0.00296875 0.014972826086956522
21202 3 0.7156640625 0.8313858695652173 0.019671875 0.03945652173913043
21202 3 0.7334453125 0.8365353260869565 0.032015625 0.03845108695652174
21202 3 0.47335937499999997 0.8344972826086957 0.02321875 0.03247282608695652
21202 3 0.8528359374999999 0.8319565217391304 0.050546875000000005 0.11630434782608695
21202 3 0.7528984375 0.8362907608695652 0.015296874999999998 0.05502717391304348
21202 3 0.0333671875 0.8345652173913044 0.063890625 0.1926086956521739
21202 8 0.9289140625 0.8251358695652175 0.132296875 0.17755434782608698
21202 8 0.09371875 0.7794021739130435 0.07753125 0.05527173913043478
21202 8 0.543515625 0.8288179347826087 0.016625 0.022798913043478263
21202 3 0.6830859375 0.8349048913043479 0.028765625 0.03801630434782609
21202 10 0.7105625 0.7820380434782609 0.00625 0.01956521739130435
21202 10 0.6799999999999999 0.7992663043478261 0.003 0.005652173913043478
21202 10 0.709875 0.8020652173913044 0.0060625 0.00983695652173913
21202 10 0.7177187500000001 0.8039266304347825 0.00284375 0.015733695652173914
21202 10 0.6043671875 0.8007336956521738 0.007890625 0.01233695652173913
21202 10 0.4730078125 0.804375 0.0044531250000000005 0.00983695652173913
21202 10 0.526828125 0.7299592391304348 0.0055 0.025842391304347824
21202 3 0.73359375 0.8192934782608695 0.5296875 0.20923913043478262
