33802 72 0.39489843750000003 0.4775584112149533 0.10982812500000001 0.12834112149532712
33802 62 0.89503125 0.636857476635514 0.08646875000000001 0.21119158878504674
33802 62 0.92753125 0.5873481308411215 0.04578125 0.1352570093457944
33802 63 0.7854921874999999 0.716588785046729 0.29689062499999996 0.28233644859813084
33802 63 0.4678359375 0.7663084112149533 0.355890625 0.3841121495327103
33802 67 0.9269765625000002 0.5664602803738318 0.032234374999999996 0.010957943925233646
33802 67 0.9645078125000002 0.58446261682243 0.070984375 0.10425233644859812
33802 62 0.9809453125 0.6108060747663552 0.038109375 0.1363785046728972
33802 64 0.39696875 0.2671144859813084 0.030906250000000003 0.06268691588785047
33802 65 0.158359375 0.5519859813084113 0.06765625 0.14817757009345794
33802 64 0.963671875 0.7522429906542057 0.07003125 0.21364485981308412
