19544 72 0.50309375 0.3393333333333333 0.3016875 0.36854166666666666
19544 44 0.11499999999999999 0.44055208333333334 0.07603125 0.1998541666666667
19544 47 0.29779687499999996 0.5040104166666667 0.05815625 0.14172916666666666
19544 47 0.8772578124999999 0.25720833333333337 0.038015625 0.06441666666666666
19544 73 0.8753828125 0.48601041666666667 0.24923437499999998 0.4318958333333333
19544 73 0.26490625 0.36183333333333334 0.217375 0.30850000000000005
19544 75 0.10045312499999999 0.5677500000000001 0.07009375 0.050208333333333334
19544 76 0.47653125 0.5886666666666667 0.353 0.1527916666666667
19544 76 0.9011250000000001 0.5595416666666666 0.19775 0.16629166666666664
19544 74 0.709875 0.61496875 0.04084375 0.0666875
19544 76 0.27325 0.4319479166666667 0.15778125 0.07485416666666667
19544 62 0.39253125 0.8558437499999999 0.67596875 0.25714583333333335
19544 72 0.9225156250000002 0.42071875 0.15496875000000002 0.2965625
19544 77 0.0605234375 0.42069791666666667 0.046640625000000005 0.08027083333333333
