1453 9 0.6885583333333333 0.752801724137931 0.6228833333333333 0.11685344827586207
1453 9 0.44882500000000003 0.703448275862069 0.4232166666666667 0.09422413793103449
1453 9 0.28760833333333335 0.3926939655172414 0.19985 0.1685344827586207
1453 1 0.145325 0.5943318965517241 0.05535 0.268448275862069
1453 1 0.4805916666666667 0.6797629310344828 0.07835 0.11681034482758622
1453 1 0.5106 0.6475215517241381 0.06603333333333333 0.10547413793103448
1453 1 0.6830666666666667 0.6851185344827586 0.06596666666666666 0.1250646551724138
1453 1 0.8486583333333333 0.6750754310344828 0.07338333333333334 0.13204741379310345
1453 1 0.4165083333333333 0.6483943965517242 0.057550000000000004 0.08446120689655172
1453 1 0.2862416666666666 0.36890086206896555 0.010883333333333333 0.03362068965517241
1453 1 0.30277499999999996 0.3632004310344828 0.012483333333333334 0.029073275862068967
1453 9 0.2678916666666667 0.4688362068965517 0.23061666666666666 0.08745689655172413
1453 9 0.4428333333333333 0.4303663793103448 0.037866666666666667 0.03620689655172414
1453 9 0.753725 0.8988793103448276 0.49254999999999993 0.1797844827586207
1453 1 0.441175 0.4295581896551724 0.016283333333333334 0.03036637931034483
1453 1 0.4521 0.42757543103448276 0.009533333333333333 0.020754310344827588
