28864 51 0.48927000000000004 0.5139192708333333 0.9751000000000001 0.943828125
28864 52 0.39263 0.48764322916666664 0.1881 0.3954947916666667
28864 47 0.9311 0.15730468749999998 0.12944 0.30559895833333334
28864 53 0.33913 0.708984375 0.40902 0.3663020833333333
28864 53 0.3003 0.3501953125000001 0.37968 0.3573177083333334
28864 53 0.5565899999999999 0.7460677083333334 0.31238 0.20671874999999998
28864 53 0.75333 0.3956510416666667 0.34346 0.46291666666666664
28864 53 0.79388 0.18807291666666667 0.28304 0.31911458333333337
28864 53 0.8173 0.59796875 0.21968000000000001 0.40765625
28864 53 0.41506 0.8303385416666668 0.4746 0.15057291666666667
28864 47 0.36061 0.03432291666666667 0.08394 0.06864583333333334
28864 53 0.60742 0.6389583333333334 0.26532 0.46234375
