985 6 0.50446875 0.5281572769953051 0.92796875 0.43692488262910795
985 1 0.651859375 0.6004929577464789 0.0556875 0.1639906103286385
985 1 0.6273046874999999 0.5137323943661972 0.051609375 0.07455399061032864
985 1 0.325265625 0.4212206572769953 0.0223125 0.07469483568075118
985 1 0.5826484375000001 0.5152699530516431 0.036859375 0.0734037558685446
985 1 0.6080234375 0.6289201877934273 0.033078125 0.115962441314554
985 1 0.5999375 0.4157394366197183 0.02153125 0.09241784037558685
985 1 0.58309375 0.6535211267605633 0.03509375 0.06276995305164319
985 1 0.6434843750000001 0.39355633802816903 0.01203125 0.036784037558685444
985 1 0.5454921875000001 0.5660328638497653 0.031109375 0.08187793427230047
985 1 0.5560625 0.6573943661971832 0.03325 0.06272300469483567
985 62 0.2069375 0.4484741784037559 0.0208125 0.03751173708920188
985 1 0.687671875 0.4185093896713615 0.029218749999999998 0.08946009389671361
985 1 0.503703125 0.615680751173709 0.055437499999999994 0.14408450704225353
985 62 0.146 0.4493779342723005 0.027937499999999997 0.041525821596244135
985 1 0.6193515625 0.5804460093896714 0.030640624999999998 0.0984037558685446
985 1 0.46953125 0.5305164319248826 0.4421875 0.3380281690140845
