43269 3 0.5692109375 0.5315416666666667 0.050828125 0.04516666666666667
43269 3 0.681375 0.5321666666666667 0.04865625 0.047625
43269 10 0.6300703125 0.380625 0.043921875 0.16891666666666666
43269 1 0.36077343749999996 0.52840625 0.014390625 0.05602083333333333
43269 1 0.37084375 0.5238437499999999 0.00575 0.03364583333333333
43269 3 0.550953125 0.5117291666666667 0.05746875 0.034124999999999996
43269 3 0.48643749999999997 0.48115625 0.0398125 0.0215625
43269 1 0.4350546875 0.5011249999999999 0.026203125 0.033875
43269 8 0.42047656250000004 0.5046770833333334 0.075515625 0.14464583333333333
43269 3 0.598703125 0.5090833333333333 0.04140625 0.013958333333333333
