17817 4 0.9257890625 0.87640625 0.14842187499999998 0.2099375
17817 1 0.7793515625 0.7388541666666666 0.08354687499999999 0.27558333333333335
17817 1 0.8143593749999999 0.7478333333333332 0.09684374999999999 0.2604166666666667
17817 1 0.9073359375000001 0.6443854166666667 0.026921875 0.05202083333333333
17817 1 0.8836718750000001 0.6789375000000001 0.0249375 0.105375
17817 1 0.7169921875 0.7340416666666666 0.051640624999999996 0.2485
17817 1 0.764671875 0.7339479166666666 0.04575 0.2298125
17817 1 0.68940625 0.7037083333333333 0.02953125 0.1404166666666667
17817 8 0.45084374999999993 0.7078645833333332 0.43987499999999996 0.2606875
17817 1 0.8015625 0.63175 0.012750000000000001 0.019791666666666666
17817 1 0.8619843749999999 0.678875 0.030625000000000003 0.10254166666666667
17817 31 0.81703125 0.7385416666666667 0.02828125 0.04425
17817 1 0.9943515625 0.66496875 0.011296875000000001 0.05577083333333333
17817 8 0.7055859375 0.6652812499999999 0.097546875 0.1429375
17817 31 0.6920078125 0.78415625 0.029671874999999997 0.06310416666666667
