3001 62 0.4741953125 0.10429166666666667 0.696765625 0.2
3001 67 0.5 0.5882291666666667 1.0 0.7952916666666667
3001 1 0.5215937500000001 0.10313541666666667 0.5118750000000001 0.19439583333333335
3001 60 0.3640625 0.7331354166666666 0.27353125 0.3401875
3001 60 0.6033984375 0.33990625 0.179078125 0.18585416666666665
3001 60 0.783015625 0.82371875 0.12196875 0.1694375
3001 60 0.6288203125 0.7340312499999999 0.084234375 0.11385416666666666
3001 60 0.6398125 0.63840625 0.0921875 0.10452083333333334
3001 60 0.7317421875 0.6500729166666666 0.087296875 0.13889583333333333
3001 60 0.41096093749999996 0.32886458333333335 0.161015625 0.1560625
3001 60 0.705734375 0.7319583333333333 0.08790624999999999 0.10841666666666666
3001 60 0.6693671875 0.84309375 0.124078125 0.14827083333333332
3001 62 0.29982031249999996 0.13361458333333334 0.08820312500000001 0.12472916666666665
