27365 62 0.9654453125 0.6182068965517242 0.068359375 0.12933333333333333
27365 1 0.1718359375 0.7292183908045978 0.276453125 0.3797701149425287
27365 1 0.698171875 0.558735632183908 0.073125 0.304183908045977
27365 1 0.8222890625 0.6181149425287357 0.114890625 0.35181609195402297
27365 1 0.5896171875 0.5980574712643677 0.082640625 0.25731034482758625
27365 1 0.4113515625 0.0988735632183908 0.030984374999999998 0.0464367816091954
27365 1 0.368859375 0.10170114942528737 0.02634375 0.03622988505747127
27365 1 0.3360078125 0.0951264367816092 0.033578125 0.047678160919540226
27365 1 0.31667968750000003 0.09147126436781611 0.018046875 0.024551724137931035
27365 1 0.2435703125 0.09386206896551724 0.023234374999999998 0.03760919540229885
27365 1 0.1968359375 0.0697471264367816 0.044203124999999996 0.08188505747126436
27365 1 0.3471796875 0.09096551724137932 0.016453125 0.054620689655172416
27365 1 0.27872656250000005 0.08745977011494253 0.035015625 0.04811494252873563
27365 43 0.9061484375000001 0.6038045977011494 0.097921875 0.052252873563218394
27365 1 0.15237499999999998 0.07590804597701148 0.03634375 0.05632183908045977
27365 1 0.265625 0.47586206896551725 0.528125 0.9149425287356322
