37343 43 0.85253125 0.6404554655870445 0.20640624999999999 0.5797773279352227
37343 1 0.4353671875 0.553248987854251 0.801359375 0.865161943319838
37343 1 0.44800000000000006 0.17871457489878542 0.13615625 0.2898582995951417
37343 1 0.79146875 0.1470344129554656 0.14175 0.22370445344129555
37343 1 0.8444687499999999 0.042945344129554655 0.07165625 0.08589068825910931
37343 1 0.2693828125 0.22069838056680163 0.190640625 0.27030364372469634
37343 1 0.9256718749999999 0.13558704453441298 0.1469375 0.27117408906882595
37343 1 0.7151875 0.177165991902834 0.15515625 0.3203643724696356
37343 1 0.5964609375000001 0.0641902834008097 0.080234375 0.11562753036437247
37343 1 0.3422109375 0.17266194331983806 0.159703125 0.3300607287449393
37343 1 0.9475390625000001 0.308917004048583 0.10492187500000001 0.3169028340080972
37343 1 0.1698125 0.16941295546558705 0.147125 0.33412955465587046
37343 1 0.072984375 0.22110323886639674 0.1153125 0.19917004048582995
37343 1 0.84721875 0.2683805668016195 0.10925 0.2551417004048583
