20156 32 0.7056640625 0.5409557109557109 0.026359375 0.14582750582750584
20156 32 0.35197656250000003 0.5525174825174826 0.038078125000000004 0.16713286713286715
20156 63 0.4775078125 0.708997668997669 0.777265625 0.47864801864801865
20156 1 0.326171875 0.6635780885780884 0.20153125 0.6728438228438228
20156 1 0.6999453125 0.6448368298368298 0.171390625 0.5988111888111888
20156 1 0.061757812499999995 0.6393939393939394 0.12351562499999999 0.6144988344988345
20156 1 0.9658046875 0.6703146853146853 0.06839062500000001 0.5123310023310023
20156 51 0.812265625 0.6557692307692308 0.03596875 0.021701631701631703
20156 67 0.854671875 0.8092540792540791 0.24159375 0.3814918414918415
20156 51 0.45688281249999996 0.6501631701631702 0.039078125000000005 0.0503030303030303
20156 67 0.473921875 0.8309790209790209 0.24009375 0.3366433566433566
20156 47 0.8131796875000001 0.6325990675990676 0.034640625 0.03256410256410257
