35282 3 0.0911484375 0.8161619718309859 0.182296875 0.12082159624413145
35282 3 0.1729609375 0.8112441314553991 0.100515625 0.08647887323943662
35282 3 0.7765234375 0.7995774647887324 0.066640625 0.03572769953051643
35282 3 0.6070156250000001 0.7949530516431925 0.04609375 0.03422535211267606
35282 10 0.6860078125 0.233556338028169 0.06792187499999999 0.32199530516431923
35282 10 0.776109375 0.5171478873239437 0.042625 0.1280985915492958
35282 10 0.6235546875 0.24322769953051646 0.07814062499999999 0.2257511737089202
35282 10 0.8506406250000002 0.615950704225352 0.01153125 0.06692488262910798
35282 3 0.6408984375 0.8027112676056339 0.046578125 0.03157276995305164
35282 3 0.7448828125 0.796056338028169 0.031390625 0.030093896713615023
35282 3 0.9636015625000001 0.7935328638497652 0.065640625 0.03593896713615024
35282 10 0.9746796875000001 0.6805516431924883 0.011140625 0.03551643192488263
35282 10 0.9221874999999999 0.7328286384976526 0.00678125 0.028943661971830986
