27611 2 0.53788 0.49578078078078075 0.01168 0.05522522522522523
27611 2 0.56872 0.46091591591591585 0.00504 0.022732732732732734
27611 1 0.36057 0.5022372372372372 0.06798 0.22033033033033034
27611 1 0.15028 0.5096696696696696 0.05836 0.14006006006006005
27611 1 0.5035499999999999 0.5280480480480481 0.06994 0.22450450450450452
27611 1 0.5719500000000001 0.4433183183183183 0.01722 0.06315315315315316
27611 1 0.2341 0.4744594594594595 0.03696 0.06711711711711713
27611 4 0.48847 0.5532882882882884 0.06406 0.1764864864864865
27611 15 0.10214 0.5585585585585585 0.08552 0.045825825825825825
27611 15 0.24156 0.522987987987988 0.06516 0.03714714714714715
27611 41 0.36544 0.6213363363363363 0.04264 0.02105105105105105
27611 77 0.14974 0.46247747747747747 0.00724 0.013483483483483483
27611 1 0.53839 0.45816816816816824 0.03374 0.10840840840840842
