18299 62 0.46057031249999997 0.10692037470725996 0.366046875 0.21384074941451992
18299 67 0.527046875 0.5822014051522248 0.94590625 0.8130679156908666
18299 47 0.37921875000000005 0.8751170960187354 0.1630625 0.24976580796252928
18299 50 0.5428828125 0.27504683840749417 0.025671875 0.08231850117096018
18299 51 0.555234375 0.31531615925058554 0.19084375 0.10585480093676816
18299 51 0.8081171875000001 0.43596018735362996 0.233890625 0.14831381733021076
18299 58 0.499609375 0.46975409836065574 0.18346875 0.05735362997658079
18299 58 0.5093515625 0.41553864168618265 0.20779687500000002 0.0563231850117096
18299 62 0.031484375 0.44269320843091337 0.05996875 0.4314754098360656
18299 62 0.064828125 0.8301405152224824 0.1293125 0.3397189695550351
18299 58 0.49522656249999997 0.37346604215456675 0.130140625 0.018688524590163937
18299 58 0.2911328125 0.5756908665105386 0.21726562500000002 0.13540983606557377
