923 7 0.48934375 0.5504432989690722 0.45196875 0.5582886597938144
923 3 0.8927734375 0.3424020618556701 0.090546875 0.0669896907216495
923 3 0.9698671875 0.3770515463917526 0.058203125 0.0625979381443299
923 3 0.8238515625 0.3293092783505155 0.051140624999999995 0.04694845360824742
923 3 0.7800234375 0.3187319587628866 0.059671875 0.046618556701030926
923 3 0.9527109375 0.36730927835051547 0.084578125 0.05371134020618557
923 3 0.9395703125000001 0.35597938144329894 0.082390625 0.05158762886597938
923 3 0.8421640624999999 0.34056701030927833 0.027890625000000002 0.061134020618556696
923 3 0.24227343750000002 0.2839278350515464 0.046703125 0.04435051546391753
923 3 0.8316953125000002 0.3343711340206185 0.028765625 0.046680412371134024
923 3 0.761203125 0.3118453608247423 0.05178125 0.042659793814432995
923 3 0.8042343750000001 0.32165979381443305 0.0546875 0.04492783505154639
923 1 0.6360234375 0.5511958762886597 0.031234374999999998 0.03628865979381444
923 10 0.0823515625 0.22782474226804122 0.022421875 0.02958762886597938
