5073 2 0.07948437500000001 0.18723004694835682 0.07778125 0.12671361502347417
5073 3 0.14803125 0.14469483568075117 0.170125 0.1615962441314554
5073 8 0.726953125 0.07752347417840376 0.41284375000000006 0.14607981220657276
5073 1 0.365546875 0.0806924882629108 0.03215625 0.14190140845070423
5073 1 0.3333125 0.06427230046948357 0.02353125 0.10985915492957746
5073 1 0.9798437499999999 0.14523474178403756 0.039218750000000004 0.28070422535211265
5073 1 0.60953125 0.14681924882629108 0.1570625 0.2898826291079812
5073 1 0.30207812500000003 0.07311032863849765 0.0326875 0.14068075117370893
5073 1 0.0211640625 0.05296948356807512 0.019890625000000002 0.05561032863849766
5073 1 0.1757109375 0.03609154929577465 0.031671875 0.04992957746478873
5073 1 0.0485546875 0.04658450704225352 0.029921874999999997 0.0489906103286385
5073 1 0.06117187500000001 0.03989436619718309 0.02828125 0.057065727699530513
5073 41 0.6179218750000001 0.3669131455399061 0.0673125 0.15363849765258217
5073 1 0.49917968749999997 0.105481220657277 0.076234375 0.210962441314554
5073 15 0.218734375 0.12738262910798123 0.10609375000000001 0.105
5073 3 0.0369296875 0.1592605633802817 0.073859375 0.120962441314554
5073 1 0.949828125 0.03753521126760563 0.02434375 0.04685446009389672
5073 1 0.43184374999999997 0.10943661971830985 0.09618750000000001 0.2188732394366197
5073 1 0.2171875 0.06924882629107981 0.221875 0.11971830985915492
