25896 32 0.8179296875000001 0.23040918163672655 0.032484374999999996 0.08241516966067865
25896 1 0.3201640625 0.556187624750499 0.179421875 0.546067864271457
25896 1 0.4714609375 0.5502295409181636 0.166609375 0.5279640718562874
25896 1 0.6396875 0.555 0.1900625 0.5290419161676647
25896 1 0.8763359375 0.437814371257485 0.194859375 0.7153493013972055
25896 1 0.078 0.6030239520958084 0.11856249999999999 0.4317964071856288
25896 1 0.17679687500000002 0.503373253493014 0.1565625 0.7235928143712574
25896 15 0.5198203125 0.6112375249500999 0.47673437500000004 0.36854291417165663
25896 32 0.47628906249999997 0.41374251497005987 0.019515625 0.025089820359281437
25896 32 0.31190625 0.4093912175648703 0.014093749999999999 0.01906187624750499
