28011 72 0.52664 0.6546625 0.22744 0.210575
28011 63 0.8266100000000001 0.841425 0.17682 0.1352
28011 63 0.88742 0.5282625 0.0888 0.050875000000000004
28011 67 0.74225 0.5989125 0.16613999999999998 0.098775
28011 51 0.8147300000000001 0.2954 0.02466 0.027450000000000002
28011 62 0.77776 0.6089625000000001 0.055240000000000004 0.078075
28011 62 0.7697200000000001 0.5532125 0.03444 0.038175
28011 62 0.7404700000000001 0.5478875 0.02622 0.039825
28011 62 0.9136500000000001 0.6030375 0.08962 0.090325
28011 62 0.78319 0.8474875000000001 0.08874 0.118025
28011 62 0.8295799999999999 0.8348625000000002 0.07884000000000001 0.105475
28011 62 0.8597400000000001 0.81475 0.07072 0.0742
28011 62 0.8812300000000001 0.80425 0.05838 0.06255
28011 62 0.72818 0.9345375 0.14164 0.046125
