44178 40 0.554828125 0.6376470588235295 0.047125 0.08969411764705881
44178 1 0.2969609375 0.624035294117647 0.220859375 0.5572941176470588
44178 1 0.73096875 0.6935058823529412 0.21559374999999997 0.4719058823529412
44178 1 0.7234609375 0.40145882352941176 0.058984375 0.24550588235294118
44178 37 0.2023046875 0.6322235294117647 0.024765625 0.026188235294117648
44178 39 0.24495312499999997 0.4931294117647059 0.014468749999999999 0.01764705882352941
44178 1 0.69809375 0.7725647058823529 0.30596875 0.26592941176470586
44178 1 0.2659140625 0.3690470588235294 0.053765625 0.09150588235294117
44178 1 0.9768125 0.3524705882352941 0.023375 0.048141176470588236
44178 1 0.0040859375 0.33902352941176467 0.008171875 0.04858823529411764
44178 1 0.46325000000000005 0.1534470588235294 0.02065625 0.031976470588235294
44178 1 0.5100390625 0.28800000000000003 0.009734375 0.018070588235294116
44178 1 0.8655312500000001 0.3415882352941177 0.02371875 0.044352941176470595
44178 1 0.8275625 0.34127058823529416 0.05815625 0.04950588235294118
44178 1 0.573640625 0.35202352941176474 0.02328125 0.043199999999999995
44178 1 0.6117343749999999 0.35128235294117643 0.0228125 0.05371764705882352
44178 1 0.50546875 0.23529411764705882 0.9859375 0.47058823529411764
