2083 44 0.272625 0.6517640186915887 0.0390625 0.22011682242990652
2083 44 0.2690546875 0.717231308411215 0.032640625 0.1683878504672897
2083 44 0.43297656250000005 0.5304322429906542 0.033765625 0.08904205607476635
2083 44 0.3913203125 0.5632009345794392 0.019828125 0.07771028037383178
2083 44 0.7948515625 0.513714953271028 0.033859375000000004 0.08621495327102803
2083 44 0.8304140625 0.5355373831775702 0.021890625 0.12289719626168225
2083 1 0.8400703125 0.6887616822429906 0.318609375 0.6
2083 1 0.543265625 0.6269626168224298 0.275 0.7235981308411215
2083 1 0.99065625 0.3585747663551402 0.018687500000000003 0.1319626168224299
2083 47 0.3065625 0.4596028037383177 0.0325 0.05453271028037383
2083 51 0.7649296875 0.8618808411214953 0.071546875 0.07352803738317756
2083 64 0.3883828125 0.441179906542056 0.06351562499999999 0.07623831775700936
2083 79 0.46725781250000004 0.9480490654205607 0.222328125 0.07792056074766356
2083 79 0.3335078125 0.906658878504673 0.216515625 0.1488317757009346
2083 47 0.8119296874999999 0.5912266355140187 0.023921875000000002 0.08558411214953271
