21400 28 0.21431 0.2577620396600566 0.21825999999999998 0.16946175637393768
21400 1 0.46749 0.5664447592067989 0.16538 0.666657223796034
21400 1 0.28399 0.5606798866855525 0.18722 0.7078753541076487
21400 1 0.6036699999999999 0.4386402266288952 0.09678 0.42022662889518414
21400 1 0.05714 0.6195609065155807 0.09096 0.21674220963172805
21400 31 0.27485000000000004 0.5048441926345609 0.11618 0.3572804532577904
21400 15 0.11527 0.7239660056657223 0.22513999999999998 0.22215297450424928
21400 15 0.8278399999999999 0.8026203966005667 0.34432 0.0590084985835694
21400 1 0.15914999999999999 0.5039518413597734 0.09237999999999999 0.3119263456090652
21400 51 0.72139 0.44196883852691216 0.04266 0.030849858356940513
21400 62 0.38625 0.5912039660056657 0.06738 0.10150141643059489
21400 62 0.36482000000000003 0.6177762039660057 0.05756 0.05181303116147309
