8659 4 0.8799453125 0.7230210772833724 0.24010937499999999 0.5198126463700234
8659 1 0.7863828125000001 0.4455035128805621 0.172421875 0.6337236533957846
8659 1 0.6416953125 0.4618032786885246 0.11095312500000001 0.5865105386416862
8659 1 0.5517421875 0.5921311475409836 0.18292187499999998 0.7842622950819672
8659 1 0.314453125 0.556943793911007 0.30459375 0.886112412177986
8659 1 0.4166718749999999 0.2694496487119438 0.02059375 0.08569086651053864
8659 1 0.43990625000000005 0.26517564402810306 0.019875 0.07414519906323185
8659 1 0.22046875 0.28578454332552694 0.01925 0.05672131147540983
8659 1 0.16028125 0.29284543325526935 0.0195625 0.049765807962529274
8659 1 0.20491406250000002 0.2807377049180328 0.015796875 0.06653395784543326
8659 1 0.0707890625 0.2998126463700234 0.013796875 0.033536299765807964
8659 1 0.38317187500000005 0.26710772833723656 0.01246875 0.0733255269320843
8659 1 0.39677343749999994 0.27192037470725994 0.018015625 0.0648711943793911
