38241 3 0.299453125 0.324521158129176 0.08562499999999999 0.1109576837416481
38241 3 0.87675 0.3884743875278396 0.1871875 0.17334075723830736
38241 8 0.1434609375 0.3895100222717149 0.167109375 0.2359465478841871
38241 8 0.5609296875 0.5304008908685969 0.43295312499999994 0.43242761692650333
38241 1 0.043914062499999997 0.28489977728285076 0.031234374999999998 0.0935857461024499
38241 1 0.90425 0.4394877505567929 0.057625 0.153630289532294
38241 1 0.8567421874999999 0.3580066815144766 0.040265625 0.13391982182628062
38241 1 0.87384375 0.44761692650334073 0.06899999999999999 0.1532739420935412
38241 3 0.44752343749999995 0.3152783964365256 0.146296875 0.06503340757238307
38241 1 0.70059375 0.30141425389755006 0.028968749999999998 0.08518930957683742
38241 1 0.443296875 0.2718596881959911 0.02090625 0.02287305122494432
38241 27 0.8483828125 0.4433073496659242 0.027203125 0.053652561247216034
38241 1 0.0276328125 0.26169265033407574 0.014828125000000001 0.0756347438752784
38241 1 0.7319921875000001 0.3020489977728285 0.027484375 0.08089086859688197
38241 3 0.9747734375 0.39169265033407574 0.040546874999999996 0.2020489977728285
38241 1 0.05836718750000001 0.26629175946547884 0.013984374999999999 0.07040089086859688
38241 1 0.5157734375 0.45002227171492204 0.081734375 0.15732739420935413
