41008 28 0.31455208333333334 0.35415625000000006 0.3390208333333333 0.142625
41008 28 0.55265625 0.4126796875 0.29660416666666667 0.105421875
41008 28 0.6032291666666667 0.7106171875 0.23833333333333334 0.173390625
41008 28 0.43295833333333333 0.92584375 0.43445833333333334 0.12584375
41008 28 0.47594791666666664 0.13590624999999998 0.2384375 0.09409375
41008 28 0.48734375 0.0267578125 0.24410416666666668 0.051515624999999995
41008 1 0.5999583333333334 0.5553203124999999 0.22120833333333334 0.202984375
41008 1 0.5498125 0.3033671875 0.15879166666666666 0.13482812500000002
41008 31 0.6347812500000001 0.8672890625 0.11418750000000001 0.095296875
41008 28 0.3651979166666667 0.6729921875 0.39627083333333335 0.25189062500000003
41008 31 0.5175729166666667 0.0418828125 0.07952083333333333 0.053828125000000004
41008 1 0.6818229166666667 0.9679375 0.08277083333333332 0.064125
41008 1 0.4364895833333334 0.5020234375 0.0993125 0.12142187499999998
41008 1 0.29810416666666667 0.517109375 0.232875 0.21290625
41008 1 0.5859062500000001 0.870109375 0.21064583333333334 0.21709375
41008 1 0.40803124999999996 0.837203125 0.19860416666666666 0.10024999999999999
41008 1 0.46138541666666666 0.24592968749999997 0.1576875 0.129296875
41008 1 0.4726354166666667 0.0590703125 0.13964583333333333 0.087140625
41008 1 0.5129479166666667 0.0336796875 0.07943750000000001 0.056984375
41008 1 0.2916458333333333 0.828640625 0.0925 0.06643750000000001
