24434 4 0.3034431137724551 0.50113 0.5934131736526945 0.99098
24434 4 0.6906137724550899 0.20242000000000002 0.2414670658682635 0.21180000000000002
24434 4 0.36797904191616765 0.53824 0.20631736526946107 0.1752
24434 4 0.562245508982036 0.23487 0.3351497005988024 0.46866
24434 4 0.1834131736526946 0.49876 0.3446107784431138 0.97524
24434 4 0.765119760479042 0.13537000000000002 0.19892215568862276 0.2621
24434 4 0.6708832335329341 0.08805 0.2402694610778443 0.14814
24434 4 0.8398203592814372 0.09478999999999999 0.17011976047904193 0.18853999999999999
24434 4 0.9067664670658682 0.08865 0.07538922155688622 0.10538
24434 4 0.9208532934131738 0.05071 0.09787425149700599 0.09154000000000001
24434 4 0.47128742514970057 0.46913 0.21808383233532935 0.53334
