47293 3 0.6028984374999999 0.7267812499999999 0.034828125 0.0334375
47293 3 0.270015625 0.7278229166666665 0.0200625 0.017520833333333333
47293 8 0.6692109374999999 0.7013645833333334 0.050828125 0.0918125
47293 8 0.7299296875000001 0.65309375 0.06967187500000001 0.17322916666666668
47293 3 0.28835937500000003 0.7251041666666667 0.015625 0.013791666666666667
47293 8 0.636328125 0.7079270833333333 0.021124999999999998 0.043520833333333335
47293 8 0.6139765625000001 0.7146875 0.021390625 0.03283333333333333
47293 8 0.3933046875 0.7161458333333334 0.027515625 0.030916666666666665
47293 8 0.1843046875 0.7104479166666667 0.071484375 0.05614583333333333
47293 8 0.7129609375 0.7308645833333334 0.133328125 0.40989583333333335
47293 8 0.4439375 0.7174479166666666 0.029406250000000002 0.0274375
47293 3 0.478328125 0.7218645833333334 0.006875000000000001 0.0070625
