12681 67 0.4972467320261438 0.572467320261438 0.930016339869281 0.788954248366013
12681 1 0.33405228758169936 0.17348856209150326 0.5862091503267973 0.3017156862745098
12681 51 0.43522875816993467 0.3231699346405229 0.22395424836601308 0.09506535947712419
12681 61 0.47415849673202615 0.5280882352941176 0.746062091503268 0.5887581699346405
12681 51 0.9075898692810458 0.20330882352941176 0.11357843137254903 0.057434640522875814
12681 1 0.8677287581699346 0.12267156862745099 0.18441176470588236 0.18269607843137256
12681 47 0.7441830065359477 0.27566993464052286 0.15281045751633987 0.20130718954248367
12681 62 0.6168790849673202 0.12727124183006536 0.21558823529411764 0.18702614379084967
12681 7 0.4737990196078431 0.5387009803921569 0.7527614379084967 0.6158333333333333
12681 60 0.4196895424836602 0.7006454248366012 0.17098039215686275 0.19429738562091503
12681 60 0.5475163398692812 0.6483741830065359 0.11101307189542484 0.15946078431372548
12681 60 0.658578431372549 0.6003186274509804 0.11624183006535947 0.14315359477124182
12681 60 0.7669199346405229 0.5451062091503268 0.08926470588235294 0.08331699346405229
