14450 7 0.6681504702194357 0.5646171875 0.19689655172413795 0.10389062499999999
14450 1 0.5393181818181819 0.42935937500000004 0.012272727272727274 0.01715625
14450 1 0.6085658307210031 0.43823437500000006 0.015376175548589343 0.021281249999999998
14450 1 0.5758385579937304 0.506984375 0.014843260188087775 0.029875000000000002
14450 1 0.62967868338558 0.49021875000000004 0.016598746081504703 0.0398125
14450 1 0.5532836990595611 0.520890625 0.011927899686520377 0.02759375
14450 1 0.6944670846394985 0.43474218750000004 0.00799373040752351 0.025203125
14450 1 0.5231974921630094 0.42153906249999995 0.00846394984326019 0.015703125000000002
14450 1 0.5053369905956112 0.41840625 0.009858934169278997 0.0215
14450 1 0.4862852664576803 0.41278125 0.011755485893416929 0.02403125
14450 1 0.4624843260188088 0.422453125 0.008761755485893417 0.03553125
14450 7 0.9606818181818181 0.5557421874999999 0.07772727272727273 0.050671875
14450 1 0.4763793103448276 0.4116171875 0.010595611285266458 0.014828125000000001
14450 1 0.6588636363636363 0.4345859375000001 0.011990595611285267 0.024140625
14450 1 0.424615987460815 0.38941406250000005 0.012210031347962383 0.020765625
14450 1 0.6841692789968652 0.44453125 0.622257053291536 0.1734375
