44045 2 0.5763437499999999 0.7338749999999999 0.4702708333333333 0.283875
44045 3 0.7937395833333334 0.543734375 0.41252083333333334 0.1555
44045 3 0.11351041666666667 0.4839921875 0.1038125 0.044890625
44045 3 0.04972916666666667 0.48277343749999996 0.07454166666666667 0.037359375
44045 1 0.2978854166666667 0.4727578125 0.025979166666666668 0.044640625
44045 1 0.6794791666666666 0.4681484375 0.015458333333333333 0.039984375
44045 1 0.7415520833333333 0.46156250000000004 0.034937499999999996 0.038593749999999996
44045 1 0.27538541666666666 0.47248437499999996 0.0345625 0.051375000000000004
44045 13 0.56775 0.1957578125 0.193 0.173703125
44045 1 0.67978125 0.49360156250000004 0.030520833333333334 0.032359375
44045 1 0.7341041666666667 0.5107031249999999 0.024791666666666667 0.012
44045 1 0.3746041666666667 0.45275 0.015708333333333335 0.01940625
