2154 3 0.8037968750000001 0.2516041666666667 0.39240624999999996 0.20370833333333332
2154 1 0.362703125 0.22963541666666665 0.0373125 0.0948125
2154 1 0.2897578125 0.20271875 0.048609374999999996 0.04535416666666667
2154 1 0.11892968750000002 0.18229166666666666 0.05795312500000001 0.08804166666666666
2154 15 0.1424140625 0.7 0.284828125 0.2539166666666667
2154 3 0.9724296875 0.2188854166666667 0.051671875 0.06722916666666667
2154 28 0.32703125 0.11936458333333334 0.24474999999999997 0.20914583333333334
2154 28 0.119875 0.12075 0.23753125000000003 0.20833333333333334
2154 28 0.4900390625 0.12470833333333334 0.038890625 0.19954166666666667
2154 3 0.9747656250000001 0.17160416666666667 0.05046874999999999 0.04583333333333333
2154 1 0.2984140625 0.18555208333333337 0.013453125 0.026604166666666665
2154 3 0.8778828124999999 0.1728333333333333 0.085265625 0.06133333333333334
2154 3 0.975296875 0.14273958333333334 0.049312499999999995 0.03972916666666667
