30995 1 0.32309375 0.6168501170960187 0.07646875 0.22695550351288055
30995 1 0.5275390625 0.4738173302107728 0.108984375 0.21227166276346604
30995 1 0.846453125 0.4996370023419204 0.30709375 0.996791569086651
30995 1 0.39660937500000004 0.6353512880562061 0.07178124999999999 0.18484777517564405
30995 3 0.028195312500000003 0.6525995316159251 0.05639062500000001 0.1594847775175644
30995 3 0.1043359375 0.481615925058548 0.173078125 0.052271662763466044
30995 1 0.4692421875 0.45091334894613583 0.085515625 0.18079625292740048
30995 1 0.5897890625 0.5134777517564403 0.056484374999999996 0.16929742388758784
30995 3 0.099453125 0.5844613583138173 0.19890625 0.19224824355971898
30995 35 0.2921328125 0.7103161592505854 0.195671875 0.5107494145199063
30995 35 0.6389140624999999 0.5262997658079626 0.025390625 0.2577049180327869
30995 35 0.213234375 0.4153747072599532 0.07928125 0.19627634660421547
30995 35 0.6277968749999999 0.4691217798594848 0.03290625 0.24489461358313816
30995 35 0.40679687500000006 0.4845550351288056 0.0306875 0.12086651053864168
