13417 1 0.43696875 0.7282710280373832 0.14953125 0.5395327102803738
13417 31 0.1111640625 0.6701985981308411 0.153734375 0.49296728971962617
13417 31 0.2696875 0.5423481308411215 0.02603125 0.06264018691588785
13417 31 0.31915625 0.5208878504672897 0.02059375 0.03383177570093458
13417 31 0.3892890625 0.7414135514018693 0.062484375 0.09829439252336448
13417 31 0.24187499999999998 0.5361331775700935 0.0646875 0.15731308411214953
13417 33 0.6920390624999999 0.25955607476635517 0.20589062500000002 0.24943925233644862
13417 33 0.8302968749999999 0.14382009345794391 0.09768750000000001 0.28764018691588783
13417 33 0.5287890625 0.3511799065420561 0.042734375000000005 0.15301401869158876
13417 31 0.22709374999999996 0.8491471962616821 0.049062499999999995 0.1613785046728972
13417 33 0.5572734375 0.35329439252336453 0.034171875000000004 0.16883177570093458
13417 33 0.60078125 0.5571261682242991 0.08896875 0.27485981308411217
13417 33 0.9313046875000002 0.1269626168224299 0.13739062500000002 0.2539252336448598
13417 33 0.47544531250000005 0.37164719626168224 0.026328125 0.10259345794392523
13417 33 0.5876406249999999 0.30264018691588784 0.03459375 0.23322429906542055
13417 33 0.49713281249999997 0.36626168224299066 0.032515625 0.18542056074766355
13417 33 0.453609375 0.4290420560747664 0.033218750000000005 0.09705607476635514
13417 27 0.315515625 0.5750934579439253 0.06334375 0.11943925233644859
13417 31 0.3480078125 0.5808995327102804 0.031015625 0.07329439252336449
13417 31 0.15955468750000001 0.9214369158878505 0.079328125 0.15712616822429906
13417 31 0.83084375 0.6336331775700934 0.19346875 0.1375
13417 33 0.509765625 0.8443457943925233 0.0916875 0.2416355140186916
13417 33 0.69275 0.8040771028037385 0.10825 0.12754672897196262
13417 31 0.3198203125 0.5880957943925234 0.038453125 0.10324766355140186
13417 33 0.5515078125 0.5129906542056075 0.039953125 0.1324766355140187
13417 31 0.040359374999999996 0.7984345794392522 0.08071874999999999 0.38177570093457946
13417 31 0.864046875 0.46849299065420563 0.09903125 0.0652570093457944
13417 31 0.200640625 0.6099065420560749 0.06534375 0.34967289719626166
13417 31 0.33709375 0.7046845794392523 0.03525 0.06399532710280374
13417 31 0.10106250000000001 0.9445443925233644 0.0728125 0.10801401869158878
13417 31 0.17578125 0.7441588785046729 0.3171875 0.5070093457943925
13417 33 0.5 0.639018691588785 0.996875 0.7172897196261683
