33094 44 0.35615625 0.6996666666666668 0.056874999999999995 0.39033333333333337
33094 44 0.40696093749999995 0.7959895833333334 0.126734375 0.40802083333333333
33094 44 0.55571875 0.6791666666666667 0.14603125 0.22020833333333334
33094 44 0.8062109375000001 0.5166875 0.028359375 0.09575
33094 44 0.7452890625 0.3986354166666667 0.0054531250000000005 0.036187500000000004
33094 44 0.7603984374999999 0.3976145833333333 0.009578125 0.04114583333333333
33094 1 0.7041640625 0.47728125 0.153546875 0.23602083333333335
33094 1 0.45141406250000005 0.4977916666666667 0.18392187499999998 0.3755833333333333
33094 1 0.3846484375 0.41146875 0.055296875 0.13260416666666666
33094 1 0.36300781249999997 0.5570208333333333 0.311171875 0.3925416666666666
33094 1 0.23250781250000002 0.5219583333333333 0.069390625 0.2514166666666667
33094 46 0.7256015625 0.5954999999999999 0.034015625 0.10683333333333334
33094 1 0.607234375 0.37921874999999994 0.035812500000000004 0.07139583333333334
33094 1 0.783890625 0.45 0.05675 0.13425
33094 44 0.7509140624999999 0.39783333333333337 0.005953125 0.036458333333333336
33094 1 0.625 0.50246875 0.24259375 0.2987708333333333
33094 1 0.7708828125 0.59575 0.45823437499999997 0.774125
33094 1 0.1755859375 0.47134375 0.17470312500000001 0.4831875
33094 1 0.8106171874999999 0.4682083333333333 0.052203124999999996 0.09391666666666666
33094 44 0.7389374999999999 0.39846875 0.009031250000000001 0.037270833333333336
33094 44 0.144953125 0.495125 0.0273125 0.0395
33094 44 0.179203125 0.49716666666666665 0.0301875 0.039749999999999994
33094 44 0.1716875 0.49565624999999996 0.03003125 0.04002083333333333
33094 44 0.7552890625 0.39821874999999995 0.006765625 0.03635416666666667
33094 44 0.28988281250000003 0.7815937500000001 0.077796875 0.28981250000000003
33094 44 0.45546875 0.6885416666666667 0.6203125 0.61875
