18531 51 0.7519122257053292 0.7466171875000001 0.4961755485893417 0.486484375
18531 51 0.2485344827586207 0.7513515625 0.4970689655172414 0.495515625
18531 51 0.7536050156739812 0.24607031249999997 0.49278996865203756 0.48764062499999994
18531 57 0.9643808777429467 0.3706640625 0.06553291536050157 0.045015625
18531 51 0.24884012539184952 0.249609375 0.49768025078369904 0.488375
18531 57 0.251794670846395 0.605796875 0.050360501567398124 0.045656249999999995
18531 57 0.46460815047021936 0.8043203125 0.03786833855799373 0.046671875
18531 57 0.3327664576802508 0.9627890625 0.04537617554858934 0.062171875
18531 57 0.25093260188087774 0.7092968749999999 0.03553291536050157 0.038875
18531 57 0.9026175548589341 0.819734375 0.033354231974921635 0.039625
18531 57 0.3105407523510972 0.6300546875 0.05233542319749216 0.028828125
18531 57 0.0528448275862069 0.7334921875 0.029733542319749215 0.05404687500000001
18531 57 0.869075235109718 0.664140625 0.05291536050156739 0.059125000000000004
18531 57 0.8528369905956114 0.8018984375 0.04542319749216301 0.059046875
18531 57 0.8960815047021943 0.2554609375 0.0506896551724138 0.055578125
18531 57 0.9377899686520377 0.3164296875 0.034858934169278995 0.026234374999999997
18531 50 0.1021473354231975 0.6330703124999999 0.19858934169278997 0.166671875
18531 57 0.9787539184952977 0.2741796875 0.03177115987460815 0.034390625
18531 57 0.7045454545454546 0.46640625 0.5721003134796239 0.7015625
