47907 67 0.7308984374999999 0.4970625 0.538203125 0.9235833333333333
47907 51 0.5465234375 0.2679375 0.420390625 0.4192916666666667
47907 55 0.4909140625 0.6346458333333334 0.110671875 0.15725
47907 55 0.36449218749999995 0.5628333333333333 0.112140625 0.13620833333333332
47907 55 0.342921875 0.4443854166666667 0.0975625 0.12835416666666666
47907 55 0.2643046875 0.6737395833333333 0.108671875 0.1433125
47907 55 0.4085234375000001 0.7891354166666666 0.12176562500000002 0.1623541666666667
47907 55 0.45651562500000004 0.33219791666666665 0.09765625 0.13022916666666667
47907 55 0.563828125 0.24207291666666667 0.40059374999999997 0.37177083333333333
47907 55 0.2852578125 0.49984375 0.08060937500000001 0.12647916666666667
47907 55 0.4087421875 0.46554166666666663 0.080421875 0.120625
