18801 46 0.8674707259953163 0.19141406249999998 0.051381733021077285 0.10748437500000001
18801 44 0.5856674473067915 0.6186718750000001 0.06627634660421546 0.1604375
18801 44 0.6500585480093677 0.620203125 0.06583138173302108 0.1723125
18801 44 0.7092857142857143 0.6195 0.06971896955503513 0.16640625
18801 44 0.9564519906323186 0.6108125 0.0699063231850117 0.13359375
18801 44 0.859695550351288 0.47339843750000005 0.052740046838407495 0.134546875
18801 44 0.8878688524590164 0.6427109375 0.08112412177985949 0.178890625
18801 44 0.6439110070257612 0.41524218749999997 0.04585480093676814 0.08354687499999999
18801 44 0.6962295081967212 0.45416406249999997 0.054566744730679156 0.124984375
18801 44 0.7600702576112411 0.44796874999999997 0.059531615925058554 0.11671875000000001
18801 44 0.8715339578454332 0.545859375 0.036276346604215456 0.14525
18801 44 0.8092740046838408 0.456078125 0.053676814988290404 0.13203125
18801 44 0.8549297423887589 0.558078125 0.03697892271662763 0.16378125
18801 44 0.4489695550351288 0.6182265625 0.041405152224824354 0.104546875
18801 44 0.6697892271662763 0.5515625 0.6557377049180327 0.3625
