43895 18 0.6646370023419202 0.7552187499999999 0.3179391100702576 0.311125
43895 44 0.7931147540983607 0.23695312500000001 0.02192037470725995 0.0405
43895 44 0.8238056206088993 0.2414609375 0.026955503512880563 0.056671875000000003
43895 44 0.8560655737704918 0.25435937500000005 0.027587822014051522 0.056999999999999995
43895 44 0.9045667447306791 0.2490546875 0.03142857142857143 0.057796875000000004
43895 47 0.7396370023419205 0.3986640625 0.044379391100702575 0.031109375
43895 79 0.14040983606557378 0.568859375 0.28081967213114756 0.39953125
43895 51 0.21607728337236534 0.3469765625 0.12475409836065575 0.027734375
43895 1 0.3988290398126464 0.4596640625 0.2872599531615925 0.601234375
43895 46 0.9407494145199063 0.23546874999999998 0.04243559718969555 0.0530625
43895 44 0.8320608899297423 0.266796875 0.01737704918032787 0.0351875
43895 44 0.865304449648712 0.3877734375 0.04058548009367681 0.040171875
