30188 41 0.4927265625 0.7946117647058824 0.390765625 0.17275294117647058
30188 27 0.8682109375 0.5720705882352941 0.145078125 0.3265882352941177
30188 1 0.4818515625 0.5877176470588236 0.248828125 0.824564705882353
30188 1 0.3337890625 0.7208823529411764 0.151203125 0.5561176470588235
30188 1 0.6494140625 0.666635294117647 0.147203125 0.6667294117647059
30188 1 0.853015625 0.6132000000000001 0.25609375 0.7730352941176472
30188 1 0.701375 0.4722941176470588 0.096 0.35988235294117643
30188 1 0.723921875 0.360635294117647 0.064 0.20903529411764707
30188 1 0.2096640625 0.4550588235294118 0.099984375 0.42470588235294116
30188 1 0.084125 0.49888235294117644 0.10275000000000001 0.47310588235294115
30188 1 0.9747578125 0.38537647058823526 0.050484375000000005 0.18901176470588235
30188 27 0.3406796875 0.35303529411764706 0.035296875 0.08291764705882354
30188 27 0.1669453125 0.40956470588235294 0.025453125 0.13922352941176472
30188 1 0.7745781249999999 0.41888235294117643 0.087 0.19875294117647058
30188 1 0.3190234375 0.4107882352941177 0.072359375 0.30454117647058826
30188 1 0.371484375 0.3548117647058823 0.02034375 0.08327058823529412
30188 1 0.5516875 0.3397176470588235 0.07625 0.10282352941176472
30188 1 0.3953125 0.5811764705882353 0.7875 0.5929411764705882
