6155 77 0.378765625 0.60872460496614 0.16599999999999998 0.11392776523702032
6155 77 0.859390625 0.3146726862302483 0.16240625 0.11381489841986456
6155 77 0.6155390625 0.19148984198645597 0.150203125 0.10067720090293454
6155 1 0.5804453125 0.6078781038374719 0.676671875 0.6143566591422123
6155 31 0.8387265625000001 0.6779345372460497 0.171484375 0.6126185101580135
6155 1 0.934609375 0.49436794582392773 0.12628124999999998 0.9819638826185101
6155 31 0.7046328125000001 0.7988713318284424 0.093328125 0.3797742663656885
6155 1 0.19832031249999998 0.7483182844243792 0.39664062499999997 0.476410835214447
6155 1 0.3989921875 0.49641083521444695 0.6150781249999999 0.9870428893905192
6155 1 0.053937500000000006 0.2031038374717833 0.10787500000000001 0.4025959367945824
6155 1 0.35148437499999996 0.43376975169300225 0.7029687499999999 0.5818058690744922
