40681 1 0.41514843749999997 0.46296875000000004 0.09867187499999999 0.3065625
40681 1 0.5760078125000001 0.3655104166666667 0.018515625 0.05660416666666667
40681 1 0.690984375 0.35437500000000005 0.0135625 0.04733333333333333
40681 1 0.7349687500000001 0.33896875000000004 0.0085 0.0329375
40681 1 0.8427109375 0.38064583333333335 0.010203125 0.028541666666666667
40681 35 0.4396328125 0.6036145833333334 0.190828125 0.0848125
40681 27 0.3806484375 0.3969791666666667 0.024640625 0.07495833333333332
40681 1 0.562640625 0.3089166666666667 0.00721875 0.025166666666666667
40681 1 0.5723906249999999 0.2991770833333333 0.00221875 0.0098125
40681 35 0.6907421875 0.3723645833333334 0.022171875 0.012437499999999999
40681 1 0.5912265624999999 0.29821875000000003 0.002390625 0.010020833333333333
40681 35 0.7368046875 0.35421875 0.018796874999999998 0.005604166666666666
40681 35 0.57396875 0.3939479166666667 0.021249999999999998 0.0058125
