6608 72 0.7406875 0.34819791666666666 0.10665625000000001 0.11964583333333333
6608 72 0.2697578125 0.41328125 0.136984375 0.1814375
6608 73 0.6145703125 0.44125 0.15226562500000002 0.15225
6608 44 0.8500078125 0.4304479166666667 0.025265625000000003 0.0905625
6608 46 0.3706875 0.5536770833333333 0.028187499999999997 0.0968125
6608 47 0.47565624999999995 0.46765625 0.026437500000000003 0.0450625
6608 62 0.9255625000000001 0.7191041666666665 0.148875 0.409
6608 74 0.346140625 0.5588229166666667 0.0285625 0.0313125
6608 76 0.210546875 0.5954791666666667 0.21296875 0.10841666666666666
6608 73 0.6976718749999999 0.43923958333333335 0.1145 0.043354166666666666
6608 73 0.739609375 0.35874999999999996 0.10037499999999999 0.14283333333333334
6608 74 0.3114375 0.55975 0.02325 0.017708333333333333
