2135 28 0.52096875 0.49678125 0.9580625 0.57978125
2135 1 0.2977916666666667 0.6306640625 0.43383333333333335 0.388171875
2135 1 0.63596875 0.6590312500000001 0.2271875 0.3888125
2135 1 0.2757604166666667 0.542453125 0.12135416666666667 0.13525
2135 1 0.08091666666666666 0.53590625 0.05183333333333333 0.06096875
2135 1 0.03685416666666667 0.550828125 0.07370833333333333 0.0980625
2135 31 0.36561458333333335 0.9183671875 0.34910416666666666 0.163265625
2135 1 0.5336770833333334 0.53753125 0.03210416666666667 0.0365625
2135 1 0.49249999999999994 0.565234375 0.03754166666666667 0.0468125
2135 15 0.1478541666666667 0.7986171874999999 0.28037500000000004 0.32214062499999996
2135 1 0.5729583333333333 0.5677578125 0.06408333333333334 0.068078125
2135 1 0.7127291666666667 0.7083046875 0.5745416666666666 0.555046875
2135 1 0.4693020833333333 0.5530703125 0.0315625 0.06185937500000001
