36091 44 0.482984375 0.3179185520361991 0.00996875 0.04819004524886878
36091 44 0.4940546875 0.31571266968325795 0.014140625 0.05495475113122172
36091 62 0.43571875000000004 0.388947963800905 0.061875 0.061153846153846156
36091 62 0.35494531250000005 0.40736425339366517 0.08151562500000001 0.06653846153846153
36091 62 0.2664296875 0.5980656108597285 0.11014062499999999 0.42242081447963803
36091 67 0.4688125 0.6294117647058823 0.394875 0.5011764705882353
36091 52 0.9096328124999999 0.3283710407239819 0.031265625000000005 0.029049773755656108
36091 78 0.7481796875 0.2152488687782805 0.118796875 0.09647058823529411
36091 79 0.736625 0.43312217194570135 0.14321875 0.28171945701357465
36091 49 0.9703593749999999 0.310237556561086 0.010125 0.012601809954751133
36091 49 0.9873593749999999 0.3217081447963801 0.00784375 0.017986425339366518
36091 51 0.8988125 0.3511199095022625 0.040375 0.02766968325791855
36091 51 0.8226875000000001 0.3530429864253394 0.02365625 0.012239819004524886
36091 51 0.6571953125 0.3286538461538462 0.031484374999999995 0.04038461538461539
36091 49 0.9744375 0.3070927601809955 0.00784375 0.028076923076923076
36091 49 0.972703125 0.3170927601809954 0.009156250000000001 0.010248868778280544
36091 49 0.97934375 0.3173755656108597 0.004 0.02515837104072398
36091 49 0.9723750000000001 0.32680995475113117 0.00690625 0.011945701357466063
36091 44 0.8431953125 0.35937782805429863 0.008765625 0.03070135746606335
