40602 62 0.741609375 0.862625 0.4463125 0.2527916666666667
40602 1 0.3355 0.6001354166666667 0.44800000000000006 0.7979375
40602 1 0.2900078125 0.3534479166666667 0.104734375 0.16547916666666668
40602 1 0.7643203125 0.52696875 0.358984375 0.9236041666666667
40602 1 0.13766406250000002 0.62725 0.238171875 0.7139583333333334
40602 1 0.5409531249999999 0.39210416666666664 0.04475 0.07141666666666667
40602 75 0.6090859375 0.31717708333333333 0.035234375 0.12622916666666667
40602 75 0.131421875 0.5401875 0.0265625 0.05854166666666667
40602 31 0.3578984375 0.4517083333333333 0.080578125 0.21016666666666667
40602 1 0.21105468749999998 0.39225 0.041109375 0.14583333333333334
40602 1 0.035929687499999995 0.5268645833333333 0.07173437499999999 0.45102083333333337
40602 1 0.058109375 0.396625 0.04996875 0.10179166666666667
