20184 1 0.5776640625 0.403375 0.136515625 0.5775277777777778
20184 1 0.1619375 0.27161111111111114 0.0319375 0.14261111111111113
20184 1 0.9557187500000002 0.30616666666666664 0.0885625 0.2534444444444444
20184 1 0.6914374999999999 0.34425 0.050562499999999996 0.15505555555555556
20184 1 0.8975078125 0.31777777777777777 0.045484375 0.142
20184 1 0.4375703125 0.24288888888888888 0.040609374999999996 0.16627777777777777
20184 1 0.4616640625 0.2516805555555556 0.017484375 0.07680555555555556
20184 1 0.026109375 0.21405555555555555 0.03584375 0.14655555555555555
20184 35 0.35838281250000004 0.8699305555555554 0.23098437500000002 0.2070833333333333
20184 35 0.58896875 0.6782222222222223 0.3070625 0.16
20184 1 0.288625 0.22486111111111112 0.018875 0.06388888888888888
20184 1 0.674734375 0.24608333333333335 0.0226875 0.08727777777777779
20184 1 0.6493046874999999 0.24813888888888888 0.018046875 0.06172222222222222
20184 1 0.35388281250000003 0.670625 0.11782812499999999 0.48502777777777784
20184 35 0.8884296875000001 0.38506944444444446 0.06298437500000001 0.021861111111111112
20184 1 0.06879687500000001 0.22529166666666667 0.040281250000000005 0.1536388888888889
20184 1 0.49921875 0.225 0.9265625 0.15555555555555556
