9599 5 0.2734140625 0.6213058823529412 0.087390625 0.09065882352941176
9599 5 0.1441640625 0.5882352941176471 0.082453125 0.08047058823529413
9599 5 0.4386328125 0.6671529411764706 0.11942187500000001 0.1279529411764706
9599 5 0.45559374999999996 0.4012823529411764 0.07028124999999999 0.0284
9599 5 0.5097109375 0.37825882352941176 0.06023437499999999 0.021505882352941177
9599 3 0.8787890624999999 0.6858823529411765 0.018828125 0.017552941176470587
9599 3 0.8405078125 0.6267058823529411 0.012640624999999999 0.008329411764705882
9599 3 0.8417578125 0.6650941176470587 0.012984375000000001 0.010376470588235294
9599 3 0.8394609375 0.6347294117647059 0.017609375 0.012188235294117646
9599 3 0.8400078124999999 0.6041294117647059 0.012296875 0.011505882352941177
9599 3 0.8241093749999999 0.6112823529411765 0.0145625 0.010564705882352941
9599 3 0.8816640625 0.716729411764706 0.014546875 0.007811764705882352
9599 3 0.880265625 0.7091176470588235 0.01540625 0.010376470588235294
9599 8 0.3085078125 0.6961058823529411 0.014390625 0.020117647058823532
9599 8 0.2923984375 0.7661882352941176 0.013421875 0.017788235294117646
9599 8 0.47278125 0.8135176470588236 0.01403125 0.019458823529411765
9599 3 0.87365625 0.6482117647058824 0.016 0.009458823529411764
9599 3 0.8422109375 0.6519764705882353 0.013953125 0.0112
9599 3 0.8798671875 0.7005176470588235 0.013484375000000002 0.008376470588235294
9599 3 0.8251250000000001 0.6585764705882352 0.012718750000000001 0.007411764705882353
9599 5 0.5966328125 0.32905882352941174 0.029671874999999997 0.01830588235294118
9599 8 0.3859609375 0.698764705882353 0.021109375 0.019317647058823533
9599 8 0.35137500000000005 0.6852705882352942 0.014124999999999999 0.024094117647058825
9599 8 0.5294140625 0.7302470588235295 0.018390625 0.027317647058823526
9599 3 0.791671875 0.6770352941176471 0.012718750000000001 0.010682352941176471
9599 8 0.3353984375 0.7710235294117647 0.024828125 0.02755294117647059
9599 3 0.83671875 0.6223529411764706 0.0984375 0.12470588235294118
