7556 1 0.773359375 0.6221549295774648 0.0076875 0.015577464788732395
7556 1 0.7581875 0.6238450704225352 0.0074687500000000006 0.01619718309859155
7556 9 0.5270859375 0.5956901408450704 0.026609375 0.01132394366197183
7556 9 0.0699375 0.5443802816901409 0.0245625 0.06188732394366197
7556 9 0.9482968749999999 0.6032535211267606 0.019625 0.012704225352112675
7556 9 0.17784375000000002 0.5914366197183099 0.031625 0.011887323943661971
7556 9 0.37057031250000005 0.599830985915493 0.025265625000000003 0.01904225352112676
7556 9 0.7775546875000001 0.6353380281690141 0.032546874999999996 0.01856338028169014
7556 9 0.49791406250000003 0.5921830985915493 0.023390625 0.0183943661971831
7556 38 0.9534999999999998 0.49777464788732395 0.01190625 0.035887323943661974
7556 38 0.8139062499999999 0.46114084507042247 0.01690625 0.05783098591549296
7556 38 0.754921875 0.5197464788732394 0.027218750000000003 0.07864788732394366
7556 38 0.9693671875 0.4481549295774648 0.023484375 0.06352112676056339
7556 38 0.7128125 0.5022957746478873 0.01775 0.050845070422535214
7556 38 0.49575 0.49704225352112674 0.0120625 0.038028169014084505
7556 38 0.6238671874999999 0.5075774647887323 0.009390625 0.04946478873239436
7556 38 0.7304453125 0.40816901408450706 0.035578125 0.08585915492957746
7556 38 0.5426171875 0.5002676056338028 0.017984375 0.047183098591549295
7556 38 0.1720703125 0.49815492957746477 0.013828125 0.04954929577464789
7556 38 0.4918046875 0.35401408450704225 0.016984375 0.06425352112676055
7556 38 0.2057890625 0.4410281690140845 0.016140625 0.05529577464788732
7556 38 0.27103125 0.5148591549295775 0.016125 0.06346478873239438
7556 9 0.22994531250000003 0.5975633802816901 0.024953125 0.01467605633802817
7556 9 0.803984375 0.612605633802817 0.024531249999999998 0.011183098591549296
7556 1 0.7891640625 0.6085774647887323 0.008421874999999999 0.012704225352112675
7556 38 0.521875 0.4563380281690141 0.915625 0.23661971830985915
