27871 19 0.17484848484848484 0.6010781250000001 0.2791142191142191 0.273125
27871 19 0.7531585081585082 0.644765625 0.4917249417249417 0.41603124999999996
27871 19 0.3897086247086247 0.581609375 0.20944055944055942 0.3235
27871 1 0.8431585081585082 0.527828125 0.31368298368298364 0.2536875
27871 1 0.5668298368298369 0.4529375 0.14256410256410257 0.089
27871 1 0.37275058275058276 0.5095234375000001 0.24694638694638693 0.278828125
27871 1 0.18597902097902097 0.50925 0.16384615384615386 0.24293749999999997
27871 1 0.9740792540792541 0.516421875 0.046806526806526805 0.034687499999999996
27871 37 0.3579137529137529 0.7321796875 0.055221445221445224 0.037953125
27871 1 0.9437412587412588 0.5193046875 0.014195804195804195 0.023546875000000002
27871 19 0.5691142191142191 0.6157187499999999 0.32601398601398607 0.3165
27871 1 0.9181351981351982 0.5105078125 0.022237762237762235 0.018671874999999998
27871 1 0.033752913752913755 0.5074453125 0.022377622377622378 0.022265625
