3382 32 0.6925312499999999 0.7282948717948717 0.17721875 0.5434102564102564
3382 32 0.3498671875 0.4803717948717949 0.025171875 0.14002564102564102
3382 32 0.44906250000000003 0.6089743589743589 0.07906250000000001 0.3617435897435898
3382 1 0.323171875 0.4895128205128205 0.18075000000000002 0.6247179487179487
3382 1 0.44224218750000005 0.49492307692307697 0.24348437500000003 0.7787692307692309
3382 1 0.7220234375000001 0.49776923076923074 0.555953125 0.8789230769230768
3382 1 0.8774765625000001 0.4008589743589744 0.177921875 0.5241282051282051
3382 1 0.20908593749999999 0.42606410256410254 0.22557812500000002 0.297974358974359
3382 1 0.7795546874999999 0.3499358974358974 0.063578125 0.10479487179487179
3382 62 0.24749218750000002 0.6152051282051282 0.139828125 0.18620512820512822
3382 73 0.139234375 0.6163846153846153 0.142125 0.26379487179487177
3382 76 0.2456484375 0.8267948717948718 0.066828125 0.04748717948717949
