15957 18 0.5883984375000001 0.7709367681498829 0.30929687499999997 0.3079156908665105
15957 1 0.2253984375 0.4898594847775176 0.09917187499999999 0.628384074941452
15957 1 0.4649453125 0.5158782201405152 0.255234375 0.8210304449648712
15957 1 0.0901015625 0.5129508196721311 0.10498437499999999 0.4062763466042154
15957 1 0.14611718749999997 0.4046370023419203 0.070390625 0.3124590163934426
15957 1 0.034640625 0.43058548009367686 0.060250000000000005 0.3566744730679157
15957 1 0.892828125 0.4921428571428571 0.1184375 0.45843091334894615
15957 1 0.7430703125 0.3122833723653396 0.060046875 0.17370023419203748
15957 1 0.535296875 0.44477751756440287 0.04121875 0.35264637002341925
15957 1 0.61221875 0.43058548009367686 0.1400625 0.4108196721311475
15957 31 0.9279765624999999 0.5846135831381732 0.059421875 0.1561592505854801
15957 31 0.264421875 0.4110421545667447 0.01934375 0.07206088992974238
15957 33 0.12921875 0.6604918032786886 0.16046875 0.21639344262295082
15957 1 0.768390625 0.4910070257611241 0.1304375 0.5281030444964872
15957 31 0.7138515624999999 0.43181498829039816 0.061203125000000004 0.15950819672131147
15957 31 0.751953125 0.5933372365339579 0.06146875 0.12901639344262295
15957 31 0.8159765625000001 0.4003747072599531 0.047015625 0.1513817330210773
