10540 3 0.556703125 0.6110729166666666 0.179375 0.08147916666666667
10540 3 0.627015625 0.6070729166666666 0.08440625 0.0831875
10540 8 0.9077578124999999 0.5867395833333333 0.18448437499999998 0.09939583333333334
10540 8 0.26814843749999995 0.5720937500000001 0.038890625 0.06835416666666667
10540 10 0.1382109375 0.29446875 0.024203125 0.06652083333333333
10540 10 0.4821328125 0.40668750000000004 0.020921875 0.07912499999999999
10540 10 0.5371953125 0.35634374999999996 0.022640625 0.0723125
10540 10 0.5325859374999999 0.1505625 0.030328125 0.094375
10540 3 0.324171875 0.59875 0.011375 0.012583333333333334
10540 10 0.42728124999999995 0.4565416666666667 0.015062500000000001 0.05620833333333333
10540 10 0.5666875 0.4423333333333333 0.04503125 0.07529166666666667
