4065 62 0.547921875 0.5886875 0.12050000000000001 0.25804166666666667
4065 62 0.9534609375 0.48032291666666665 0.08757812499999999 0.10885416666666667
4065 67 0.4997187500000001 0.8224687500000001 0.9926875000000001 0.3281041666666667
4065 1 0.7752812499999999 0.5123541666666667 0.35731250000000003 0.8045000000000001
4065 46 0.35998437499999997 0.7914583333333334 0.36040625 0.389
4065 48 0.37955468750000004 0.92959375 0.17835937500000001 0.1238125
4065 48 0.10402343750000001 0.9656041666666667 0.035578125 0.03870833333333333
4065 48 0.67228125 0.90678125 0.10793749999999999 0.11435416666666667
4065 49 0.84375 0.92865625 0.09293749999999999 0.1426875
4065 49 0.32265625 0.8603125000000001 0.1056875 0.07045833333333333
4065 1 0.253109375 0.4629479166666667 0.347125 0.6130208333333333
4065 47 0.11760937499999999 0.7078854166666666 0.15334375 0.2922708333333333
4065 50 0.2042421875 0.9608333333333333 0.077765625 0.07833333333333334
4065 62 0.43359375 0.6129895833333333 0.046218749999999996 0.1203125
4065 62 0.0682578125 0.5606770833333333 0.136515625 0.21347916666666666
4065 62 0.9513984375 0.7325833333333333 0.08932812500000001 0.37304166666666666
4065 67 0.9543828125000001 0.6566979166666668 0.091234375 0.26368749999999996
4065 1 0.9529765625 0.39965625 0.094046875 0.12422916666666667
4065 50 0.3669375 0.9641458333333333 0.18184375 0.07170833333333333
