18940 50 0.8806979166666667 0.46211718749999997 0.23860416666666667 0.252953125
18940 51 0.5 0.5839531250000001 1.0 0.7845625
18940 56 0.6863124999999999 0.7457109375 0.297 0.233984375
18940 56 0.32940625 0.73059375 0.48314583333333333 0.23293750000000002
18940 56 0.6441041666666667 0.5761328125 0.2934583333333334 0.263453125
18940 56 0.8529895833333333 0.4318359375 0.29110416666666666 0.12823437499999998
18940 56 0.8569270833333335 0.6580546875000001 0.2816458333333333 0.24270312500000002
18940 56 0.7220937499999999 0.34607031250000003 0.17377083333333332 0.130328125
18940 57 0.38075 0.418625 0.12075 0.05065625
18940 57 0.46629166666666666 0.43071093749999995 0.07779166666666668 0.065796875
18940 57 0.6689583333333332 0.3026875 0.04591666666666667 0.031
