28002 1 0.9231300000000001 0.8447066666666668 0.019379999999999998 0.035546666666666664
28002 1 0.85769 0.8546666666666667 0.02078 0.04293333333333334
28002 1 0.9097999999999999 0.8422933333333333 0.010320000000000001 0.024853333333333335
28002 1 0.89636 0.8552266666666668 0.017920000000000002 0.04661333333333333
28002 28 0.87252 0.7838666666666666 0.16336 0.04138666666666667
28002 28 0.95524 0.7669066666666666 0.08672 0.037066666666666664
28002 9 0.5624 0.9745066666666666 0.26464 0.050986666666666666
28002 1 0.9474199999999999 0.8441333333333332 0.017839999999999998 0.0408
28002 1 0.9738199999999999 0.8311866666666666 0.0316 0.06269333333333334
28002 1 0.76662 0.8632933333333332 0.01884 0.022160000000000003
28002 28 0.7333200000000001 0.8293200000000001 0.06692000000000001 0.03592
28002 28 0.79753 0.8190266666666667 0.06822 0.036026666666666665
28002 1 0.72697 0.8779333333333333 0.01598 0.03426666666666667
28002 1 0.99053 0.8211866666666666 0.018940000000000002 0.05858666666666666
28002 1 0.79349 0.8688933333333333 0.01702 0.0468
28002 1 0.8385900000000001 0.8576266666666666 0.01614 0.034613333333333336
28002 1 0.82281 0.8598266666666666 0.00666 0.017253333333333332
28002 62 0.90603 0.8607733333333334 0.01806 0.03184
28002 1 0.861 0.8106666666666666 0.274 0.192
