46101 32 0.6186796875 0.19622916666666665 0.006984374999999999 0.019625
46101 32 0.3317890625 0.18636458333333333 0.0054531250000000005 0.024729166666666667
46101 62 0.9391484374999999 0.7365208333333334 0.047328125 0.09608333333333333
46101 62 0.9902578125 0.7344791666666666 0.019484375 0.10112499999999999
46101 62 0.77534375 0.19322916666666667 0.02325 0.03754166666666667
46101 1 0.5781796875 0.48384375 0.061640625000000004 0.16568750000000002
46101 1 0.15516406249999998 0.36221875000000003 0.033609375000000004 0.16964583333333336
46101 1 0.37679687500000003 0.19410416666666666 0.02734375 0.050708333333333334
46101 1 0.4025625 0.19584375 0.02609375 0.044187500000000005
46101 1 0.4201171875 0.17280208333333333 0.039515625 0.0558125
46101 1 0.6655703125 0.17926041666666667 0.027046874999999998 0.06722916666666667
46101 1 0.304390625 0.19634375 0.02346875 0.040937499999999995
46101 1 0.8608828124999999 0.19434374999999998 0.042734375000000005 0.1120625
46101 1 0.768234375 0.17836458333333333 0.06071875 0.0698125
46101 43 0.1793203125 0.36941666666666667 0.030921874999999998 0.030500000000000003
46101 43 0.5603125 0.5206458333333334 0.01971875 0.06525
46101 1 0.74628125 0.16623958333333333 0.03725 0.09706250000000001
46101 1 0.7480625 0.10798958333333333 0.025281249999999998 0.04897916666666667
46101 62 0.174984375 0.1430104166666667 0.019875 0.018270833333333333
46101 62 0.15003125 0.13977083333333334 0.02359375 0.029500000000000002
46101 62 0.1575390625 0.1755 0.021671875 0.018375
46101 62 0.565171875 0.08665625 0.021562500000000002 0.04589583333333334
46101 1 0.8171875 0.19925 0.030343750000000003 0.10591666666666667
46101 44 0.9392421875 0.7570937499999999 0.010921875000000001 0.03189583333333333
46101 62 0.9109375 0.09119791666666667 0.0214375 0.025979166666666668
46101 62 0.181375 0.17467708333333334 0.022468750000000003 0.0190625
46101 1 0.296296875 0.9696874999999999 0.052593749999999995 0.060625000000000005
46101 27 0.89428125 0.7667187500000001 0.034999999999999996 0.044187500000000005
46101 1 0.49921875 0.49895833333333334 0.9984375 0.9979166666666667
