14807 62 0.9405841121495327 0.4733359375 0.11883177570093457 0.052078124999999996
14807 62 0.9702803738317758 0.2605234375 0.0594392523364486 0.076265625
14807 62 0.27438084112149536 0.12264062500000002 0.11147196261682243 0.05834375000000001
14807 62 0.1601285046728972 0.1254375 0.11754672897196262 0.062
14807 43 0.6186799065420561 0.5712421875 0.2975 0.094296875
14807 1 0.41769859813084115 0.595140625 0.259088785046729 0.52990625
14807 1 0.8723247663551401 0.3948671875 0.14614485981308412 0.19132812500000002
14807 1 0.9733644859813083 0.3759765625 0.05327102803738318 0.152890625
14807 1 0.47632009345794396 0.314921875 0.11450934579439252 0.09296875
14807 1 0.6894509345794393 0.280234375 0.13488317757009344 0.1193125
14807 1 0.6025467289719626 0.3776171875 0.14757009345794392 0.215671875
14807 1 0.31239485981308407 0.284671875 0.12352803738317757 0.1251875
14807 1 0.17192757009345794 0.26060937500000003 0.11983644859813083 0.08521875
14807 1 0.7108294392523364 0.38405468750000005 0.18782710280373832 0.20164062500000002
14807 1 0.6796028037383177 0.15231250000000002 0.13135514018691588 0.14750000000000002
14807 1 0.5980257009345794 0.2240859375 0.15922897196261684 0.144703125
14807 1 0.2365303738317757 0.220921875 0.13595794392523364 0.16721875
14807 62 0.8094158878504673 0.4725546875 0.14079439252336448 0.054640625
14807 62 0.6677920560747663 0.471109375 0.1319392523364486 0.0543125
14807 62 0.8863668224299066 0.26165625000000003 0.10922897196261683 0.08378125
14807 62 0.0928621495327103 0.467890625 0.09544392523364487 0.042562499999999996
14807 62 0.5323714953271028 0.3103515625 0.0794626168224299 0.040703125
14807 62 0.9495327102803738 0.31799999999999995 0.09588785046728972 0.05103124999999999
14807 62 0.4007009345794392 0.31009375 0.07107476635514019 0.039718750000000004
14807 1 0.9291822429906543 0.1711953125 0.12514018691588785 0.16795312499999998
14807 1 0.5 0.22734375 0.9953271028037384 0.4546875
