25907 18 0.31576 0.8001773049645391 0.32172 0.3722222222222222
25907 44 0.72425 0.08723404255319149 0.01874 0.07063829787234042
25907 44 0.68613 0.0873758865248227 0.02094 0.07295508274231678
25907 44 0.64438 0.09670212765957448 0.018 0.05940898345153664
25907 44 0.60452 0.08804964539007093 0.02036 0.07505910165484633
25907 44 0.5656899999999999 0.08192671394799055 0.02282 0.07307328605200945
25907 44 0.77953 0.09367612293144208 0.0165 0.053215130023640665
25907 44 0.8319 0.07523640661938533 0.01896 0.0708983451536643
25907 44 0.7395700000000001 0.08464539007092199 0.01274 0.07898345153664302
25907 44 0.79688 0.09617021276595744 0.01732 0.050874704491725764
25907 44 0.8156 0.09404255319148937 0.02076 0.051962174940898345
25907 44 0.7629000000000001 0.09638297872340426 0.015880000000000002 0.05484633569739952
25907 44 0.70577 0.08617021276595746 0.01758 0.07130023640661938
25907 1 0.54277 0.33033096926713945 0.47338 0.6382033096926714
25907 44 0.62677 0.08204491725768322 0.02166 0.08602836879432624
25907 72 0.24004000000000003 0.13205673758865247 0.12928 0.13527186761229315
25907 79 0.53041 0.6033687943262411 0.23574 0.22697399527186762
25907 44 0.584 0.2364066193853428 0.66 0.4728132387706856
