37429 1 0.7052343750000001 0.65315625 0.44425 0.6734375
37429 1 0.2894296875 0.5572604166666667 0.511734375 0.8635208333333334
37429 46 0.3589921875 0.8101145833333334 0.091015625 0.19102083333333333
37429 46 0.633453125 0.8219166666666666 0.09340625 0.17616666666666667
37429 46 0.9073359375000001 0.68996875 0.029921874999999997 0.11014583333333333
37429 67 0.942359375 0.8418020833333333 0.11290625000000001 0.3163958333333333
37429 46 0.9701328124999999 0.6558437500000001 0.038953125 0.10647916666666667
37429 46 0.89290625 0.7170520833333334 0.044875 0.1129375
37429 46 0.9317031250000001 0.7048229166666666 0.029187499999999998 0.10293749999999999
37429 46 0.9348203125000001 0.6269166666666667 0.030765625 0.06041666666666667
37429 1 0.5274140625 0.48930208333333336 0.111890625 0.2023125
