7642 28 0.579390625 0.52590625 0.63175 0.27927083333333336
7642 1 0.4586015625 0.8133854166666666 0.24126562499999998 0.37322916666666667
7642 1 0.9066171875 0.81415625 0.12045312500000001 0.1541875
7642 1 0.154828125 0.7738541666666666 0.28240625 0.45229166666666665
7642 1 0.604625 0.8481458333333334 0.23518750000000002 0.269125
7642 1 0.32792187500000003 0.7058958333333333 0.19946875 0.427875
7642 1 0.7333046875 0.8123124999999999 0.24089062499999997 0.37375
7642 1 0.25370312500000003 0.7449270833333334 0.18146875 0.4691458333333333
7642 1 0.080234375 0.7554583333333333 0.15812500000000002 0.48175
7642 1 0.43075 0.6232291666666666 0.09328125000000001 0.11645833333333333
7642 1 0.225 0.49665625 0.06887499999999999 0.0619375
7642 1 0.9260859375000001 0.8916666666666667 0.144359375 0.21275000000000002
