1149 32 0.8359765625 0.3235245901639345 0.034546875 0.2129976580796253
1149 32 0.258578125 0.31804449648711947 0.0388125 0.18765807962529274
1149 32 0.6351796875 0.3293911007025761 0.038140625 0.20196721311475407
1149 1 0.5345 0.4370725995316159 0.16940625 0.7842622950819672
1149 1 0.83890625 0.4381498829039812 0.10378125 0.6786416861826697
1149 1 0.682421875 0.471440281030445 0.15103125 0.7159953161592506
1149 1 0.9272187500000001 0.46192037470726 0.14325000000000002 0.781311475409836
1149 1 0.25328125 0.3009484777517564 0.177125 0.386112412177986
1149 1 0.7820625 0.3604449648711944 0.06115625 0.3729742388758782
1149 1 0.7236484375 0.24086651053864166 0.094109375 0.22899297423887588
1149 1 0.45395312499999996 0.3509367681498829 0.1368125 0.5683840749414519
1149 1 0.21056249999999999 0.1781381733021077 0.04096875 0.05594847775175644
1149 1 0.0823828125 0.297096018735363 0.034953125 0.1252927400468384
1149 32 0.10599218749999999 0.26914519906323187 0.006171875 0.0402576112412178
1149 77 0.26556250000000003 0.3203161592505855 0.01753125 0.032388758782201404
1149 1 0.106171875 0.29240046838407496 0.0371875 0.13304449648711944
1149 1 0.7293203125 0.1998126463700234 0.024953125 0.029086651053864168
1149 77 0.6312265625 0.4189929742388759 0.017609375 0.035737704918032784
