43704 19 0.511828125 0.64193359375 0.48343749999999996 0.6473046875
43704 1 0.242078125 0.354716796875 0.10096875000000001 0.12998046875
43704 1 0.66534375 0.28054687500000003 0.11775 0.1365625
43704 1 0.92225 0.391005859375 0.14021875 0.27865234375
43704 1 0.3564453125 0.28630859375 0.096953125 0.115078125
43704 1 0.48599999999999993 0.2581640625 0.17862499999999998 0.423671875
43704 1 0.9268046875 0.3000390625 0.130953125 0.19453125
43704 1 0.055828125000000006 0.22185546875 0.07609375 0.1310546875
43704 1 0.150109375 0.35505859375 0.10965625000000001 0.143828125
43704 1 0.687390625 0.347978515625 0.08828125 0.13513671875
43704 1 0.24603125 0.22515625 0.09540625 0.1275390625
43704 1 0.13939062500000002 0.279970703125 0.131125 0.13626953125
43704 1 0.038054687499999997 0.27705078125 0.07535937499999999 0.1419140625
43704 1 0.6161171875000001 0.19966796875 0.080953125 0.154140625
43704 1 0.5 0.216796875 0.996875 0.43359375
