21276 77 0.6461066666666666 0.25672999999999996 0.011359999999999999 0.01762
21276 1 0.4429466666666667 0.51014 0.8078133333333334 0.97972
21276 1 0.8314666666666667 0.5955 0.3205866666666667 0.77304
21276 1 0.6599066666666666 0.30349 0.21282666666666666 0.19741999999999998
21276 1 0.09810666666666666 0.6150800000000001 0.19621333333333332 0.67096
21276 75 0.70652 0.7743399999999999 0.1829066666666667 0.20012
21276 1 0.06530666666666667 0.35235 0.13061333333333333 0.1671
21276 27 0.8163733333333334 0.42628 0.20757333333333333 0.12132
21276 75 0.9720933333333334 0.5355500000000001 0.04989333333333334 0.023219999999999998
21276 1 0.18244000000000002 0.35737 0.14173333333333332 0.13182
21276 1 0.27198666666666665 0.33012 0.05266666666666667 0.08488
21276 1 0.216 0.28434 0.06922666666666667 0.04912
21276 75 0.9589200000000001 0.57933 0.06226666666666667 0.02526
21276 1 0.30302666666666667 0.34035 0.09048 0.0633
21276 1 0.9551733333333333 0.54914 0.08965333333333332 0.6282000000000001
