44054 44 0.122234375 0.47574999999999995 0.01859375 0.07175
44054 77 0.3302890625 0.8482395833333334 0.067765625 0.04839583333333333
44054 62 0.0870859375 0.6545 0.073015625 0.2846666666666666
44054 73 0.7680312499999999 0.5467083333333334 0.0566875 0.08108333333333334
44054 31 0.3988125 0.7459270833333334 0.09384375 0.14760416666666665
44054 1 0.137046875 0.31943750000000004 0.0963125 0.3251666666666667
44054 1 0.9421328125 0.41167708333333336 0.09439062499999999 0.1460625
44054 1 0.3341015625 0.41902083333333334 0.105640625 0.5025833333333334
44054 1 0.4370234375 0.35396875 0.091453125 0.3108541666666667
44054 1 0.6557734375 0.475 0.11470312499999999 0.19941666666666666
44054 1 0.7007265625 0.3352395833333333 0.169390625 0.3309375
44054 1 0.8926953124999999 0.6277083333333333 0.214609375 0.3617916666666667
44054 1 0.66496875 0.93321875 0.1305 0.1335625
44054 1 0.8274609374999999 0.29362499999999997 0.09098437499999999 0.19841666666666666
44054 1 0.833421875 0.5348333333333334 0.15337499999999998 0.26516666666666666
44054 1 0.231015625 0.42166666666666663 0.10221875 0.47912499999999997
44054 27 0.18001562499999998 0.6693333333333332 0.0523125 0.114125
44054 44 0.989296875 0.7582395833333334 0.021406249999999998 0.1074375
44054 47 0.5629921875 0.7678124999999999 0.043609375 0.074875
44054 77 0.847140625 0.5439791666666667 0.0605625 0.036000000000000004
44054 1 0.489671875 0.5797812499999999 0.23596875 0.41810416666666667
44054 1 0.099390625 0.40732291666666665 0.15078125 0.20964583333333334
44054 62 0.621375 0.6244166666666666 0.057625 0.09770833333333333
44054 1 0.43359375 0.58125 0.8671875 0.8333333333333334
