9095 44 0.2714140625 0.8024859550561798 0.056140625 0.21766853932584268
9095 44 0.1016796875 0.7345505617977528 0.203359375 0.27741573033707867
9095 67 0.5006640625000001 0.6868539325842696 0.998671875 0.6262921348314607
9095 1 0.59375 0.2247191011235955 0.265 0.449438202247191
9095 1 0.29641406249999996 0.22939606741573035 0.290109375 0.4587921348314607
9095 1 0.898125 0.2696629213483146 0.19875 0.5348314606741573
9095 46 0.41517968750000006 0.5314747191011235 0.040234375 0.11362359550561799
9095 47 0.330625 0.8617977528089888 0.07375000000000001 0.17303370786516856
9095 47 0.91271875 0.756811797752809 0.1255 0.21452247191011237
9095 48 0.397296875 0.9677668539325843 0.0470625 0.06418539325842697
9095 49 0.661875 0.8033707865168539 0.20625 0.23595505617977527
9095 1 0.08062499999999999 0.6539325842696629 0.15875 0.24719101123595505
9095 48 0.7765859374999999 0.4932724719101123 0.025828125 0.12132022471910112
9095 48 0.477046875 0.45662921348314606 0.02553125 0.11365168539325843
9095 48 0.070359375 0.8927106741573034 0.11200000000000002 0.054185393258426966
9095 51 0.3020546875 0.6228370786516854 0.183015625 0.3246067415730337
9095 51 0.48064062500000004 0.8625280898876404 0.1871875 0.2749438202247191
9095 51 0.5001875 0.6253370786516854 0.19340625 0.2451685393258427
9095 51 0.1865703125 0.457191011235955 0.082171875 0.12814606741573034
9095 47 0.19575 0.7542415730337079 0.0626875 0.12286516853932584
9095 47 0.5836718750000001 0.9168960674157304 0.049375 0.07682584269662922
9095 47 0.41489062499999996 0.5292696629213482 0.04009375 0.11044943820224719
9095 47 0.6793984375 0.4133848314606741 0.062828125 0.16014044943820224
9095 50 0.568359375 0.6454213483146067 0.06640625 0.09662921348314607
9095 48 0.184203125 0.4449578651685393 0.09165625 0.09637640449438203
9095 48 0.7286484375 0.5546067415730337 0.15142187499999998 0.1449438202247191
9095 48 0.7255234375 0.6060814606741572 0.196421875 0.11306179775280899
