42683 3 0.5679084967320261 0.32252450980392156 0.019934640522875816 0.010343137254901961
42683 3 0.5475081699346405 0.33761437908496733 0.02772875816993464 0.012875816993464052
42683 3 0.604640522875817 0.3481944444444444 0.03290849673202614 0.01645424836601307
42683 3 0.6029493464052288 0.33001633986928103 0.026258169934640523 0.014019607843137254
42683 7 0.12472222222222222 0.3780882352941176 0.21797385620915033 0.1123529411764706
42683 7 0.22495098039215689 0.35986928104575167 0.33598039215686276 0.1269934640522876
42683 1 0.1662908496732026 0.7591748366013072 0.3325816993464052 0.4494281045751634
42683 58 0.5622957516339869 0.5661029411764705 0.1329575163398693 0.24619281045751631
42683 3 0.5101388888888888 0.3298692810457517 0.026356209150326795 0.014869281045751633
42683 7 0.9098774509803922 0.5296241830065359 0.18024509803921568 0.1111111111111111
42683 7 0.838186274509804 0.7013398692810457 0.1269281045751634 0.10493464052287582
42683 7 0.4077124183006536 0.385 0.09254901960784313 0.04176470588235294
42683 7 0.9229656862745098 0.6797140522875817 0.13187908496732026 0.13374183006535947
42683 9 0.6535702614379085 0.2412173202614379 0.20066993464052288 0.029787581699346408
42683 9 0.7939950980392158 0.25373366013071896 0.02207516339869281 0.016552287581699347
42683 3 0.6762418300653595 0.33977124183006535 0.035130718954248366 0.019281045751633988
42683 3 0.657328431372549 0.3385294117647059 0.02553921568627451 0.013856209150326797
42683 3 0.2757924836601307 0.3068300653594771 0.020473856209150324 0.013104575163398692
42683 3 0.4641339869281046 0.31895424836601305 0.03281045751633987 0.020228758169934642
42683 3 0.6358660130718955 0.3331944444444444 0.022581699346405228 0.013415032679738563
42683 3 0.5332107843137255 0.3319035947712418 0.04155228758169935 0.019133986928104578
42683 3 0.31098039215686274 0.2745343137254902 0.03117647058823529 0.008447712418300654
42683 3 0.3672875816993464 0.2717483660130719 0.03320261437908497 0.01241830065359477
42683 6 0.09949346405228758 0.26599673202614377 0.06493464052287581 0.03415032679738562
42683 7 0.19480392156862744 0.31558006535947714 0.38441176470588234 0.10648692810457516
