722 3 0.4855703125 0.5932713347921226 0.179171875 0.09301969365426696
722 3 0.228828125 0.531487964989059 0.10421875 0.06415754923413566
722 3 0.035976562499999996 0.5077571115973741 0.07195312499999999 0.07210065645514224
722 1 0.6658125 0.5945951859956237 0.03215625 0.1463894967177243
722 1 0.1714296875 0.6959080962800874 0.092390625 0.3024070021881838
722 1 0.3074296875 0.7030415754923414 0.100578125 0.2884901531728665
722 1 0.7045234375 0.5975929978118163 0.038421875 0.1359737417943107
722 1 0.729890625 0.5993873085339169 0.02409375 0.1164113785557987
722 1 0.759671875 0.5995514223194749 0.0306875 0.11949671772428884
722 1 0.9132734375 0.6070568927789934 0.024328125 0.10347921225382932
722 1 0.6306171875 0.5963566739606128 0.034234375 0.12711159737417943
722 1 0.7667109375 0.5816301969365427 0.024953125 0.10680525164113785
722 38 0.197140625 0.009234135667396061 0.09228125000000001 0.018468271334792122
722 38 0.9301171874999999 0.15764770240700218 0.139765625 0.23056892778993437
722 38 0.9593359375 0.5225929978118161 0.081328125 0.23582056892778994
722 38 0.5404453124999999 0.3410284463894967 0.590015625 0.22818380743982494
722 1 0.4015234375 0.5394748358862145 0.019828125 0.04109409190371992
722 1 0.0454765625 0.33721006564551426 0.016703125 0.06667396061269146
722 1 0.23512499999999997 0.327800875273523 0.01584375 0.05945295404814005
722 3 0.462296875 0.5667067833698031 0.17046875 0.08842450765864332
722 3 0.339875 0.556039387308534 0.07690625 0.04835886214442013
722 1 0.61953125 0.6371006564551421 0.041999999999999996 0.05722100656455142
722 3 0.3713203125 0.5863457330415754 0.028328125 0.04306345733041576
722 27 0.7053359375 0.5714442013129104 0.020234375 0.042975929978118166
722 27 0.6243828125 0.5699781181619257 0.017578125 0.03956236323851203
722 1 0.51640625 0.5339168490153173 0.8484375 0.25820568927789933
