42492 64 0.199046875 0.42890625 0.04628125 0.053187500000000006
42492 67 0.21617187499999999 0.4482291666666667 0.09353125 0.054125
42492 1 0.3188359375 0.3554895833333333 0.14810937500000002 0.2712291666666667
42492 77 0.3236328125 0.29031250000000003 0.009890625 0.028083333333333335
42492 79 0.45151562500000003 0.5567708333333333 0.24584375 0.079625
42492 79 0.598484375 0.4196354166666667 0.0841875 0.2721041666666667
42492 62 0.148890625 0.537125 0.12809375 0.2617083333333333
42492 62 0.23277343749999999 0.43380208333333337 0.050078124999999994 0.10956250000000001
42492 62 0.1211484375 0.40425 0.051671875 0.04429166666666667
42492 47 0.5408984375 0.6145833333333334 0.026546874999999998 0.056416666666666664
42492 67 0.19938281249999998 0.5393333333333333 0.122046875 0.20104166666666667
42492 47 0.5025781250000001 0.5989479166666667 0.027125 0.05164583333333333
42492 78 0.21885156249999999 0.28197916666666667 0.089109375 0.08345833333333334
