44788 1 0.9522890624999999 0.3940624999999999 0.095421875 0.5699583333333333
44788 1 0.8763828124999999 0.28569791666666666 0.060390624999999996 0.20089583333333336
44788 1 0.8226093750000001 0.3177291666666667 0.05096874999999999 0.208375
44788 27 0.463484375 0.7887604166666667 0.22246875 0.17527083333333332
44788 33 0.5870078125 0.6477291666666666 0.193890625 0.426125
44788 33 0.184421875 0.7777395833333334 0.2880625 0.3231875
44788 33 0.19015624999999997 0.5198020833333333 0.11365624999999999 0.2063958333333333
44788 33 0.2390546875 0.5028958333333333 0.078921875 0.1892083333333333
44788 33 0.0542265625 0.5763854166666665 0.108453125 0.2725208333333333
44788 33 0.519140625 0.45137499999999997 0.102375 0.16254166666666667
44788 33 0.39268749999999997 0.3533854166666667 0.08499999999999999 0.07589583333333333
44788 33 0.309015625 0.45210416666666664 0.12325 0.2670416666666667
44788 33 0.0933984375 0.4586770833333333 0.050484375000000005 0.06302083333333333
44788 33 0.48792187499999995 0.9202291666666668 0.42978125 0.12808333333333333
44788 33 0.3564453125 0.5088645833333333 0.114453125 0.22497916666666665
44788 33 0.6639921875000001 0.4291770833333333 0.06792187499999999 0.1129375
44788 1 0.34045312499999997 0.29152083333333334 0.03871875 0.16133333333333333
44788 1 0.9896640624999999 0.5259583333333333 0.018921874999999998 0.18133333333333335
44788 33 0.1276015625 0.60259375 0.165578125 0.16622916666666668
44788 33 0.46015625 0.5958333333333333 0.9171875 0.8041666666666667
