13991 50 0.25393750000000004 0.234828125 0.503375 0.22246875
13991 56 0.49528124999999995 0.714734375 0.16978125 0.1589375
13991 56 0.5259375000000001 0.49174218750000004 0.25 0.186328125
13991 56 0.38 0.6588203125 0.19528125000000002 0.122359375
13991 56 0.5172187500000001 0.31915625 0.09525 0.1034375
13991 56 0.3811015625 0.317015625 0.191890625 0.09325
13991 51 0.5 0.513109375 1.0 0.79334375
13991 56 0.1960078125 0.59740625 0.23742187499999998 0.18428125
13991 56 0.7451875 0.3794140625 0.18059375 0.133015625
13991 56 0.7051640625 0.6776718749999999 0.127609375 0.09334375
13991 56 0.6026640625 0.3365234375 0.09814062500000001 0.083734375
13991 56 0.886859375 0.7247656250000001 0.12068749999999999 0.11187499999999999
13991 79 0.5 0.5 1.0 1.0
