28885 1 0.5404125000000001 0.8074100000000001 0.170075 0.38518
28885 1 0.2612375 0.7936599999999999 0.16852499999999998 0.37704000000000004
28885 1 0.08530000000000001 0.81118 0.15380000000000002 0.35572000000000004
28885 1 0.815025 0.65879 0.35755000000000003 0.65766
28885 31 0.12578750000000002 0.8192 0.071125 0.14568
28885 1 0.8089250000000001 0.6099199999999999 0.08800000000000001 0.09876
28885 25 0.0410375 0.54852 0.059974999999999994 0.10112
28885 25 0.5345875 0.52924 0.214075 0.19191999999999998
28885 31 0.529425 0.80565 0.13515 0.18730000000000002
28885 28 0.0523625 0.21261000000000002 0.104725 0.14022
28885 31 0.2157375 0.7461 0.019125 0.05176
28885 31 0.25315 0.75267 0.04995 0.039979999999999995
