17590 28 0.6746796875000001 0.12809133489461358 0.23689062500000002 0.19327868852459015
17590 28 0.11394531249999999 0.6816510538641686 0.158921875 0.15955503512880562
17590 28 0.400546875 0.7912529274004684 0.16640625 0.0743559718969555
17590 1 0.345609375 0.6103512880562061 0.19234374999999998 0.7387353629976581
17590 1 0.5424140625 0.570983606557377 0.295359375 0.7027634660421546
17590 1 0.631515625 0.6115690866510538 0.14025 0.5956908665105387
17590 1 0.7264140625 0.5835831381733021 0.23539062500000002 0.6427166276346604
17590 1 0.8186015624999999 0.5512997658079626 0.088953125 0.5944028103044496
17590 27 0.507453125 0.486288056206089 0.10981250000000001 0.24339578454332556
17590 27 0.75528125 0.45398126463700234 0.0678125 0.14627634660421546
17590 31 0.66825 0.5360889929742388 0.07028124999999999 0.28627634660421547
17590 27 0.8116015625000002 0.453559718969555 0.054109375 0.18032786885245902
17590 28 0.23365624999999998 0.6127400468384074 0.131125 0.3088524590163934
17590 1 0.8000624999999999 0.5804918032786885 0.10609375000000001 0.6054332552693208
17590 31 0.7265703125 0.5697189695550352 0.07585937499999999 0.09030444964871195
