23779 1 0.4845703125 0.39479166666666665 0.042078125 0.2152916666666667
23779 1 0.3474609375 0.5340625 0.19829687499999998 0.6176666666666667
23779 1 0.5655078125 0.3296041666666667 0.025703125 0.06729166666666667
23779 1 0.598 0.31967708333333333 0.01140625 0.03964583333333334
23779 1 0.7464921875 0.32205208333333335 0.007265625 0.034854166666666665
23779 43 0.4111015625 0.6196145833333333 0.170203125 0.07868750000000001
23779 43 0.5221796875 0.36215625 0.050671875 0.02822916666666667
23779 43 0.5545859375 0.33540625 0.010828125 0.012604166666666666
23779 1 0.94865625 0.32566666666666666 0.01353125 0.06579166666666666
23779 43 0.9391562500000001 0.3346666666666667 0.009218750000000001 0.013000000000000001
