19499 2 0.13768 0.7324020618556701 0.16688 0.4752783505154639
19499 2 0.24158 0.5032268041237113 0.14148 0.24727835051546393
19499 3 0.49539000000000005 0.28062886597938147 0.22246000000000002 0.2040618556701031
19499 1 0.62127 0.3053505154639175 0.08554 0.18802061855670102
19499 1 0.89766 0.2868350515463918 0.05528 0.16270103092783506
19499 1 0.20873000000000003 0.37437113402061856 0.14978 0.3129072164948453
19499 1 0.12998 0.26602061855670106 0.06916 0.11884536082474227
19499 1 0.10439 0.5581855670103093 0.19574 0.7174845360824743
19499 1 0.29602 0.2939175257731959 0.03276 0.16668041237113404
19499 1 0.01764 0.2864639175257732 0.03528 0.05997938144329897
