24081 64 0.6146796875 0.3104895833333333 0.136828125 0.11539583333333334
24081 44 0.6818515625000001 0.42654166666666665 0.016140625 0.07020833333333334
24081 62 0.4072578125 0.88171875 0.201609375 0.21506250000000002
24081 1 0.39185156250000003 0.5049375 0.362359375 0.9617916666666667
24081 77 0.1925546875 0.48821875 0.032515625 0.07602083333333334
24081 61 0.58340625 0.7281145833333333 0.15846875 0.11477083333333334
24081 80 0.8891171875000001 0.40228125 0.09717187499999999 0.06477083333333333
24081 49 0.8328671875 0.3529270833333333 0.010171875 0.030270833333333334
24081 49 0.8051328124999999 0.34675000000000006 0.016390625 0.051375
24081 49 0.82678125 0.34744791666666663 0.01340625 0.035979166666666666
24081 50 0.44309374999999995 0.561375 0.06565625 0.015208333333333332
24081 51 0.8359062500000001 0.45094791666666667 0.041499999999999995 0.025979166666666668
24081 64 0.71059375 0.3204375 0.032718750000000005 0.06570833333333333
24081 49 0.4415625 0.560625 0.059375 0.014458333333333333
24081 49 0.8144375 0.34779166666666667 0.010781250000000001 0.04116666666666667
24081 49 0.8193515625 0.35192708333333333 0.011703125 0.04777083333333333
24081 49 0.8170703125 0.38607291666666665 0.009953125 0.039562499999999994
24081 49 0.8239531250000001 0.38621875 0.0096875 0.03897916666666667
24081 49 0.8309453124999999 0.38475000000000004 0.012984375000000001 0.03745833333333334
24081 49 0.8080234374999999 0.3535520833333333 0.012984375000000001 0.04272916666666667
24081 67 0.7025937499999999 0.7889583333333333 0.5948125 0.3922083333333333
24081 47 0.6293828125 0.6349791666666668 0.029140624999999996 0.043916666666666666
