14683 19 0.741140625 0.5021458333333334 0.375 0.39483333333333337
14683 20 0.49542187500000007 0.19148958333333335 0.059281249999999994 0.06939583333333334
14683 20 0.60621875 0.193625 0.0391875 0.080875
14683 1 0.265328125 0.41671875 0.07953125 0.3056041666666667
14683 19 0.2095546875 0.5271041666666666 0.303171875 0.40170833333333333
14683 20 0.2035625 0.12301041666666666 0.059 0.043062500000000004
14683 20 0.5489843750000001 0.019385416666666665 0.02384375 0.02372916666666667
14683 20 0.1706015625 0.2743541666666667 0.086546875 0.0615
14683 20 0.4120859375 0.238125 0.055609375 0.03820833333333333
14683 20 0.5939375 0.026041666666666668 0.02953125 0.022583333333333334
14683 1 0.76471875 0.3711145833333333 0.09034375 0.3233125
