19123 64 0.8198854166666667 0.45092187499999997 0.07893750000000001 0.062125
19123 62 0.9579479166666667 0.47271874999999997 0.08410416666666666 0.079
19123 63 0.8612916666666666 0.61075 0.27741666666666664 0.22365624999999997
19123 1 0.34529166666666666 0.77690625 0.3378333333333333 0.41481250000000003
19123 1 0.6389895833333334 0.46204687499999997 0.31572916666666667 0.60365625
19123 47 0.9172499999999999 0.6983828125 0.053125 0.056671875000000003
19123 47 0.79215625 0.7488046875000001 0.06585416666666667 0.064171875
19123 44 0.3720104166666667 0.8439765625 0.06331250000000001 0.17835937500000001
19123 44 0.58375 0.3784609375 0.0365 0.10423437499999999
19123 75 0.9573229166666667 0.7021171875000001 0.033854166666666664 0.015765625
19123 75 0.8255312499999999 0.700421875 0.07072916666666668 0.0330625
19123 1 0.6416458333333334 0.765703125 0.38075 0.46859375
