42479 4 0.4192578125 0.685 0.037890625 0.11163934426229509
42479 4 0.512625 0.6369789227166277 0.01975 0.07634660421545668
42479 1 0.536 0.6015573770491803 0.04346875 0.04943793911007026
42479 1 0.6656875 0.639320843091335 0.1169375 0.28988290398126465
42479 1 0.41770312499999995 0.6510070257611241 0.056874999999999995 0.13934426229508196
42479 1 0.44391406250000004 0.6261709601873536 0.030296875 0.0918735362997658
42479 4 0.535234375 0.6479742388758782 0.038906249999999996 0.07707259953161592
42479 4 0.6581953125 0.7078688524590163 0.11395312500000002 0.3236065573770492
42479 1 0.516015625 0.5928805620608899 0.0229375 0.03320843091334894
42479 4 0.4470546875 0.6427868852459016 0.013703125 0.06716627634660421
42479 4 0.4519921875 0.6170140515222483 0.007453125 0.012482435597189695
42479 4 0.46224218749999996 0.6325175644028104 0.017078125 0.04086651053864168
