21740 62 0.616359375 0.7828541666666667 0.17978125 0.3960416666666667
21740 67 0.43146874999999996 0.67 0.4711875 0.5952916666666667
21740 44 0.46769531249999996 0.4261666666666667 0.021734375 0.11016666666666668
21740 49 0.4231328125 0.48092708333333334 0.085734375 0.02735416666666667
21740 79 0.0926953125 0.6078645833333333 0.084265625 0.3348125
21740 50 0.11766406250000001 0.3628333333333334 0.013078125 0.019083333333333334
21740 50 0.07889062499999999 0.3743437499999999 0.016 0.014770833333333334
21740 50 0.087015625 0.35315625 0.012625 0.05477083333333333
21740 51 0.12571875 0.11910416666666666 0.0359375 0.018166666666666668
21740 51 0.131375 0.13738541666666668 0.0335 0.014104166666666666
21740 51 0.1306640625 0.15176041666666668 0.036015625 0.01872916666666667
21740 51 0.0965234375 0.14019791666666667 0.034796875 0.029395833333333333
21740 53 0.450765625 0.4899479166666667 0.034499999999999996 0.0403125
21740 67 0.9414453125 0.6163229166666666 0.117109375 0.28168750000000004
21740 49 0.0528828125 0.34058333333333335 0.010734375 0.04095833333333333
21740 49 0.049484375000000004 0.34510416666666666 0.00959375 0.034458333333333334
21740 53 0.41978124999999994 0.4868645833333333 0.028749999999999998 0.035979166666666666
21740 62 0.65859375 0.63315625 0.13396875 0.27697916666666667
