34570 32 0.580875 0.6639882121807467 0.104625 0.338467583497053
34570 1 0.20509375 0.5878388998035363 0.4101875 0.8040471512770138
34570 1 0.64071875 0.4910117878192535 0.69521875 0.7842632612966601
34570 1 0.8105078125 0.455049115913556 0.237703125 0.3528094302554028
34570 1 0.0205078125 0.4150196463654224 0.041015625 0.35200392927308444
34570 53 0.7377734375 0.848811394891945 0.075546875 0.09200392927308447
34570 53 0.79190625 0.8139489194499018 0.06703125 0.05367387033398821
34570 67 0.694640625 0.8591060903732809 0.61071875 0.28178781925343815
34570 1 0.31544531249999996 0.44269155206286837 0.166203125 0.256188605108055
34570 1 0.7094218750000001 0.3104322200392927 0.14684375 0.10361493123772103
34570 51 0.8145468750000001 0.8660707269155206 0.093375 0.06506876227897838
