40938 1 0.20607812499999997 0.6657604166666666 0.16428125 0.29152083333333334
40938 1 0.109203125 0.5908541666666667 0.10665625000000001 0.424375
40938 1 0.088921875 0.3104791666666667 0.11665624999999999 0.11291666666666668
40938 1 0.6579765625 0.24339583333333334 0.074828125 0.07629166666666666
40938 1 0.1592734375 0.16966666666666666 0.065734375 0.15954166666666666
40938 1 0.41097656250000003 0.2625416666666667 0.128046875 0.11429166666666667
40938 1 0.69103125 0.2173125 0.070375 0.10129166666666665
40938 1 0.7618515625000001 0.21573958333333332 0.072765625 0.09264583333333333
40938 1 0.45441406250000005 0.10305208333333332 0.025515624999999997 0.028687499999999998
40938 39 0.37003906249999996 0.46296875 0.045640625000000004 0.09522916666666667
40938 40 0.26882812500000003 0.7224270833333333 0.0308125 0.06260416666666667
40938 1 0.9006093750000002 0.3288854166666667 0.10453125 0.23943750000000003
40938 1 0.8150546875 0.19964583333333336 0.070609375 0.11708333333333334
40938 1 0.489515625 0.5883645833333333 0.21390625000000002 0.37606249999999997
40938 1 0.54121875 0.05269791666666667 0.05328125 0.10539583333333334
40938 1 0.5 0.20104166666666667 0.996875 0.40208333333333335
