28157 5 0.4906666666666667 0.24879687499999997 0.09308333333333334 0.05165625
28157 1 0.40339583333333334 0.8957421875000001 0.0475 0.077203125
28157 1 0.3487604166666667 0.8987109375 0.036145833333333335 0.068515625
28157 1 0.31855208333333335 0.8782343750000001 0.029145833333333333 0.060375
28157 1 0.21897916666666667 0.889234375 0.043125 0.07890625
28157 1 0.18834375 0.8865234375 0.020895833333333332 0.052296875
28157 1 0.18086458333333333 0.8913359375000001 0.03877083333333333 0.079984375
28157 1 0.06144791666666667 0.9509296875000001 0.052812500000000005 0.09814062500000001
28157 1 0.52853125 0.922296875 0.0480625 0.0540625
28157 1 0.15163541666666666 0.89296875 0.01952083333333333 0.07821875
28157 1 0.7480625 0.8653828125 0.022125 0.057734375000000004
28157 27 0.18130208333333334 0.9608515625 0.10427083333333333 0.026453125
28157 28 0.8787291666666667 0.8944218750000001 0.026333333333333334 0.08421875
28157 28 0.9263541666666666 0.8799765624999999 0.03395833333333333 0.054453125000000005
28157 1 0.6675625 0.9387734374999999 0.06366666666666666 0.047734375
28157 9 0.8719999999999999 0.7938515625 0.011583333333333333 0.002109375
28157 31 0.04140625 0.8748515625 0.018770833333333334 0.023609375
28157 1 0.80103125 0.8787656250000001 0.035729166666666666 0.031468750000000004
28157 9 0.8462291666666667 0.7686953125 0.014041666666666668 0.018140625
28157 31 0.7828854166666666 0.9264765624999999 0.025854166666666668 0.011890625
28157 31 0.40762500000000007 0.9508984374999999 0.03679166666666667 0.018515625
28157 1 0.4822916666666667 0.89375 0.9270833333333334 0.209375
