1408 3 0.755109375 0.44496495327102803 0.013375000000000001 0.015257009345794393
1408 3 0.7068203125 0.43491822429906546 0.017296875 0.01707943925233645
1408 3 0.6895781249999999 0.4357476635514019 0.0171875 0.016542056074766356
1408 3 0.6598203125000001 0.4337733644859813 0.020484375 0.019836448598130843
1408 3 0.432109375 0.448411214953271 0.02021875 0.015514018691588784
1408 3 0.4588046875 0.4363434579439252 0.013953125 0.012406542056074766
1408 3 0.40231249999999996 0.4336565420560748 0.0211875 0.01558411214953271
1408 5 0.37560937499999997 0.46860981308411215 0.7512187499999999 0.43946261682242993
1408 5 0.1953671875 0.3735864485981308 0.32160937500000003 0.13483644859813085
1408 3 0.5571953125 0.4347196261682243 0.018765625 0.014766355140186916
1408 3 0.4216953125 0.4569392523364486 0.014703125000000001 0.01780373831775701
1408 3 0.37542187499999996 0.45668224299065424 0.01809375 0.01897196261682243
1408 3 0.5881796875 0.4346261682242991 0.015421874999999998 0.01705607476635514
1408 3 0.58359375 0.4380841121495327 0.4765625 0.035046728971962614
