27158 1 0.3190390625 0.4750702576112413 0.109265625 0.2420374707259953
27158 1 0.0496171875 0.04401639344262295 0.061234374999999994 0.0880327868852459
27158 1 0.4730312499999999 0.36291569086651054 0.1184375 0.3752927400468384
27158 15 0.0745390625 0.05263466042154567 0.149078125 0.10044496487119438
27158 39 0.49066406249999994 0.22085480093676815 0.038890625 0.0964168618266979
27158 40 0.35317968750000006 0.4872014051522248 0.019296874999999998 0.027423887587822018
27158 1 0.15206250000000002 0.0365807962529274 0.0455 0.06969555035128806
27158 1 0.1848671875 0.41324355971896953 0.06085937500000001 0.3595550351288056
27158 1 0.26915625 0.029004683840749414 0.0348125 0.05800936768149883
27158 40 0.34003125 0.4764754098360656 0.01590625 0.02981264637002342
