15564 63 0.3887109375 0.8903229166666666 0.222578125 0.21935416666666668
15564 32 0.5586484375 0.33658333333333335 0.025921875 0.09775
15564 32 0.45210156250000005 0.3445625 0.014390625 0.04858333333333333
15564 62 0.19336718749999998 0.8663125 0.222109375 0.26737500000000003
15564 62 0.37246875 0.87865625 0.20224999999999999 0.22022916666666664
15564 1 0.5696640625 0.37040625000000005 0.104484375 0.3236041666666667
15564 1 0.444625 0.360875 0.12896875000000002 0.26333333333333336
15564 1 0.8851875 0.6216145833333333 0.12271875000000002 0.17035416666666667
15564 1 0.5936328125 0.5893854166666667 0.11945312500000001 0.19193749999999998
15564 1 0.7449453125 0.6977499999999999 0.188765625 0.294375
15564 1 0.741421875 0.5743125 0.140125 0.14379166666666665
15564 1 0.562921875 0.7539375 0.32021875 0.43820833333333337
15564 1 0.9424140624999999 0.88090625 0.11517187499999999 0.21572916666666667
15564 1 0.8140468750000001 0.9089895833333334 0.1483125 0.1595625
15564 62 0.8662265625 0.7914791666666667 0.195484375 0.11812500000000001
15564 62 0.351140625 0.7017916666666667 0.07453125000000001 0.06958333333333333
15564 1 0.9347109374999999 0.6791145833333334 0.130578125 0.2044375
15564 1 0.26490625 0.66678125 0.21275 0.3100625
15564 1 0.391890625 0.5971145833333333 0.12975 0.21247916666666666
15564 62 0.0506484375 0.7732499999999999 0.097390625 0.176625
15564 62 0.1892734375 0.6639583333333333 0.05923437499999999 0.09291666666666668
15564 62 0.44334375000000004 0.6917291666666667 0.0456875 0.06658333333333334
15564 1 0.0925 0.6350520833333333 0.14971874999999998 0.2048125
15564 62 0.84565625 0.7070729166666667 0.08946875 0.06602083333333333
15564 62 0.7130859375 0.8446562499999999 0.089890625 0.24647916666666667
15564 1 0.35703125 0.7052083333333333 0.7140625 0.5854166666666667
