41138 7 0.20867968749999996 0.5043124999999999 0.415359375 0.5607916666666667
41138 1 0.5626484374999999 0.6356458333333334 0.036953124999999996 0.14337499999999997
41138 1 0.4861328125 0.6408541666666667 0.034171875000000004 0.14245833333333333
41138 1 0.4158515625 0.6983333333333334 0.068546875 0.18279166666666666
41138 1 0.39465625 0.6180520833333333 0.03646875 0.09672916666666667
41138 1 0.5196796874999999 0.6404062500000001 0.028609375 0.09781250000000001
41138 1 0.43034375 0.6085312500000001 0.026718750000000003 0.06847916666666666
41138 27 0.40211718750000003 0.6962291666666667 0.075828125 0.10766666666666666
41138 1 0.45483593750000006 0.6296666666666667 0.029046875 0.13229166666666667
41138 31 0.4630859375 0.8189791666666667 0.031609375 0.06608333333333333
41138 1 0.5035078125 0.6184791666666667 0.016484375000000002 0.091875
41138 27 0.5140156250000001 0.6274791666666667 0.02003125 0.039875
41138 27 0.5794296875 0.6236354166666668 0.010359375 0.021854166666666668
41138 31 0.4260390625 0.79028125 0.061921875 0.04577083333333333
41138 1 0.530984375 0.5937083333333333 0.01715625 0.02666666666666667
