41745 4 0.46580468750000004 0.9226458333333334 0.645734375 0.13229166666666667
41745 1 0.3596796875 0.6204375 0.325796875 0.6214999999999999
41745 1 0.653296875 0.5085104166666666 0.35562499999999997 0.8224791666666668
41745 1 0.136828125 0.4864895833333333 0.14865625 0.2995625
41745 1 0.9167499999999998 0.5146875 0.070875 0.255625
41745 1 0.8003046875000001 0.4553229166666667 0.051984375000000006 0.1744375
41745 1 0.030781250000000003 0.46146875 0.058125 0.20322916666666666
41745 28 0.3918515625 0.18202083333333335 0.665734375 0.3640416666666667
41745 31 0.4130859375 0.6027604166666667 0.165828125 0.3497291666666667
41745 31 0.8090234374999999 0.6618125 0.038890625 0.19270833333333334
41745 1 0.976046875 0.4418125 0.02734375 0.09570833333333333
41745 1 0.9638046875 0.44259375 0.048265625 0.11272916666666667
41745 1 0.8870078125 0.44254166666666667 0.037390625 0.09870833333333334
41745 4 0.9696406249999999 0.5636875 0.06071875 0.14808333333333332
41745 4 0.13180468750000002 0.8044479166666666 0.25989062500000004 0.3688125
41745 1 0.8606640625 0.6650520833333334 0.13579687499999998 0.43235416666666665
41745 1 0.389578125 0.43359375 0.09821875 0.2435625
41745 1 0.5916718750000001 0.5218125 0.24259375 0.7629583333333334
