11332 32 0.5691015625 0.49241666666666667 0.030546875 0.13744444444444442
11332 32 0.7236718750000001 0.3786944444444445 0.013843749999999998 0.08083333333333334
11332 32 0.2045078125 0.7142222222222222 0.07564062499999999 0.3408888888888889
11332 77 0.5788671875 0.776875 0.058984375 0.06552777777777778
11332 67 0.58525 0.8269722222222223 0.8292187500000001 0.3191111111111111
11332 1 0.578265625 0.4540416666666667 0.31656249999999997 0.5044722222222222
11332 1 0.791296875 0.506375 0.22753125000000002 0.44269444444444445
11332 1 0.338765625 0.5442638888888889 0.18456250000000002 0.49213888888888885
11332 1 0.1478984375 0.6187222222222223 0.288203125 0.7393333333333334
11332 47 0.620015625 0.88125 0.034625 0.10983333333333332
11332 48 0.3610390625 0.8127916666666667 0.067734375 0.048138888888888884
11332 50 0.4869921875 0.7219444444444444 0.038890625 0.042666666666666665
11332 50 0.7751640625 0.7949861111111113 0.085734375 0.03213888888888889
11332 61 0.7452265625 0.8973055555555555 0.14260937499999998 0.2046111111111111
11332 31 0.95 0.3777083333333333 0.1 0.17469444444444446
11332 46 0.6592890625 0.6911805555555556 0.045171875 0.18325
11332 46 0.708484375 0.7165 0.0473125 0.1708888888888889
11332 47 0.2853828125 0.8540972222222222 0.083796875 0.09347222222222222
11332 47 0.57959375 0.690875 0.04896875 0.08508333333333333
11332 47 0.787703125 0.7036111111111111 0.057343750000000006 0.0815
11332 47 0.40571874999999996 0.9415 0.06646875 0.11616666666666667
11332 50 0.3180703125 0.9684027777777777 0.027953125000000002 0.04680555555555556
11332 62 0.23688281249999998 0.5292361111111111 0.061265625000000004 0.07291666666666667
11332 62 0.44075 0.5173472222222222 0.0241875 0.13325
11332 62 0.671359375 0.56475 0.031906250000000004 0.11544444444444445
11332 46 0.8998203124999999 0.7984583333333333 0.060953125 0.21319444444444444
11332 46 0.53828125 0.7602361111111111 0.051968749999999994 0.20497222222222225
11332 46 0.40621093750000004 0.914375 0.070859375 0.17124999999999999
11332 46 0.9745156250000001 0.8181805555555556 0.04675 0.15586111111111112
11332 46 0.8313671875 0.7629444444444445 0.06301562499999999 0.20961111111111108
11332 62 0.007515625000000001 0.6168472222222222 0.014687500000000001 0.028361111111111115
11332 62 0.005132812499999999 0.6583055555555555 0.009203125 0.058222222222222224
11332 46 0.430765625 0.833 0.05371875 0.1708888888888889
11332 46 0.48894531249999995 0.9722361111111111 0.025859375 0.05419444444444445
11332 46 0.47191406249999995 0.8109999999999999 0.040328125 0.16183333333333333
11332 1 0.7737968749999999 0.40329166666666666 0.24906250000000002 0.5364722222222222
