4259 32 0.6136796875 0.39125820568927794 0.018421874999999997 0.09695842450765865
4259 32 0.4956250000000001 0.32010940919037195 0.0190625 0.07343544857768053
4259 32 0.2098515625 0.31719912472647704 0.017046875 0.08905908096280088
4259 49 0.5118437499999999 0.6692778993435449 0.039625 0.02
4259 61 0.4565234374999999 0.8067505470459518 0.499046875 0.3640481400437637
4259 1 0.4616640625 0.40178336980306345 0.143765625 0.5436105032822758
4259 5 0.15146874999999999 0.16954048140043762 0.2998125 0.15943107221006564
4259 32 0.0295234375 0.2484135667396061 0.019734375000000002 0.040984682713347924
4259 1 0.359828125 0.3515973741794311 0.062343749999999996 0.27811816192560174
4259 1 0.6714453125000001 0.4909956236323851 0.233203125 0.6779212253829322
4259 1 0.7397343749999999 0.5078665207877462 0.4878125 0.8044857768052516
4259 1 0.314421875 0.37920131291028447 0.089625 0.43087527352297594
4259 1 0.21204687500000002 0.37185995623632384 0.10496875000000001 0.3547045951859956
4259 1 0.1271484375 0.34512035010940917 0.064578125 0.26455142231947487
4259 1 0.8999062499999999 0.26770240700218817 0.050093750000000006 0.06463894967177243
4259 1 0.9878828125 0.44396061269146603 0.024234375 0.21487964989059083
4259 1 0.9383671874999999 0.3460393873085339 0.102484375 0.27763676148796496
4259 19 0.911546875 0.14148796498905908 0.0543125 0.06827133479212254
4259 1 0.080046875 0.31896061269146603 0.05487499999999999 0.2414223194748359
4259 32 0.3318359375 0.2525492341356674 0.015359375 0.03153172866520788
4259 32 0.9593515625 0.3272210065645514 0.009734375 0.055536105032822754
4259 1 0.034023437499999996 0.3096498905908096 0.065359375 0.28393873085339166
4259 1 0.5554375 0.32945295404814007 0.121875 0.5838074398249453
4259 32 0.08375 0.2505689277899344 0.01503125 0.025032822757111595
4259 32 0.131859375 0.2631509846827133 0.00546875 0.01286652078774617
4259 1 0.49921875 0.36214442013129106 0.9984375 0.31291028446389496
