3870 37 0.6199687500000001 0.6154375 0.13590625 0.15212499999999998
3870 1 0.309125 0.5720729166666666 0.27365625 0.8220624999999999
3870 1 0.8022500000000001 0.5883958333333333 0.22246875 0.8
3870 46 0.9747187499999999 0.53453125 0.043125000000000004 0.11247916666666667
3870 58 0.41742968750000004 0.7670625 0.10860937500000001 0.06554166666666666
3870 58 0.5300625 0.7659166666666668 0.0994375 0.06291666666666666
3870 58 0.44975000000000004 0.7498437499999999 0.0860625 0.06964583333333334
3870 58 0.34353125 0.74084375 0.10112499999999999 0.06922916666666666
3870 58 0.5290703125 0.6930729166666667 0.069703125 0.04064583333333334
3870 58 0.388 0.71484375 0.06381250000000001 0.04010416666666667
3870 58 0.4126875 0.6983229166666667 0.08221875 0.04272916666666667
3870 58 0.4530234375 0.6833645833333333 0.068546875 0.0456875
3870 58 0.5040390625000001 0.7172708333333334 0.10635937499999999 0.050291666666666665
3870 62 0.9463437499999999 0.8640520833333334 0.0960625 0.21347916666666666
3870 67 0.9525390625 0.5849479166666666 0.094921875 0.09122916666666667
3870 1 0.5757109375 0.3632708333333333 0.292578125 0.67625
3870 1 0.5223281249999999 0.8940416666666666 0.178375 0.21191666666666667
3870 47 0.6906328125 0.39988541666666666 0.042515625 0.06877083333333332
3870 47 0.9114062500000001 0.5804791666666667 0.017 0.064
3870 54 0.9414453125 0.7020833333333333 0.062484375 0.03754166666666667
3870 60 0.8288984375 0.6687916666666667 0.048265625 0.043333333333333335
3870 60 0.9042890625 0.65925 0.047703125 0.03283333333333333
3870 60 0.9640000000000001 0.6308124999999999 0.04171875 0.03345833333333333
3870 60 0.972484375 0.6847916666666667 0.05503125 0.04425
3870 60 0.9230078125000001 0.6241354166666666 0.041390625 0.0335625
3870 60 0.9449609375 0.6724479166666666 0.043734375 0.0458125
3870 60 0.8635468750000002 0.6518125 0.03653125 0.025625000000000002
3870 60 0.88984375 0.6346875000000001 0.03828125 0.030625
3870 62 0.6691328125 0.8876041666666666 0.11957812500000001 0.22375
3870 62 0.16559374999999998 0.8751979166666667 0.1509375 0.24960416666666668
3870 1 0.9316171874999999 0.40989583333333335 0.135328125 0.41862499999999997
3870 54 0.8653281250000001 0.678625 0.0495 0.043041666666666666
3870 54 0.9736093749999999 0.6866354166666666 0.050562499999999996 0.042312499999999996
3870 54 0.9623671875000002 0.6309791666666666 0.042453125 0.0315
3870 54 0.41515625 0.76965625 0.10206249999999999 0.06460416666666667
3870 54 0.45080468749999997 0.7523020833333334 0.088140625 0.06602083333333333
3870 54 0.82928125 0.6712083333333333 0.0454375 0.04016666666666667
3870 54 0.8955390624999999 0.6897187500000002 0.040421875 0.03789583333333334
3870 54 0.6796875 0.5614583333333333 0.6375 0.6854166666666667
