37169 3 0.8359140624999999 0.6104375 0.047046875 0.0445
37169 3 0.8697265625 0.6022395833333333 0.010953125 0.0323125
37169 6 0.5699296875 0.5963229166666667 0.263265625 0.2268125
37169 6 0.7471328125 0.5626770833333333 0.096578125 0.15518749999999998
37169 1 0.9338671875 0.60390625 0.029484375 0.0870625
37169 1 0.30860937499999996 0.6456875 0.030593749999999996 0.095
37169 1 0.3193671875 0.6040729166666666 0.014078125 0.0315625
37169 1 0.3421640625 0.6059375 0.014953125000000001 0.03141666666666667
37169 1 0.27844531250000004 0.6409583333333333 0.015484375 0.0555
37169 1 0.41606250000000006 0.6132604166666666 0.017374999999999998 0.06735416666666666
37169 1 0.906234375 0.59403125 0.0110625 0.0278125
37169 1 0.9255156249999998 0.5798125 0.01028125 0.033166666666666664
37169 3 0.8599062500000001 0.6061875 0.020374999999999997 0.042499999999999996
