37671 44 0.6059140625 0.5004791666666667 0.024609375 0.08795833333333333
37671 39 0.663703125 0.24392708333333332 0.076 0.37906249999999997
37671 39 0.11828124999999998 0.5746145833333334 0.027218750000000003 0.3021875
37671 39 0.090703125 0.55378125 0.04325 0.16147916666666667
37671 40 0.3054375 0.5921354166666667 0.08449999999999999 0.1148125
37671 1 0.24859375 0.6640416666666666 0.21740624999999997 0.43820833333333337
37671 1 0.487703125 0.43811458333333336 0.13565624999999998 0.5722708333333333
37671 1 0.75 0.52471875 0.2528125 0.7078541666666667
37671 15 0.7714375 0.6117812499999999 0.436875 0.18122916666666666
37671 15 0.3697890625 0.53834375 0.036078125 0.0161875
37671 44 0.9178515624999999 0.6733020833333333 0.029328125 0.07902083333333333
37671 1 0.5915703125 0.32809374999999996 0.155046875 0.6471874999999999
37671 1 0.983109375 0.47635416666666663 0.03378125 0.4639583333333333
37671 1 0.08725000000000001 0.45675000000000004 0.067125 0.5302083333333333
37671 1 0.064046875 0.40561458333333333 0.12809375 0.7078541666666667
37671 1 0.828375 0.29213541666666665 0.12640625 0.48089583333333336
37671 1 0.438375 0.6157604166666667 0.20978124999999997 0.22822916666666665
37671 1 0.6801406249999999 0.45197916666666665 0.10106250000000001 0.525125
