25470 51 0.6210859375 0.29723529411764704 0.027515625 0.03
25470 17 0.09440625 0.9854705882352941 0.04190625 0.027741176470588234
25470 46 0.7154921875 0.12417647058823529 0.039890625 0.12472941176470588
25470 46 0.733765625 0.10805882352941176 0.02003125 0.13183529411764705
25470 49 0.23167187500000003 0.5631176470588235 0.00953125 0.0647764705882353
25470 50 0.210734375 0.5751529411764705 0.022625 0.04343529411764706
25470 50 0.24211718750000003 0.5168352941176471 0.021078125 0.041905882352941175
25470 51 0.62215625 0.2661058823529412 0.030875000000000003 0.012870588235294116
25470 51 0.6215 0.2804941176470588 0.0301875 0.005976470588235294
25470 50 0.22160937500000003 0.5553529411764706 0.016875 0.07856470588235294
25470 79 0.376046875 0.6655411764705882 0.22984374999999999 0.07451764705882354
25470 50 0.20107031250000001 0.5670705882352941 0.026796874999999998 0.05922352941176471
