10644 40 0.5408984375 0.3888524590163934 0.042109375 0.11779859484777516
10644 1 0.4962734375 0.5528103044496487 0.233890625 0.8044964871194379
10644 1 0.366703125 0.45025761124121777 0.1280625 0.5036533957845434
10644 1 0.6801171874999999 0.39070257611241216 0.110390625 0.4327400468384075
10644 1 0.8713046875 0.34703747072599533 0.094578125 0.27285714285714285
10644 1 0.860015625 0.20765807962529276 0.08353125 0.15489461358313816
10644 1 0.7443515625 0.16407494145199064 0.115484375 0.13334894613583137
10644 1 0.1916171875 0.1720374707259953 0.063078125 0.10918032786885246
10644 1 0.153125 0.28284543325526934 0.07428125 0.22756440281030446
10644 1 0.0968671875 0.2820843091334894 0.075609375 0.22955503512880562
10644 1 0.8809843749999999 0.14489461358313815 0.04778125 0.08412177985948478
10644 1 0.3474296875 0.1724473067915691 0.042859375 0.11679156908665105
10644 40 0.7187421875 0.3963934426229508 0.029234375 0.05611241217798595
10644 1 0.3123359375 0.2299648711943794 0.058171875 0.12611241217798594
10644 15 0.7550078124999999 0.12427400468384074 0.20201562499999998 0.045925058548009365
10644 15 0.7406953125 0.07351288056206089 0.102578125 0.02262295081967213
10644 1 0.24196875 0.2731381733021077 0.10409375000000001 0.2533957845433255
10644 15 0.797765625 0.12978922716627636 0.05603125 0.03704918032786885
10644 15 0.8251796874999998 0.1657728337236534 0.030640624999999998 0.038946135831381734
10644 1 0.50546875 0.16627634660421545 0.9515625 0.32786885245901637
