33009 64 0.9266901408450705 0.5426562500000001 0.14661971830985915 0.1360625
33009 62 0.2988967136150235 0.728515625 0.21929577464788733 0.1394375
33009 62 0.7376995305164319 0.6838749999999999 0.15751173708920185 0.1291875
33009 67 0.6486619718309858 0.8581015625000001 0.5549765258215962 0.174109375
33009 64 0.8059859154929578 0.5097968749999999 0.18211267605633802 0.24384375
33009 62 0.5705399061032863 0.645796875 0.11272300469483569 0.0873125
33009 55 0.6146948356807512 0.8045703124999999 0.05262910798122066 0.032609375
33009 55 0.6644718309859154 0.8029140625 0.06152582159624413 0.038015625
33009 55 0.7044014084507042 0.824578125 0.04725352112676056 0.023875
33009 55 0.5762793427230047 0.8431796874999999 0.07715962441314553 0.042234375000000005
33009 62 0.5325586854460094 0.588875 0.14018779342723003 0.0733125
33009 51 0.6392370892018779 0.8361484375 0.24884976525821598 0.12357812500000001
33009 62 0.8227347417840376 0.727796875 0.24565727699530518 0.12053125
33009 64 0.3842723004694835 0.52134375 0.01539906103286385 0.04096875
33009 55 0.7153403755868545 0.85 0.04387323943661972 0.0340625
