5336 3 0.10882031250000002 0.42953703703703705 0.146328125 0.09004629629629629
5336 3 0.25417968750000003 0.434849537037037 0.167546875 0.0930324074074074
5336 3 0.8376328125000001 0.41586805555555556 0.058984375 0.05354166666666666
5336 1 0.40257812499999995 0.6266782407407407 0.10896874999999999 0.6165972222222222
5336 1 0.6011171875000001 0.44381944444444443 0.034484375 0.09749999999999999
5336 1 0.58790625 0.4317361111111111 0.01921875 0.08087962962962962
5336 27 0.4375625 0.5148958333333333 0.07856250000000001 0.2083564814814815
5336 8 0.9223359375000001 0.40479166666666666 0.10023437500000001 0.14222222222222222
5336 8 0.6775156250000001 0.4238657407407408 0.08965625 0.09240740740740741
5336 11 0.12665625 0.8633564814814814 0.122875 0.24046296296296296
5336 1 0.3003828125 0.43621527777777785 0.020109375 0.10266203703703704
5336 3 0.018687500000000003 0.4397106481481482 0.037375000000000005 0.0741898148148148
5336 3 0.7656875 0.42104166666666665 0.07896875 0.07236111111111111
