37149 1 0.09332031249999999 0.48253807106598984 0.159703125 0.564010152284264
37149 1 0.40422656250000005 0.4823096446700508 0.10604687500000001 0.5302030456852792
37149 1 0.057359375000000004 0.2714593908629442 0.02590625 0.08251269035532995
37149 1 0.04165625 0.2732233502538071 0.0224375 0.08944162436548224
37149 31 0.3862265625 0.42819796954314715 0.073390625 0.2781725888324873
37149 51 0.8694609374999999 0.7057994923857868 0.043109375 0.03814720812182741
37149 51 0.8394375000000001 0.5404441624365482 0.05821875 0.03134517766497462
37149 51 0.9383437499999999 0.5785279187817259 0.04528125 0.03634517766497462
37149 51 0.8863671875 0.7399873096446701 0.05014062500000001 0.04926395939086294
37149 51 0.8260546874999999 0.20380710659898477 0.041984375000000004 0.021573604060913704
37149 51 0.9034140625000001 0.5538705583756345 0.042828125 0.02236040609137056
37149 51 0.8771640625 0.17539340101522843 0.057078125 0.0918020304568528
37149 51 0.8461093749999999 0.08058375634517767 0.046156249999999996 0.02629441624365482
37149 51 0.985265625 0.7422588832487311 0.026875 0.04238578680203046
37149 51 0.9832265625 0.577741116751269 0.030453124999999998 0.03182741116751269
37149 1 0.014765625 0.3243908629441624 0.02634375 0.16441624365482232
37149 51 0.9230546875 0.938756345177665 0.11951562499999999 0.10690355329949237
37149 51 0.9061328124999999 0.06793147208121827 0.026671875 0.029416243654822333
37149 51 0.8953125 0.47588832487309646 0.20625 0.9314720812182741
