31019 2 0.6141796875 0.9213882352941176 0.069015625 0.11745882352941177
31019 2 0.5425000000000001 0.9040705882352942 0.03528125 0.08856470588235295
31019 2 0.9216015625 0.8626352941176471 0.032734374999999996 0.0859764705882353
31019 10 0.5089609375 0.6054470588235294 0.042171875 0.1496705882352941
31019 10 0.668140625 0.5445529411764706 0.030406250000000003 0.10058823529411764
31019 1 0.751828125 0.823435294117647 0.01628125 0.11294117647058824
31019 1 0.7234375 0.835235294117647 0.025656250000000002 0.12129411764705882
31019 1 0.4784453125 0.848835294117647 0.024765625 0.12458823529411765
31019 1 0.365140625 0.8704941176470588 0.028875 0.14621176470588235
31019 1 0.2987265625 0.8670588235294118 0.021203125 0.11665882352941176
31019 1 0.20974218749999998 0.8720235294117648 0.027859375 0.12842352941176471
31019 10 0.46634375000000006 0.48764705882352943 0.03278125 0.08974117647058824
31019 10 0.543671875 0.4845058823529412 0.02840625 0.09188235294117647
31019 1 0.497234375 0.8092 0.00996875 0.03350588235294118
31019 1 0.9570390625 0.8184941176470588 0.020484375 0.08927058823529412
31019 1 0.03128125 0.886035294117647 0.0296875 0.13155294117647057
31019 1 0.9779453124999999 0.8111411764705881 0.019296874999999998 0.09776470588235293
31019 1 0.8838437499999999 0.8153882352941177 0.03521875 0.11548235294117647
31019 2 0.9008593749999999 0.8578117647058824 0.02071875 0.09402352941176471
31019 10 0.7446875000000001 0.6289882352941176 0.023625 0.07670588235294118
31019 10 0.176125 0.3638117647058824 0.02778125 0.11350588235294118
31019 1 0.0769453125 0.8831529411764707 0.027453125000000002 0.1328470588235294
31019 1 0.10078125 0.8778588235294117 0.0285625 0.13948235294117647
31019 10 0.37359375000000006 0.6645882352941176 0.017343749999999998 0.07214117647058824
31019 10 0.0444453125 0.7646117647058823 0.0054218750000000005 0.019388235294117647
31019 27 0.20266406249999996 0.851329411764706 0.023671875000000002 0.04515294117647059
31019 31 0.025523437500000003 0.877564705882353 0.019859375000000002 0.07023529411764706
31019 31 0.43732812499999996 0.8887764705882354 0.00803125 0.024894117647058824
31019 31 0.82734375 0.8608235294117647 0.01121875 0.012988235294117646
31019 1 0.5046875 0.8494117647058823 0.9875 0.24941176470588236
