32611 72 0.40277343749999994 0.29691666666666666 0.111109375 0.27366666666666667
32611 62 0.47984375 0.6935520833333333 0.20806249999999998 0.36343749999999997
32611 62 0.0389296875 0.29152083333333334 0.077203125 0.154125
32611 67 0.7083359375 0.8008229166666666 0.583328125 0.3735208333333333
32611 1 0.7255625 0.44381249999999994 0.35562499999999997 0.6988749999999999
32611 64 0.3728984375 0.08357291666666668 0.119890625 0.16714583333333335
32611 48 0.8387499999999999 0.9435104166666667 0.226125 0.11297916666666666
32611 50 0.76453125 0.6562916666666666 0.16359375 0.03291666666666667
32611 51 0.9053359375000001 0.7094270833333334 0.189328125 0.17077083333333334
32611 37 0.150234375 0.3540520833333334 0.03075 0.042020833333333334
32611 59 0.85703125 0.6479583333333333 0.05859375 0.07408333333333333
32611 48 0.8127187499999999 0.6613958333333333 0.07025 0.025541666666666667
32611 59 0.9425078125 0.7055000000000001 0.113890625 0.11658333333333333
32611 63 0.08549218750000001 0.7422291666666666 0.17098437500000002 0.4844583333333333
32611 1 0.9189296875 0.10422916666666666 0.161953125 0.124375
