32829 1 0.615703125 0.5461666666666667 0.27871875 0.878375
32829 1 0.8782578125 0.2196979166666667 0.100296875 0.2706875
32829 15 0.3060546875 0.5338854166666667 0.309421875 0.32735416666666667
32829 15 0.08071874999999999 0.82959375 0.16143749999999998 0.3138958333333333
32829 31 0.8529296875 0.19726041666666666 0.042109375 0.11164583333333335
32829 33 0.3438203125 0.7985 0.192140625 0.2539166666666667
32829 15 0.025031249999999998 0.22292708333333333 0.050062499999999996 0.07614583333333333
32829 27 0.6116328125000001 0.3745729166666667 0.218453125 0.2636041666666667
32829 52 0.23962500000000003 0.4575625 0.04853125 0.020458333333333335
32829 62 0.032671875 0.2329375 0.02790625 0.06787499999999999
32829 62 0.012117187500000001 0.21104166666666668 0.023640625000000002 0.052375
32829 77 0.9009921875000002 0.12488541666666667 0.007640625 0.018354166666666668
32829 77 0.070421875 0.21075 0.017812500000000002 0.059375
32829 1 0.0382109375 0.21421875 0.017828125 0.10964583333333335
32829 1 0.3471640625 0.22708333333333333 0.079859375 0.23479166666666668
32829 33 0.3206171875 0.26475 0.026203125 0.063
