3160 19 0.61459375 0.7904918032786886 0.2550625 0.4190163934426229
3160 19 0.48002343750000004 0.7790281030444964 0.138015625 0.3934192037470726
3160 1 0.9386953124999999 0.6078454332552693 0.06782812499999999 0.13629976580796255
3160 1 0.8642109375 0.6034777517564403 0.041640625 0.09398126463700235
3160 1 0.5353749999999999 0.5674473067915691 0.05509375 0.10707259953161592
3160 3 0.9834765625000002 0.9209367681498829 0.033046874999999996 0.15812646370023417
3160 19 0.9096328124999999 0.764063231850117 0.129859375 0.347096018735363
3160 19 0.8079296874999999 0.7527517564402809 0.082984375 0.29871194379391103
3160 1 0.9857265625 0.6251990632318501 0.026265624999999997 0.08065573770491803
3160 1 0.6516015625 0.6154332552693209 0.136109375 0.2633723653395784
