22482 37 0.79478125 0.31702261306532664 0.0135625 0.02344221105527638
22482 37 0.7844765625 0.4282663316582914 0.019203124999999998 0.026733668341708546
22482 1 0.511375 0.42487437185929655 0.20837500000000003 0.4091959798994975
22482 1 0.088109375 0.3660427135678392 0.14456249999999998 0.4016331658291457
22482 1 0.32071875 0.40561557788944724 0.14115625 0.34831658291457285
22482 1 0.7469453125000001 0.5314572864321607 0.135546875 0.44718592964824116
22482 40 0.46496875 0.2478391959798995 0.0385625 0.06256281407035176
22482 40 0.07545312500000001 0.20508793969849246 0.029406250000000002 0.06128140703517588
22482 40 0.30514843750000004 0.29576633165829147 0.034953125 0.03278894472361809
22482 37 0.606015625 0.426608040201005 0.0076875 0.01492462311557789
22482 40 0.9564609374999999 0.5166834170854271 0.027078124999999998 0.049648241206030154
22482 40 0.7317265625 0.47157035175879397 0.035609375 0.060829145728643216
22482 1 0.9090546875 0.5842713567839196 0.135546875 0.34608040201005025
