39698 62 0.9012890624999998 0.9334791666666667 0.193140625 0.11158333333333334
39698 64 0.7163828124999999 0.34328125000000004 0.08657812499999999 0.17785416666666667
39698 50 0.5395937500000001 0.33322916666666663 0.01575 0.046125
39698 50 0.544046875 0.36290625 0.021718750000000002 0.08260416666666666
39698 79 0.42652343750000005 0.5495416666666667 0.22804687499999998 0.4572083333333333
39698 49 0.6046015625 0.31935416666666666 0.007421875 0.011250000000000001
39698 49 0.593234375 0.32266666666666666 0.0079375 0.015500000000000002
39698 49 0.5996015625 0.3619479166666667 0.0073906250000000005 0.03302083333333333
39698 49 0.5964609375 0.3633125 0.006109375 0.03258333333333333
39698 78 0.4274453125 0.19173958333333332 0.19442187500000002 0.15322916666666667
39698 49 0.587546875 0.36452083333333335 0.00503125 0.0235
