24730 3 0.8917890625 0.35891666666666666 0.060671875 0.064375
24730 3 0.879515625 0.40247916666666667 0.0733125 0.04466666666666667
24730 3 0.6923203124999999 0.4132083333333333 0.072671875 0.09354166666666666
24730 35 0.7606953125 0.9408854166666667 0.44548437500000004 0.05627083333333334
24730 35 0.2120078125 0.8494895833333334 0.161671875 0.020479166666666666
24730 1 0.1651328125 0.6703645833333333 0.10523437499999999 0.3592708333333333
24730 1 0.240421875 0.47475 0.07353125 0.1909583333333333
24730 1 0.39325 0.7484583333333333 0.19790625 0.5030833333333333
24730 1 0.7761250000000001 0.6157291666666667 0.24775 0.6472083333333334
24730 1 0.9262109374999999 0.42428125 0.046546875 0.20877083333333332
24730 1 0.9632890625 0.45206250000000003 0.073421875 0.2582916666666667
24730 3 0.65359375 0.3904375 0.01809375 0.053125
24730 3 0.815015625 0.36060416666666667 0.061812500000000006 0.029625000000000002
24730 62 0.075765625 0.4931875 0.026218750000000002 0.020708333333333332
24730 1 0.020624999999999998 0.47272916666666664 0.0283125 0.03320833333333333
24730 1 0.8378437499999999 0.3459791666666667 0.01653125 0.03745833333333334
24730 1 0.8448515625 0.33665625 0.011171875000000001 0.0273125
24730 62 0.0878359375 0.4971875 0.024015625 0.012750000000000001
24730 62 0.057882812500000005 0.49244791666666665 0.024578125 0.024645833333333332
