32818 9 0.7540625 0.29552083333333334 0.0758125 0.016166666666666666
32818 9 0.6299062500000001 0.2690208333333333 0.08175 0.05320833333333333
32818 9 0.9918828125000001 0.2968125 0.016234375000000002 0.020708333333333332
32818 9 0.41974999999999996 0.2891666666666667 0.04409375 0.026125
32818 1 0.5873437499999999 0.3255520833333333 0.0191875 0.09131249999999999
32818 1 0.5294453125 0.3217916666666667 0.022984375 0.08983333333333333
32818 15 0.5877265625 0.5952916666666667 0.314453125 0.38341666666666663
32818 15 0.389828125 0.40729166666666666 0.1066875 0.12758333333333333
32818 9 0.490625 0.28003125 0.07790625 0.03922916666666666
32818 9 0.8694062499999999 0.28338541666666667 0.039468750000000004 0.01964583333333333
