27710 21 0.490390625 0.7593224299065421 0.40325 0.3561214953271028
27710 21 0.601703125 0.5979439252336449 0.37106249999999996 0.25985981308411216
27710 21 0.7586406250000001 0.4880140186915888 0.21596875 0.23028037383177571
27710 21 0.3511875 0.4597897196261682 0.2174375 0.3264018691588785
27710 21 0.2268046875 0.2882242990654205 0.22898437500000002 0.150607476635514
27710 21 0.710015625 0.3469976635514018 0.1935625 0.13764018691588784
27710 21 0.4015625 0.2372196261682243 0.06753125 0.12873831775700936
27710 21 0.6045703125 0.21351635514018688 0.16898437500000002 0.09049065420560747
27710 21 0.5733750000000001 0.4557242990654206 0.205375 0.1616355140186916
27710 21 0.14345312500000001 0.3815070093457944 0.25209375 0.1650233644859813
27710 21 0.3227109375 0.06871495327102804 0.16929687499999999 0.09710280373831776
27710 21 0.9616328124999999 0.4180607476635514 0.076734375 0.08808411214953271
27710 21 0.162 0.09574766355140187 0.156375 0.12602803738317755
27710 21 0.919359375 0.25774532710280373 0.16128125 0.15492990654205607
27710 21 0.49921875 0.33060747663551404 0.9984375 0.6612149532710281
