8896 19 0.628203125 0.469672131147541 0.3808125 0.4
8896 28 0.9292265625 0.2979742388758782 0.082390625 0.04896955503512881
8896 28 0.8815078125 0.33907494145199063 0.064046875 0.0353864168618267
8896 1 0.59825 0.3360304449648712 0.11584375 0.29065573770491804
8896 1 0.9763359375 0.3854098360655738 0.046296875 0.12871194379391102
8896 28 0.7524453125 0.31234192037470726 0.08742187500000001 0.03929742388758783
8896 28 0.2180234375 0.3389812646370023 0.084578125 0.03885245901639344
8896 1 0.896859375 0.38154566744730684 0.02296875 0.08688524590163935
8896 1 0.8734921874999999 0.41464871194379394 0.037578125000000004 0.14381733021077284
8896 1 0.8471015625000001 0.40988290398126465 0.040046874999999996 0.12131147540983606
8896 1 0.8113359375 0.4088056206088993 0.040796874999999996 0.11765807962529275
8896 1 0.0845859375 0.3768969555035129 0.028328125 0.07491803278688525
8896 1 0.12703125 0.3781147540983606 0.050375 0.072903981264637
8896 1 0.938390625 0.38710772833723656 0.03746875 0.13562060889929742
8896 1 0.06171093750000001 0.38183840749414516 0.024890625 0.07028103044496488
8896 1 0.948046875 0.4457728337236534 0.02290625 0.09627634660421545
8896 28 0.8362109375 0.3086768149882904 0.073171875 0.04194379391100703
8896 28 0.9778671875 0.3273419203747072 0.044140625 0.05332552693208431
8896 28 0.688203125 0.3346135831381733 0.09146875 0.049976580796252924
8896 28 0.41389062499999996 0.3209601873536299 0.08921875 0.0414519906323185
8896 1 0.1892421875 0.3909953161592506 0.040296874999999996 0.07814988290398125
8896 1 0.7663515625 0.3763231850117096 0.036859375 0.08740046838407495
8896 28 0.866828125 0.242096018735363 0.17803125 0.10620608899297425
8896 28 0.1771640625 0.2785245901639344 0.354328125 0.12121779859484777
8896 28 0.3254609375 0.26468384074941453 0.12689062499999998 0.10135831381733021
8896 1 0.46796875 0.4238875878220141 0.9328125 0.2154566744730679
