9745 9 0.5228046875000001 0.5157604166666666 0.403703125 0.10585416666666667
9745 1 0.4523671875 0.4733333333333334 0.013921875 0.028083333333333335
9745 1 0.4395390625 0.4739166666666667 0.013234375000000001 0.026375
9745 1 0.4227265625 0.4801458333333334 0.023359374999999998 0.034958333333333334
9745 1 0.4007109375 0.48120833333333335 0.015515625 0.039
9745 1 0.1014921875 0.48676041666666664 0.011484375 0.014645833333333334
9745 1 0.13634374999999999 0.4849270833333333 0.0155 0.025062499999999998
9745 1 0.0825 0.4892291666666667 0.01234375 0.011458333333333333
9745 1 0.10795312500000001 0.4878958333333333 0.0075625 0.014958333333333332
9745 1 0.3704609375 0.43904166666666666 0.007953125 0.023
9745 1 0.41683593750000003 0.43903125000000004 0.004640625000000001 0.021354166666666667
9745 9 0.077984375 0.49544791666666665 0.1318125 0.05522916666666667
9745 1 0.27542187500000004 0.4380520833333333 0.00546875 0.025520833333333333
9745 1 0.0456171875 0.4878020833333333 0.016234375000000002 0.0098125
