20450 4 0.667875 0.7082394366197182 0.23890625000000001 0.4108450704225352
20450 1 0.528546875 0.25395539906103287 0.077125 0.3925117370892019
20450 1 0.677609375 0.1558450704225352 0.0670625 0.14
20450 1 0.63434375 0.2298004694835681 0.05828124999999999 0.22237089201877935
20450 8 0.0666796875 0.16109154929577466 0.11664062500000001 0.3166901408450704
20450 1 0.22390625000000003 0.24456572769953053 0.062125 0.2678169014084507
20450 42 0.5017265624999999 0.9493544600938968 0.9965468749999999 0.07532863849765259
20450 1 0.43021093750000006 0.49176056338028173 0.45923437500000003 0.8656338028169014
20450 1 0.46429687499999994 0.27724178403755867 0.0675625 0.30561032863849763
20450 1 0.4276015624999999 0.31697183098591547 0.064453125 0.3112206572769953
