13290 2 0.47859375000000004 0.5716549295774648 0.08565625 0.07875586854460093
13290 3 0.8485234374999999 0.5808098591549296 0.24817187500000001 0.12715962441314554
13290 1 0.4448203125 0.5300117370892019 0.027921875000000002 0.07678403755868544
13290 1 0.7145859375 0.6203873239436619 0.07173437499999999 0.20453051643192488
13290 1 0.60425 0.5581220657276995 0.03525 0.12938967136150234
13290 1 0.478796875 0.5536854460093897 0.04115625 0.11046948356807512
13290 1 0.42859374999999994 0.5155399061032864 0.0090625 0.04685446009389672
13290 28 0.73934375 0.5156455399061033 0.08896875 0.05523474178403756
13290 28 0.626890625 0.5349882629107982 0.07028124999999999 0.06518779342723005
13290 1 0.617796875 0.6215375586854459 0.0658125 0.1945305164319249
13290 1 0.49154687500000005 0.5421478873239436 0.01928125 0.06429577464788733
13290 2 0.5338984375 0.5687558685446009 0.028765625 0.04971830985915493
13290 28 0.4703515625 0.4968192488262911 0.028953125000000003 0.016220657276995305
13290 2 0.199625 0.924319248826291 0.24625 0.15136150234741785
