26506 21 0.6085 0.52796875 0.06525 0.11285416666666667
26506 21 0.8760781249999999 0.4621458333333333 0.0840625 0.08404166666666667
26506 21 0.28515625 0.45515625000000004 0.08221875 0.08277083333333332
26506 21 0.08738281249999999 0.45059375 0.037359375 0.07010416666666666
26506 9 0.47603125 0.35612499999999997 0.03378125 0.010208333333333335
26506 9 0.6584453125 0.3554791666666667 0.015921875 0.009375
26506 1 0.2698125 0.35861458333333335 0.0059375 0.014812500000000001
26506 1 0.2615703125 0.35817708333333337 0.007015625 0.0183125
26506 1 0.2483828125 0.3642916666666666 0.006921874999999999 0.0069166666666666664
26506 1 0.11825000000000001 0.34953125 0.0063750000000000005 0.021604166666666664
26506 1 0.12437500000000001 0.34938541666666667 0.00409375 0.0173125
26506 1 0.5974453125 0.3818645833333333 0.007359375 0.019395833333333334
26506 1 0.275875 0.36478125 0.0049375 0.006104166666666667
