13983 1 0.9567890625000001 0.5748958333333333 0.085203125 0.13745833333333335
13983 1 0.8657031250000001 0.5714374999999999 0.1233125 0.128375
13983 1 0.42944531250000006 0.6701145833333333 0.15332812499999998 0.29231250000000003
13983 1 0.5355546875 0.6760104166666667 0.090015625 0.31460416666666663
13983 59 0.20010937499999998 0.8890104166666667 0.26568749999999997 0.10985416666666666
13983 59 0.780484375 0.8796875 0.15615625 0.13058333333333333
13983 59 0.4683125 0.8741666666666666 0.26378124999999997 0.119375
13983 59 0.89403125 0.8288333333333334 0.21156250000000001 0.058791666666666666
13983 59 0.8065468750000001 0.7829374999999998 0.18053125 0.043875
13983 59 0.7592421874999999 0.7442083333333334 0.11392187499999999 0.051458333333333335
13983 59 0.651734375 0.7208125 0.04484375 0.025458333333333336
13983 59 0.678890625 0.8805208333333334 0.15 0.12466666666666668
13983 59 0.6351875 0.7008645833333333 0.03875 0.008854166666666666
13983 59 0.6111328125 0.6892083333333334 0.026890625 0.011875
13983 59 0.37693750000000004 0.7577083333333333 0.08515625 0.022708333333333334
