12115 16 0.7008046875 0.10010538641686184 0.039078125000000005 0.040491803278688523
12115 1 0.252625 0.6797658079625293 0.265375 0.6089929742388759
12115 1 0.5004921875 0.5345550351288056 0.091609375 0.16175644028103042
12115 1 0.6067031249999999 0.6202341920374708 0.13443750000000002 0.31971896955503515
12115 1 0.45803125 0.7546838407494145 0.1304375 0.18426229508196723
12115 1 0.6909453125 0.605784543325527 0.063765625 0.11873536299765809
12115 16 0.451234375 0.158536299765808 0.04140625 0.07777517564402811
12115 16 0.80115625 0.10954332552693208 0.02975 0.047939110070257605
12115 16 0.9273906250000001 0.07934426229508196 0.049062499999999995 0.06810304449648712
12115 16 0.4733124999999999 0.15247072599531614 0.07465625000000001 0.16409836065573769
12115 16 0.006953125 0.8549882903981264 0.01390625 0.029601873536299766
12115 16 0.0827890625 0.8605152224824356 0.013140625 0.02594847775175644
12115 16 0.660703125 0.6660304449648712 0.039531250000000004 0.0694847775175644
12115 1 0.41431250000000003 0.5493325526932085 0.076875 0.14063231850117094
