26208 44 0.1961015625 0.22185011709601873 0.166796875 0.4414519906323185
26208 44 0.46775 0.17956674473067916 0.15209375 0.35482435597189693
26208 44 0.56553125 0.15686182669789228 0.0945 0.3111475409836066
26208 59 0.25094531249999996 0.6677868852459016 0.23742187499999998 0.5450351288056206
26208 59 0.5142578125 0.747751756440281 0.23089062500000002 0.4247306791569087
26208 59 0.6748828125 0.6875644028103045 0.284421875 0.3913817330210773
26208 59 0.8403046875 0.631615925058548 0.31851562499999997 0.4151288056206089
26208 59 0.5534687500000001 0.4205620608899297 0.1409375 0.18651053864168618
26208 59 0.439296875 0.4715339578454332 0.1529375 0.18878220140515223
26208 59 0.6756796875 0.3770491803278688 0.20992187499999998 0.15943793911007026
26208 44 0.33845312499999997 0.20727166276346604 0.19953125 0.406768149882904
26208 79 0.8311015625 0.1596018735362998 0.337796875 0.3192037470725996
