43635 32 0.712338204592902 0.69225 0.02964509394572025 0.1285
43635 31 0.11855949895615867 0.49760937499999996 0.06321503131524009 0.0705625
43635 31 0.2072651356993737 0.48340625 0.02208768267223382 0.057125
43635 31 0.23941544885177454 0.7100546875 0.019832985386221295 0.07420312500000001
43635 31 0.4283924843423799 0.6891406250000001 0.025093945720250522 0.0295
43635 1 0.11900835073068894 0.5350234375 0.09951983298538622 0.214203125
43635 1 0.21922755741127348 0.5221796875 0.08475991649269311 0.194578125
43635 1 0.22059498956158663 0.7156484375 0.1434446764091858 0.174328125
43635 1 0.3681002087682672 0.7126796875 0.16037578288100207 0.181984375
43635 1 0.6774634655532359 0.7385546875 0.24970772442588726 0.420203125
43635 1 0.9410229645093946 0.846953125 0.044133611691022964 0.21246874999999998
43635 1 0.6201565762004175 0.432203125 0.05154488517745303 0.08653125
43635 1 0.5681837160751566 0.4393671875 0.042755741127348645 0.09829687499999999
43635 1 0.34392484342379953 0.4399453125 0.043883089770354905 0.08692187500000001
43635 1 0.39447807933194157 0.422359375 0.039645093945720244 0.0775625
43635 27 0.26018789144050103 0.554015625 0.038121085594989564 0.0535625
43635 31 0.6376722338204592 0.42662500000000003 0.02265135699373695 0.014781250000000001
43635 31 0.2404488517745303 0.4264375 0.020521920668058455 0.03409375
43635 77 0.29436325678496866 0.6889843750000001 0.0118580375782881 0.00403125
43635 77 0.1955114822546973 0.658625 0.008517745302713988 0.011375
43635 1 0.430250521920668 0.4204296875 0.030981210855949896 0.070390625
43635 1 0.14312108559498954 0.4259921875 0.042818371607515664 0.083265625
43635 31 0.5705219206680585 0.43899999999999995 0.03302713987473904 0.0198125
43635 1 0.16841336116910227 0.43569531249999993 0.0348643006263048 0.098421875
43635 1 0.35386221294363257 0.44375 0.3778705636743215 0.13125
