27041 62 0.7567187499999999 0.6035831381733021 0.40146875 0.7928337236533959
27041 2 0.4201796875 0.20775175644028104 0.19829687499999998 0.15456674473067916
27041 3 0.220390625 0.20937939110070258 0.32290625 0.11852459016393442
27041 3 0.454171875 0.18987119437939107 0.059750000000000004 0.04241217798594848
27041 3 0.04321875 0.22694379391100702 0.085875 0.072903981264637
27041 3 0.052671875 0.1551639344262295 0.0258125 0.04573770491803279
27041 1 0.5597421875 0.5078805620608899 0.434265625 0.9617096018735363
27041 1 0.7446171875 0.21704918032786888 0.030109375 0.11245901639344263
27041 1 0.8514296874999999 0.2225058548009368 0.030171874999999997 0.06711943793911007
27041 1 0.8308906250000001 0.22430913348946135 0.0236875 0.056299765807962525
27041 1 0.8041015625 0.206943793911007 0.019140625 0.04269320843091335
27041 1 0.9714140624999998 0.3519555035128806 0.057171875000000004 0.22395784543325525
27041 1 0.017734375 0.1697775175644028 0.01240625 0.03618266978922716
27041 1 0.060773437500000006 0.18795081967213115 0.018234375 0.04555035128805621
27041 1 0.780859375 0.18991803278688524 0.02121875 0.04358313817330211
27041 28 0.8493046875000001 0.1172599531615925 0.30139062499999997 0.234519906323185
27041 73 0.3021015625 0.38072599531615925 0.251015625 0.33573770491803284
27041 1 0.89396875 0.21716627634660424 0.03896875 0.06454332552693208
27041 1 0.8187578125 0.2220608899297424 0.009109375 0.0375175644028103
27041 3 0.3978515625 0.2001288056206089 0.049765625 0.04133489461358313
27041 3 0.48312499999999997 0.23489461358313818 0.04746875 0.05826697892271662
27041 1 0.48675781249999994 0.1909016393442623 0.011421875 0.0222248243559719
27041 3 0.1274140625 0.19365339578454333 0.093015625 0.07339578454332553
27041 27 0.331 0.9023302107728336 0.21259375 0.19533957845433256
27041 33 0.72534375 0.26261124121779855 0.029906250000000002 0.06822014051522247
27041 3 0.436625 0.24378220140515222 0.08846875 0.07177985948477751
