23489 9 0.464875 0.5546370023419204 0.34621875 0.12454332552693208
23489 1 0.4421953125 0.4733138173302108 0.038078125000000004 0.07323185011709601
23489 1 0.505671875 0.4892857142857143 0.06353125 0.04690866510538642
23489 1 0.5129218750000001 0.23333723653395785 0.02025 0.05355971896955504
23489 1 0.3756875 0.4907025761124122 0.057437499999999996 0.06651053864168618
23489 15 0.49319531250000004 0.2660772833723653 0.041140625 0.03932084309133489
23489 1 0.40207031249999997 0.23357142857142857 0.007703125 0.018711943793911008
23489 2 0.51425 0.2511826697892272 0.02803125 0.023536299765807966
23489 2 0.03321875 0.24878220140515223 0.03521875 0.03601873536299766
23489 2 0.9256249999999999 0.2526463700234192 0.017468749999999998 0.020281030444964872
23489 1 0.43689062500000003 0.2361007025761124 0.0039375 0.017213114754098358
23489 1 0.926953125 0.23914519906323184 0.012718750000000001 0.03749414519906324
23489 1 0.319015625 0.2428454332552693 0.00621875 0.008594847775175643
