46660 22 0.34044791666666663 0.605625 0.6775208333333332 0.7663055555555556
46660 1 0.9770833333333333 0.8086111111111112 0.04583333333333333 0.16305555555555556
46660 1 0.9323333333333335 0.8093194444444444 0.05383333333333333 0.1733611111111111
46660 1 0.8851354166666666 0.7530694444444445 0.06235416666666667 0.2644722222222222
46660 1 0.9601666666666666 0.6731944444444444 0.07966666666666668 0.096
46660 1 0.8004791666666666 0.5995277777777778 0.04829166666666666 0.15066666666666667
46660 1 0.9432083333333333 0.4885833333333333 0.039749999999999994 0.06461111111111112
46660 1 0.8864791666666666 0.5877777777777777 0.042375 0.07194444444444444
46660 1 0.9668125000000001 0.5683611111111111 0.05508333333333334 0.03644444444444444
46660 1 0.66434375 0.43418055555555557 0.043979166666666666 0.05141666666666667
46660 1 0.8541041666666668 0.53325 0.04466666666666667 0.12677777777777777
46660 62 0.6023229166666667 0.5355277777777777 0.033229166666666664 0.027333333333333334
46660 62 0.6243229166666667 0.3747361111111111 0.017062499999999998 0.015472222222222222
46660 62 0.57696875 0.41420833333333335 0.0118125 0.01163888888888889
46660 62 0.7510520833333333 0.3978888888888889 0.03172916666666667 0.03711111111111111
46660 1 0.8450520833333334 0.7369027777777777 0.052270833333333336 0.10969444444444446
46660 1 0.7821770833333335 0.6848055555555556 0.07202083333333334 0.2798333333333333
46660 62 0.72503125 0.3903055555555556 0.022687500000000003 0.01988888888888889
46660 62 0.5936354166666666 0.45230555555555557 0.0208125 0.0225
46660 62 0.6960208333333334 0.4446666666666666 0.021041666666666667 0.020166666666666666
46660 62 0.55965625 0.3470138888888889 0.02764583333333333 0.01336111111111111
46660 1 0.85221875 0.6504861111111111 0.028729166666666663 0.06319444444444444
46660 62 0.56575 0.49683333333333335 0.041375 0.04044444444444444
46660 1 0.7395833333333334 0.5194444444444445 0.5166666666666667 0.7666666666666667
