33416 22 0.3016875 0.5157291666666667 0.6 0.7707916666666667
33416 22 0.103171875 0.7144895833333333 0.20634375 0.5710208333333333
33416 1 0.7508437499999999 0.5932604166666666 0.33540625 0.7865208333333332
33416 1 0.9058046875000001 0.49327083333333327 0.113203125 0.28275
33416 1 0.6370546874999999 0.45767708333333335 0.088171875 0.26427083333333334
33416 1 0.435671875 0.67303125 0.146625 0.6269791666666666
33416 1 0.3682578125 0.12696875 0.11629687500000001 0.2539375
33416 1 0.896609375 0.3929479166666667 0.0963125 0.1448125
33416 1 0.8244374999999999 0.7269687499999999 0.351125 0.5146041666666666
33416 1 0.8435703125 0.3785 0.046484375 0.057416666666666664
