1586 77 0.44415625 0.49963529411764707 0.0320625 0.04162352941176471
1586 77 0.701875 0.5004588235294117 0.02253125 0.04896470588235294
1586 1 0.4078125 0.5507411764705882 0.23025 0.6292000000000001
1586 1 0.68290625 0.5390823529411765 0.25678125 0.6365176470588235
1586 31 0.5297578125 0.7775294117647058 0.074609375 0.21124705882352943
1586 31 0.6883984375 0.723870588235294 0.09085937499999999 0.2534823529411765
1586 31 0.639203125 0.46896470588235295 0.062343749999999996 0.19463529411764705
1586 3 0.5335078125 0.25537647058823526 0.497734375 0.23009411764705884
1586 3 0.8779140625 0.3624588235294117 0.24348437500000003 0.21814117647058823
1586 31 0.3262578125 0.37821176470588236 0.076671875 0.07905882352941176
1586 31 0.4317734375000001 0.7436 0.153140625 0.2984470588235294
