24608 3 0.06867187500000001 0.3371205821205821 0.13734375000000001 0.15415800415800418
24608 3 0.22109375 0.32582120582120583 0.14290624999999998 0.13646569646569648
24608 3 0.244046875 0.7584303534303535 0.48809375 0.47415800415800413
24608 1 0.4921953125 0.29046777546777547 0.022671875 0.06517671517671518
24608 1 0.6550703125 0.284043659043659 0.022796875 0.08646569646569648
24608 1 0.5901484375 0.31721413721413716 0.034765625 0.06033264033264033
24608 1 0.6280546874999999 0.342016632016632 0.042234375000000005 0.11817047817047818
24608 1 0.3580546875 0.3053014553014553 0.021015625 0.0940956340956341
24608 1 0.812359375 0.32135135135135134 0.03715625 0.16178794178794179
24608 1 0.6690937499999999 0.32944906444906447 0.0570625 0.09652806652806653
24608 1 0.7102421875 0.2750519750519751 0.025296875000000003 0.03517671517671518
24608 1 0.62665625 0.2793139293139293 0.026250000000000002 0.0681081081081081
24608 1 0.4781953124999999 0.2856340956340956 0.019390625 0.056133056133056136
24608 15 0.6951171875 0.36676715176715174 0.046078125 0.05291060291060291
24608 1 0.3732421875 0.303024948024948 0.021828125 0.11424116424116425
24608 4 0.46668750000000003 0.5840540540540541 0.83090625 0.5309355509355509
24608 1 0.7090859375 0.3062058212058212 0.023078124999999998 0.051496881496881496
24608 1 0.5392265625 0.295051975051975 0.027078124999999998 0.07247401247401247
24608 1 0.27265625 0.2765072765072765 0.0203125 0.04573804573804574
