2315 22 0.40916406250000004 0.7207395833333333 0.042859375 0.08614583333333334
2315 22 0.6285000000000001 0.4913020833333333 0.03159375 0.04810416666666666
2315 22 0.377390625 0.63853125 0.053093749999999995 0.05477083333333333
2315 22 0.42260156249999997 0.6044375 0.047609374999999995 0.05458333333333333
2315 22 0.549734375 0.4738541666666667 0.06609374999999999 0.094625
2315 22 0.6780625 0.46761458333333333 0.05140625 0.08697916666666666
2315 22 0.7775078124999999 0.6798437500000001 0.047359374999999995 0.057979166666666665
2315 22 0.8085625000000001 0.6524479166666667 0.05675 0.0560625
2315 22 0.094484375 0.49090625 0.056499999999999995 0.09352083333333333
2315 22 0.5037109375 0.6070208333333333 0.035671875 0.06795833333333333
2315 22 0.7607109375 0.65309375 0.038546875 0.058562499999999997
2315 22 0.1277265625 0.43242708333333335 0.029109375 0.0546875
2315 22 0.058976562499999996 0.5651666666666667 0.056109374999999996 0.056666666666666664
