35589 37 0.571078125 0.5320140515222482 0.007593750000000001 0.009508196721311474
35589 1 0.6891796875 0.6131850117096019 0.102640625 0.2681498829039813
35589 1 0.8659296875000001 0.30450819672131146 0.062734375 0.12770491803278688
35589 1 0.149125 0.438208430913349 0.1139375 0.16138173302107728
35589 1 0.6067968749999999 0.17881733021077284 0.03621875 0.07074941451990632
35589 1 0.633796875 0.959824355971897 0.059750000000000004 0.07805620608899297
35589 39 0.7000703125000001 0.5164519906323185 0.043953124999999996 0.06540983606557377
35589 40 0.8406015625000001 0.3001405152224824 0.012046875 0.015737704918032787
35589 40 0.6146640624999999 0.1843793911007026 0.007859375 0.013676814988290398
35589 40 0.8030390625000001 0.6287470725995316 0.023515625000000002 0.031077283372365337
35589 40 0.10325781249999999 0.4134543325526932 0.012046875 0.0182903981264637
35589 1 0.292203125 0.9205854800936768 0.051531249999999994 0.09878220140515222
35589 1 0.523125 0.9613700234192037 0.0483125 0.07725995316159251
35589 1 0.08033593750000001 0.9163700234192038 0.051984375000000006 0.07405152224824356
35589 1 0.160984375 0.93788056206089 0.04059375 0.055807962529274
35589 1 0.20232031250000002 0.9219203747072598 0.041515625 0.07156908665105387
35589 1 0.23296875 0.9295784543325527 0.028249999999999997 0.04304449648711944
35589 1 0.8704765625 0.6680093676814989 0.115984375 0.23526932084309132
35589 1 0.49921875 0.8512880562060889 0.9984375 0.2927400468384075
