22291 62 0.274078125 0.626116504854369 0.09346875 0.21262135922330097
22291 1 0.5755 0.4888025889967637 0.3113125 0.9776051779935274
22291 1 0.885953125 0.2699029126213592 0.05437499999999999 0.16336569579288024
22291 1 0.8266718750000001 0.30898058252427185 0.0665 0.24346278317152104
22291 1 0.7836171875000001 0.33697411003236244 0.038390625 0.14598705501618123
22291 1 0.7063203125 0.27050161812297735 0.056421874999999996 0.096084142394822
22291 1 0.334171875 0.2842718446601942 0.10200000000000001 0.37080906148867315
22291 1 0.4251796875 0.2860355987055016 0.054359375 0.14637540453074432
22291 1 0.45730468750000003 0.42095469255663426 0.054078125 0.12119741100323625
22291 43 0.8503203124999998 0.8869902912621359 0.22379687499999998 0.1717799352750809
22291 1 0.7611328125 0.2613592233009709 0.036015625 0.10880258899676375
22291 62 0.188140625 0.6316828478964401 0.0758125 0.22019417475728156
22291 1 0.510375 0.4151132686084143 0.0553125 0.12686084142394824
22291 1 0.392515625 0.4194822006472492 0.06771875000000001 0.13249190938511327
22291 1 0.7204765625 0.33901294498381873 0.053453125000000004 0.11614886731391585
22291 1 0.49096093749999997 0.32467637540453076 0.05142187499999999 0.22857605177993526
22291 1 0.6703125 0.3106796116504854 0.634375 0.3106796116504854
