26166 1 0.28225 0.56359375 0.02390625 0.11514583333333334
26166 1 0.39584375 0.488875 0.0061875 0.029458333333333333
26166 1 0.8555390624999999 0.4756145833333333 0.007515625 0.0198125
26166 1 0.8420859374999999 0.47527083333333336 0.007921875 0.022333333333333334
26166 1 0.6428203125 0.49670833333333336 0.012640624999999999 0.026416666666666665
26166 9 0.6034843750000001 0.5024895833333333 0.08065625 0.019895833333333335
26166 38 0.87425 0.3431770833333333 0.01490625 0.041979166666666665
26166 38 0.970453125 0.20418750000000002 0.0164375 0.03991666666666667
26166 38 0.8297812500000001 0.37903125 0.010781250000000001 0.0234375
26166 38 0.600171875 0.34278125000000004 0.01834375 0.020520833333333332
26166 38 0.688203125 0.22990624999999998 0.0189375 0.036104166666666666
26166 38 0.5009453125000001 0.3443125 0.010703124999999999 0.03254166666666666
26166 38 0.46662499999999996 0.4135520833333333 0.01140625 0.025354166666666667
26166 38 0.3809140625 0.31623958333333335 0.010078125 0.02285416666666667
26166 38 0.5450234375 0.40078125 0.011453125 0.021020833333333332
26166 1 0.42874999999999996 0.485875 0.007625 0.021166666666666667
26166 1 0.1315 0.4923541666666667 0.0046875 0.026791666666666665
26166 1 0.3557109375 0.5347395833333334 0.016328125 0.07502083333333333
26166 1 0.8798828125 0.47380208333333335 0.006703125 0.0209375
26166 1 0.6995546875 0.47641666666666665 0.006609375000000001 0.019291666666666665
26166 1 0.6205390625 0.47568750000000004 0.006953125 0.020916666666666663
26166 1 0.7734687499999999 0.47338541666666667 0.00396875 0.016854166666666667
26166 1 0.42203125 0.4826770833333333 0.007000000000000001 0.015270833333333334
26166 38 0.228625 0.47097916666666667 0.099875 0.293375
26166 38 0.365625 0.55 0.71875 0.15
