3528 1 0.5567798594847775 0.671765625 0.12391100702576112 0.19746875
3528 1 0.8717447306791569 0.6904843749999999 0.22943793911007027 0.21046874999999998
3528 1 0.10694379391100703 0.657234375 0.1333255269320843 0.255
3528 1 0.2817798594847775 0.680390625 0.040562060889929745 0.07009375
3528 1 0.36747072599531616 0.6892968749999999 0.0507728337236534 0.08737500000000001
3528 1 0.23905152224824355 0.7119921875 0.0747775175644028 0.06348437500000001
3528 1 0.18088992974238877 0.7154296875 0.05362997658079625 0.061484375
3528 1 0.21505854800936772 0.6679999999999999 0.03962529274004684 0.029187499999999998
3528 31 0.7301522248243559 0.6388359374999999 0.07210772833723653 0.079953125
3528 31 0.5014051522248244 0.6956796875 0.038126463700234196 0.053203125
3528 1 0.4484894613583138 0.688890625 0.126768149882904 0.1678125
3528 1 0.723864168618267 0.6687734375 0.13475409836065574 0.20985937500000001
3528 1 0.32666276346604217 0.6914843749999999 0.04756440281030445 0.079375
3528 1 0.9549882903981265 0.671046875 0.047962529274004684 0.070875
3528 34 0.6089929742388758 0.2803125 0.047540983606557376 0.03259375
3528 31 0.4389695550351288 0.6830859375 0.05690866510538642 0.063859375
