7159 1 0.40637605042016806 0.7157265625 0.19035714285714286 0.307859375
7159 1 0.1781827731092437 0.6688046875 0.17960084033613444 0.277484375
7159 1 0.3138025210084034 0.4178671875 0.08861344537815126 0.080765625
7159 1 0.587594537815126 0.5745546874999999 0.04762605042016807 0.053140625
7159 1 0.6338235294117647 0.6306875 0.05647058823529411 0.04121875
7159 35 0.34316176470588233 0.4600625 0.03497899159663865 0.029187499999999998
7159 1 0.7261659663865546 0.61525 0.07098739495798319 0.09553125
7159 35 0.20103991596638657 0.8123828124999999 0.06182773109243697 0.066578125
7159 35 0.1039390756302521 0.7797265625 0.12859243697478992 0.05795312500000001
7159 35 0.4210504201680672 0.84709375 0.09008403361344539 0.061281249999999995
