38923 1 0.320171875 0.5567924528301886 0.039531250000000004 0.18669811320754717
38923 1 0.515265625 0.5216981132075472 0.013718749999999998 0.03929245283018868
38923 1 0.6584375 0.5180896226415095 0.03125 0.06966981132075471
38923 1 0.34469531249999996 0.5658844339622642 0.037328125000000004 0.18709905660377357
38923 1 0.36482031249999997 0.5367570754716982 0.013015625 0.10908018867924528
38923 1 0.50078125 0.5233018867924528 0.0165 0.05160377358490566
38923 1 0.378609375 0.540566037735849 0.020874999999999998 0.10429245283018868
38923 1 0.6284921875 0.5443396226415095 0.032796874999999996 0.08594339622641509
38923 1 0.9172265625 0.5536674528301887 0.032953125 0.06134433962264151
38923 1 0.8758671875000001 0.5387853773584905 0.024484375 0.06827830188679244
38923 1 0.1475546875 0.5261674528301887 0.027984375 0.12068396226415094
38923 1 0.21389062499999997 0.5282311320754717 0.02090625 0.05169811320754717
38923 32 0.45872656250000005 0.538808962264151 0.009140625 0.04242924528301886
38923 1 0.2717109375 0.5505542452830189 0.023828125 0.11988207547169812
38923 4 0.7428984375 0.838195754716981 0.37517187500000004 0.29662735849056604
38923 4 0.9481171875000001 0.6359551886792453 0.103765625 0.2831367924528302
38923 4 0.410875 0.8072405660377358 0.1403125 0.14797169811320754
38923 4 0.17859375 0.754127358490566 0.3571875 0.4295283018867925
38923 4 0.056999999999999995 0.5897759433962264 0.11399999999999999 0.12691037735849056
38923 4 0.6085546875 0.5860966981132075 0.114484375 0.15662735849056603
38923 4 0.749859375 0.6099174528301887 0.1759375 0.1379009433962264
38923 4 0.8740234375 0.6236674528301887 0.094046875 0.15294811320754714
38923 4 0.6735234375 0.5597051886792452 0.042484375000000005 0.07799528301886792
38923 4 0.10807031249999999 0.6517924528301886 0.079078125 0.06938679245283019
38923 4 0.10215624999999999 0.5999764150943396 0.06978124999999999 0.09929245283018868
38923 4 0.353265625 0.8000353773584906 0.587375 0.3999292452830189
38923 4 0.253125 0.5530778301886793 0.09496875 0.10728773584905661
38923 1 0.34296875 0.5683962264150944 0.2703125 0.21226415094339623
38923 4 0.43515625 0.6698113207547169 0.8578125 0.37735849056603776
