23737 18 0.6354054054054055 0.33632 0.31819819819819817 0.18928
23737 1 0.3261411411411411 0.64638 0.5554054054054054 0.67312
23737 1 0.723993993993994 0.39005 0.014594594594594595 0.01294
23737 41 0.5049099099099099 0.85183 0.2733033033033033 0.19082
23737 1 0.7742042042042042 0.40042 0.022342342342342343 0.0474
23737 1 0.6841591591591591 0.39313 0.009279279279279278 0.0241
23737 1 0.8488288288288289 0.38314000000000004 0.011111111111111112 0.0152
23737 1 0.8573123123123123 0.38764000000000004 0.01018018018018018 0.02496
23737 1 0.8846696696696698 0.39391000000000004 0.017987987987987987 0.027620000000000002
23737 1 0.15349849849849848 0.38397 0.02057057057057057 0.02002
23737 41 0.766996996996997 0.42055000000000003 0.027627627627627625 0.0035800000000000003
