20935 44 0.2604375 0.6922964509394572 0.038843749999999996 0.14793319415448852
20935 44 0.4436484375 0.5222546972860125 0.022640625 0.06338204592901879
20935 77 0.6168750000000001 0.6442797494780793 0.03240625 0.013820459290187891
20935 62 0.15060156249999998 0.832776617954071 0.177421875 0.33444676409185803
20935 62 0.365015625 0.9118475991649269 0.334875 0.1454070981210856
20935 62 0.42067187500000003 0.4907098121085595 0.09296875 0.09068893528183715
20935 67 0.391546875 0.7312630480167014 0.42009375000000004 0.14991649269311066
20935 67 0.392890625 0.4293319415448852 0.12456249999999999 0.05866388308977036
20935 73 0.48805468750000003 0.6107933194154488 0.18070312500000002 0.16288100208768266
20935 73 0.46089843750000004 0.6736847599164927 0.21976562500000002 0.2032776617954071
20935 27 0.811421875 0.3960125260960334 0.030656250000000003 0.12822546972860124
20935 27 0.8064453125 0.5714613778705637 0.08004687499999999 0.18400835073068894
20935 27 0.1740703125 0.7651670146137787 0.19342187500000002 0.33484342379958243
20935 1 0.526609375 0.41774530271398747 0.10290625 0.20617954070981212
20935 1 0.64728125 0.6838308977035491 0.34646875 0.6314613778705638
20935 1 0.876765625 0.46028183716075155 0.12590625 0.4808141962421712
20935 1 0.45578906249999995 0.38269311064718164 0.05689062499999999 0.10697286012526097
20935 1 0.26489843750000003 0.5558037578288101 0.21360937500000002 0.3707724425887265
20935 1 0.3044296875 0.37807933194154486 0.075578125 0.10421711899791232
20935 1 0.10633593749999999 0.3741127348643007 0.052703124999999997 0.20835073068893528
20935 1 0.39884375 0.38505219206680585 0.06281250000000001 0.08676409185803759
20935 1 0.05795312500000001 0.40586638830897703 0.06371875 0.13949895615866387
20935 1 0.0567421875 0.549133611691023 0.108765625 0.3693319415448852
20935 1 0.6383281249999999 0.443705636743215 0.1430625 0.19125260960334028
20935 1 0.21745312500000002 0.40922755741127353 0.0754375 0.14012526096033404
20935 27 0.38525 0.8641022964509394 0.2214375 0.27179540709812106
20935 31 0.12032812499999998 0.47768267223382044 0.0673125 0.060960334029227556
20935 44 0.35290625000000003 0.4177974947807933 0.011125 0.038517745302713985
20935 44 0.36735937500000004 0.4167118997912317 0.0109375 0.036263048016701466
20935 44 0.168203125 0.4533402922755741 0.01440625 0.0453027139874739
20935 62 0.7038671875 0.829206680584551 0.216953125 0.3146137787056367
20935 62 0.06323437500000001 0.6959498956158664 0.10965625000000001 0.2854279749478079
20935 62 0.5179296875 0.4816179540709812 0.12064062499999999 0.11563674321503131
20935 62 0.961578125 0.4720250521920668 0.07425000000000001 0.13478079331941545
20935 62 0.3720625 0.5197286012526097 0.0421875 0.08922755741127349
20935 72 0.5207734374999999 0.040407098121085595 0.043453124999999995 0.08081419624217119
20935 76 0.4889765625000001 0.7262108559498955 0.061828125 0.06582463465553236
20935 76 0.5038125 0.6582985386221294 0.07906250000000001 0.04498956158663883
20935 44 0.5039453125000001 0.48481210855949897 0.020609375 0.03442588726513569
20935 67 0.10626562499999999 0.5333194154488518 0.11499999999999999 0.05594989561586639
20935 67 0.5169453125000001 0.4396346555323591 0.124171875 0.029373695198329854
20935 73 0.381859375 0.4047703549060543 0.032937499999999995 0.02386221294363257
20935 1 0.207296875 0.39662839248434234 0.05096874999999999 0.1308768267223382
20935 62 0.8199296875 0.7542066805845511 0.090296875 0.42002087682672234
20935 62 0.14838281250000002 0.43412317327766176 0.029484375 0.07492693110647182
