42953 1 0.7387109374999999 0.7698958333333333 0.19032812500000001 0.43870833333333337
42953 1 0.49859375000000006 0.8662500000000001 0.11681250000000001 0.24379166666666666
42953 1 0.08140625 0.7638437499999999 0.06521875 0.15652083333333333
42953 1 0.3262421875 0.8338125000000001 0.061484375 0.22129166666666666
42953 1 0.2691953125 0.7771145833333333 0.047796875 0.1593125
42953 1 0.3071953125 0.7226145833333334 0.021984375 0.06435416666666667
42953 36 0.09537500000000002 0.7788229166666666 0.11181250000000001 0.0695625
42953 36 0.30646875 0.8663124999999999 0.047531250000000004 0.19070833333333334
42953 1 0.284765625 0.7119270833333332 0.017937500000000002 0.04152083333333333
42953 1 0.3260546875 0.9572499999999999 0.278921875 0.08549999999999999
42953 1 0.4396484375 0.6539791666666667 0.018046875 0.041041666666666664
42953 1 0.338515625 0.7322083333333332 0.03565625 0.10054166666666667
42953 1 0.37415625 0.754125 0.00925 0.04895833333333333
42953 35 0.3654921875 0.7886562500000001 0.027921875000000002 0.26589583333333333
42953 35 0.3067890625 0.8560104166666667 0.050609375 0.21647916666666667
42953 35 0.2611796875 0.8271458333333332 0.006984374999999999 0.08420833333333334
