44739 7 0.4611171875 0.49212941176470587 0.462609375 0.7685411764705882
44739 15 0.9716171874999999 0.6439529411764706 0.043515625 0.13694117647058823
44739 1 0.7825859375 0.4818117647058824 0.047578125 0.16056470588235294
44739 1 0.800015625 0.4823764705882353 0.03265625 0.19181176470588235
44739 1 0.833421875 0.47858823529411765 0.035312500000000004 0.20677647058823528
44739 1 0.9338203125 0.5489999999999999 0.056515625 0.3267058823529412
44739 1 0.9841015624999999 0.4799294117647058 0.030515625 0.22978823529411763
44739 31 0.8060234375 0.45681176470588236 0.020203125 0.04425882352941176
44739 1 0.8987031249999999 0.5361529411764706 0.052031249999999994 0.31762352941176475
44739 1 0.8176640624999999 0.473835294117647 0.019640625000000002 0.16936470588235294
44739 1 0.8885781250000001 0.5111411764705883 0.04790625 0.31616470588235296
44739 1 0.8612265625 0.4747411764705882 0.030203124999999997 0.19385882352941178
