36563 77 0.133921875 0.35472283813747224 0.01925 0.06235033259423504
36563 77 0.5021718749999999 0.21759423503325945 0.0111875 0.009201773835920178
36563 77 0.5388671875 0.2695676274944568 0.020390625000000002 0.00853658536585366
36563 77 0.5700078125 0.30498891352549884 0.011078125 0.005454545454545454
36563 1 0.7907968750000001 0.4128270509977827 0.17853125 0.6098669623059867
36563 1 0.689609375 0.4414412416851441 0.10315624999999999 0.5202660753880266
36563 1 0.48776562500000004 0.3664079822616408 0.09040625 0.48376940133037694
36563 1 0.259125 0.5837028824833703 0.29071875 0.8228824833702882
36563 1 0.5987265625 0.4074611973392461 0.134765625 0.5097782705099778
36563 77 0.7249140625 0.22977827050997782 0.034203125 0.030643015521064302
36563 77 0.64275 0.322549889135255 0.0168125 0.010953436807095344
36563 1 0.541296875 0.39310421286031044 0.10553125000000001 0.4917960088691796
