20904 28 0.16163934426229506 0.7564453125 0.21494145199063233 0.038546875
20904 28 0.3014988290398127 0.7827031249999999 0.17545667447306793 0.0555625
20904 3 0.08031615925058548 0.8305468749999999 0.16063231850117096 0.12675
20904 1 0.3637587822014051 0.859546875 0.09430913348946136 0.2045
20904 1 0.27449648711943797 0.8775234375000001 0.11789227166276348 0.159546875
20904 1 0.1768384074941452 0.86146875 0.08861826697892272 0.178375
20904 1 0.9323770491803278 0.7950078125 0.03482435597189695 0.10067187500000001
20904 13 0.3934074941451991 0.664609375 0.08840749414519906 0.06546874999999999
20904 28 0.9232435597189694 0.746671875 0.06007025761124121 0.02496875
20904 2 0.4110304449648712 0.8838203124999999 0.11227166276346603 0.108328125
20904 3 0.6460889929742388 0.840859375 0.33864168618266977 0.1381875
20904 3 0.45638173302107726 0.8363671874999999 0.24620608899297422 0.161421875
20904 3 0.9680093676814989 0.8351875 0.06398126463700234 0.0803125
20904 27 0.17762295081967214 0.82678125 0.048688524590163935 0.04675
