43110 1 0.631953125 0.4269672131147541 0.1484375 0.7145901639344262
43110 1 0.4247109375 0.4170374707259953 0.081328125 0.30700234192037473
43110 1 0.719671875 0.36236533957845435 0.040125 0.08515222482435597
43110 1 0.794359375 0.35708430913348943 0.04846875 0.2713114754098361
43110 1 0.8826953124999999 0.33024590163934425 0.015328125000000001 0.08451990632318503
43110 1 0.469640625 0.4228688524590164 0.0311875 0.18044496487119438
43110 36 0.7899765625 0.4728688524590164 0.048015625 0.04812646370023419
43110 35 0.4312265625 0.5532669789227166 0.065640625 0.023114754098360654
43110 35 0.5956640624999999 0.7713583138173302 0.159046875 0.07372365339578454
43110 35 0.20346875 0.8495433255269321 0.12050000000000001 0.09215456674473069
43110 35 0.45332812499999997 0.5130562060889929 0.051000000000000004 0.01594847775175644
43110 1 0.8480078124999999 0.3519789227166277 0.018484375 0.04901639344262295
