30719 1 0.731140625 0.8060655737704918 0.06940625 0.18473067915690866
30719 1 0.4688671875 0.49396955503512885 0.026265624999999997 0.07913348946135831
30719 1 0.2941328125 0.5113583138173302 0.023640625000000002 0.06079625292740047
30719 1 0.26415625 0.41046838407494146 0.0185 0.04252927400468384
30719 1 0.3805078125 0.3474121779859485 0.013765625 0.02864168618266979
30719 1 0.6259765625 0.31923887587822014 0.011484375 0.03028103044496487
30719 1 0.5775781249999999 0.33799765807962534 0.02328125 0.03407494145199064
30719 35 0.7383203125000001 0.8883372365339579 0.062640625 0.013911007025761125
30719 35 0.4725625 0.5250936768149883 0.016 0.013653395784543325
30719 1 0.28361718750000003 0.2431381733021077 0.007984375 0.019578454332552692
30719 1 0.6639765625 0.20563231850117095 0.006859374999999999 0.018243559718969554
30719 35 0.27058593750000004 0.42961358313817327 0.010421875 0.018430913348946136
30719 35 0.5858125000000001 0.35144028103044495 0.009125 0.006674473067915691
30719 35 0.38366406249999996 0.359215456674473 0.016015625 0.010421545667447307
30719 35 0.30207031250000005 0.5342505854800936 0.027515625 0.015245901639344262
