47942 1 0.28578125 0.42231250000000004 0.09465625 0.19833333333333333
47942 1 0.7460703125 0.3969583333333333 0.023390625 0.07591666666666666
47942 1 0.490453125 0.4274166666666667 0.08090625 0.16854166666666667
47942 1 0.463765625 0.33065624999999993 0.00965625 0.0595625
47942 1 0.326296875 0.27778125000000004 0.0056875 0.021687500000000002
47942 1 0.141671875 0.25765625 0.013875000000000002 0.0315625
47942 1 0.048257812500000004 0.24496874999999999 0.011328125 0.02722916666666667
47942 1 0.20001562499999997 0.26647916666666666 0.00696875 0.03883333333333334
47942 1 0.0186171875 0.24028125000000003 0.008546874999999999 0.023604166666666666
47942 42 0.24944531250000002 0.45459375 0.090140625 0.06335416666666667
47942 42 0.577375 0.492 0.186 0.034625
47942 1 0.526984375 0.30791666666666667 0.00709375 0.01954166666666667
47942 1 0.319203125 0.2753125 0.00540625 0.024874999999999998
47942 1 0.3123359375 0.27751041666666665 0.005984375 0.0296875
47942 1 0.3006796875 0.2830729166666667 0.008109375 0.034937499999999996
47942 1 0.09765625 0.24270833333333333 0.1578125 0.03958333333333333
