41020 19 0.4220390625 0.5377795527156549 0.48382812499999994 0.7408945686900958
41020 3 0.8102812500000001 0.5922444089456869 0.10965625000000001 0.18324281150159744
41020 1 0.3989453125 0.22965654952076675 0.173640625 0.3438178913738019
41020 1 0.8848515625000001 0.5857268370607029 0.093328125 0.2799520766773163
41020 1 0.96478125 0.6263338658146965 0.061625 0.2232108626198083
41020 1 0.7883515625 0.6134424920127796 0.051765625 0.18068690095846646
41020 1 0.13171875 0.5784744408945687 0.06937499999999999 0.18349840255591054
41020 1 0.1711640625 0.5922044728434505 0.033671875000000004 0.17977635782747606
41020 77 0.7174296874999999 0.5286341853035144 0.0062656249999999995 0.005351437699680511
41020 77 0.8992812499999999 0.5372923322683707 0.0098125 0.01196485623003195
41020 31 0.7017421875000001 0.5591773162939297 0.032546874999999996 0.0909744408945687
41020 31 0.1403828125 0.548314696485623 0.033421875000000004 0.076629392971246
41020 31 0.092 0.5554872204472844 0.029218749999999998 0.06222044728434505
41020 1 0.8657656250000001 0.5785063897763578 0.03771875 0.24222044728434505
41020 1 0.40333593749999996 0.6668849840255592 0.07270312500000001 0.11738019169329074
41020 1 0.3280390625 0.642891373801917 0.042765625 0.08578274760383386
41020 1 0.0958515625 0.5773961661341853 0.028171875000000002 0.16111821086261982
41020 1 0.9286953124999998 0.5811980830670926 0.042765625 0.21584664536741216
41020 1 0.6278671875 0.6056948881789138 0.071234375 0.2866932907348243
41020 1 0.7343359375 0.5889776357827476 0.08317187499999999 0.2185623003194888
