39555 3 0.85667 0.7675625 0.28666 0.4336875
39555 3 0.70506 0.7503437500000001 0.19440000000000002 0.3225625
39555 3 0.6546000000000001 0.658203125 0.24775999999999998 0.32078125
39555 3 0.5361 0.640765625 0.13332 0.25896875
39555 3 0.22321 0.6755156250000001 0.21813999999999997 0.28215625
39555 10 0.51095 0.22328125000000001 0.02286 0.081375
39555 10 0.63563 0.43679687500000003 0.02166 0.07909374999999999
39555 1 0.42316999999999994 0.50546875 0.020059999999999998 0.0465
39555 8 0.28634 0.516609375 0.08524 0.10015624999999999
39555 8 0.37246999999999997 0.60021875 0.13454 0.1846875
39555 13 0.81886 0.364453125 0.05396 0.11684375
