41671 67 0.49926562499999994 0.5651639344262295 0.9985312499999999 0.8471896955503513
41671 46 0.1683046875 0.43017564402810304 0.291515625 0.8040515222482435
41671 48 0.4708828125 0.513887587822014 0.075609375 0.0644496487119438
41671 57 0.8417890625 0.7026463700234191 0.071546875 0.07625292740046839
41671 61 0.656421875 0.4608548009367681 0.3046875 0.23243559718969556
41671 61 0.651484375 0.6571779859484778 0.28871875 0.2892505854800937
41671 46 0.9192265624999999 0.20094847775175642 0.12701562500000002 0.3830679156908665
41671 47 0.377078125 0.17093676814988293 0.1214375 0.31461358313817334
41671 47 0.252625 0.2662997658079625 0.1304375 0.40224824355971894
41671 48 0.279078125 0.9557025761124123 0.0689375 0.08859484777517564
41671 47 0.4837734375 0.4112646370023419 0.079203125 0.17185011709601872
41671 47 0.055453125000000006 0.34156908665105384 0.11090625000000001 0.37142857142857144
41671 47 0.1369140625 0.3374590163934426 0.201484375 0.41679156908665105
41671 57 0.48215624999999995 0.8429391100702576 0.08815625 0.10536299765807963
