47281 3 0.27821875 0.7156794055201698 0.09996875 0.1043524416135881
47281 3 0.1869609375 0.6636730360934183 0.101640625 0.044543524416135884
47281 3 0.252265625 0.6624416135881104 0.068 0.03320594479830149
47281 3 0.3959453125 0.6916878980891719 0.053578125 0.05577494692144373
47281 3 0.1259765625 0.6707643312101911 0.059109375 0.05681528662420383
47281 3 0.0389765625 0.6734076433121019 0.077953125 0.06384288747346072
47281 3 0.2752734375 0.6585031847133759 0.043546875 0.025116772823779193
47281 3 0.2847265625 0.6471125265392782 0.032328125 0.016475583864118896
47281 3 0.305234375 0.663248407643312 0.027718749999999997 0.0162208067940552
47281 3 0.41314843749999997 0.6687154989384289 0.027921875000000002 0.025286624203821658
47281 8 0.0724375 0.6596496815286624 0.112125 0.08707006369426751
