37433 64 0.430171875 0.723356807511737 0.07546875 0.2040845070422535
37433 72 0.804640625 0.6226408450704225 0.10546875 0.16049295774647887
37433 62 0.6088671875 0.7121596244131455 0.089609375 0.20563380281690138
37433 62 0.2674921875 0.6900938967136151 0.111484375 0.1647887323943662
37433 63 0.130265625 0.8451525821596243 0.26053125 0.26237089201877933
37433 63 0.690046875 0.8913849765258215 0.3955625 0.21723004694835682
37433 46 0.4183125 0.8144014084507042 0.025656250000000002 0.09565727699530517
37433 46 0.4453984375 0.8235915492957747 0.026609375 0.09676056338028169
37433 44 0.48410937499999995 0.7492136150234743 0.0234375 0.059600938967136155
37433 62 0.6893906249999999 0.8911854460093898 0.3943125 0.21762910798122065
