47004 28 0.3764609375 0.20412280701754387 0.262984375 0.08539961013645225
47004 3 0.8537968749999999 0.433635477582846 0.1274375 0.07779727095516568
47004 3 0.76640625 0.41888888888888887 0.08121874999999999 0.0816374269005848
47004 10 0.6092890625 0.2427777777777778 0.057234375000000004 0.05128654970760234
47004 1 0.341484375 0.5476900584795322 0.2071875 0.6979922027290448
47004 3 0.7068046874999999 0.433401559454191 0.072140625 0.07167641325536063
47004 1 0.4083984375 0.4977777777777778 0.146171875 0.4803508771929824
47004 1 0.48457812499999997 0.40539961013645226 0.02253125 0.06471734892787524
47004 1 0.5083359375 0.4007407407407408 0.030515625 0.053567251461988305
47004 3 0.5721875 0.4549805068226121 0.27090625 0.13007797270955165
47004 3 0.7165859375 0.39940545808966865 0.028671875000000003 0.02251461988304094
47004 3 0.6514140625 0.3918615984405458 0.055265625 0.03666666666666667
