30731 9 0.5071796875 0.47621875 0.313640625 0.5592291666666667
30731 1 0.4099453125 0.6969479166666667 0.0044843750000000005 0.0095625
30731 1 0.5054609375 0.69640625 0.020734375 0.044812500000000005
30731 18 0.680078125 0.94296875 0.01221875 0.030312500000000003
30731 1 0.4878125000000001 0.6975208333333334 0.0208125 0.04516666666666667
30731 1 0.4118203125 0.7064166666666666 0.009765625 0.027291666666666665
30731 1 0.6426953125 0.6640104166666667 0.014671875000000001 0.06247916666666666
30731 18 0.7880312500000001 0.9354479166666666 0.01753125 0.0366875
30731 1 0.7664296875 0.9063020833333333 0.033765625 0.10414583333333334
30731 1 0.9143125 0.7959166666666667 0.01615625 0.03279166666666667
30731 1 0.9356796875000001 0.7917083333333333 0.026203125 0.04429166666666667
