9919 48 0.9275390625 0.2929895833333333 0.064859375 0.19402083333333334
9919 57 0.42850781250000003 0.25378125 0.069734375 0.0516875
9919 57 0.41158593749999994 0.282125 0.047546875 0.043708333333333335
9919 57 0.3959765625 0.24378125 0.040984375 0.052270833333333336
9919 57 0.42074999999999996 0.22571875 0.04303125 0.05902083333333333
9919 57 0.4435703125 0.17903124999999998 0.051015624999999995 0.04839583333333333
9919 57 0.514046875 0.31535416666666666 0.094375 0.08762500000000001
9919 57 0.4768828125 0.24684375 0.028734375 0.05322916666666667
9919 57 0.49466406249999995 0.20225 0.032015625 0.04045833333333334
9919 57 0.43653906249999996 0.33455208333333336 0.12173437499999999 0.13889583333333333
9919 57 0.55115625 0.2532083333333333 0.0319375 0.05445833333333334
9919 67 0.49887499999999996 0.4943854166666667 0.9977499999999999 0.9842708333333333
9919 49 0.8810703125 0.2068229166666667 0.026421875 0.09393750000000001
9919 57 0.48548437499999997 0.2719166666666667 0.10378125 0.12379166666666667
9919 47 0.067703125 0.050708333333333334 0.12209375 0.09595833333333334
9919 57 0.473375 0.14676041666666664 0.058437499999999996 0.06493750000000001
9919 57 0.5186015625 0.2359895833333333 0.047546875 0.0559375
