8422 7 0.3662109375 0.5270520833333333 0.5175468750000001 0.2515625
8422 1 0.713640625 0.5527604166666666 0.053437500000000006 0.15439583333333334
8422 1 0.909203125 0.5702083333333333 0.14715625000000002 0.18270833333333333
8422 1 0.83171875 0.5610729166666667 0.030906250000000003 0.14018750000000002
8422 1 0.7985546875 0.5419479166666666 0.018953125 0.07222916666666666
8422 1 0.5449296875 0.5509791666666667 0.028546875 0.08195833333333334
8422 1 0.7469921875 0.5582916666666667 0.035953125 0.14291666666666666
8422 27 0.57284375 0.53584375 0.014687500000000001 0.030645833333333334
8422 1 0.574234375 0.5498020833333332 0.02790625 0.08497916666666666
8422 1 0.6666953125 0.5505104166666667 0.021453125 0.06335416666666667
8422 27 0.8604765625 0.51821875 0.028015625 0.022187500000000002
8422 1 0.587609375 0.5473333333333333 0.010249999999999999 0.05354166666666667
8422 1 0.77671875 0.5402916666666666 0.0173125 0.06925
8422 1 0.6787109375 0.5510208333333334 0.010671875 0.05454166666666667
8422 1 0.821125 0.5529895833333334 0.0145625 0.09052083333333334
