16931 13 0.19841 0.2019387755102041 0.30413999999999997 0.3082507288629738
16931 3 0.42624 0.8745918367346939 0.834 0.1865014577259475
16931 3 0.308 0.7308309037900874 0.19188 0.09810495626822158
16931 3 0.5357999999999999 0.7099271137026238 0.10679999999999999 0.09425655976676384
16931 3 0.6464599999999999 0.6969970845481049 0.08484 0.0944606413994169
16931 3 0.6712899999999999 0.6772886297376093 0.09334 0.09930029154518952
16931 3 0.80529 0.6318804664723031 0.06902 0.04574344023323615
16931 3 0.8975599999999999 0.6605830903790088 0.06656000000000001 0.0905539358600583
16931 3 0.8874200000000001 0.6016326530612245 0.053200000000000004 0.031137026239067056
16931 3 0.7856599999999999 0.7668950437317785 0.19004 0.21169096209912536
16931 3 0.46968 0.7070991253644314 0.08884 0.11040816326530611
16931 3 0.55551 0.7049125364431487 0.10162 0.11256559766763848
16931 3 0.38621999999999995 0.7087900874635569 0.18452000000000002 0.16813411078717203
16931 3 0.7286 0.6192857142857142 0.037880000000000004 0.02749271137026239
16931 3 0.802 0.7040816326530612 0.304 0.2536443148688047
