30109 37 0.22751562499999997 0.6527405857740586 0.0338125 0.04230125523012552
30109 37 0.615296875 0.6319351464435147 0.032468750000000005 0.04236401673640167
30109 37 0.2817578125 0.5247280334728033 0.442796875 0.35506276150627614
30109 1 0.2718984375 0.5483054393305439 0.067140625 0.2382008368200837
30109 1 0.27526562499999996 0.41427824267782426 0.085375 0.14131799163179914
30109 1 0.18665625000000002 0.448755230125523 0.05609375 0.19089958158995815
30109 1 0.1208984375 0.31556485355648534 0.027578125 0.09075313807531381
30109 1 0.702703125 0.5658682008368201 0.05565625 0.2251255230125523
30109 1 0.31621875 0.32684100418410045 0.0398125 0.1000836820083682
30109 1 0.702140625 0.5663284518828452 0.0494375 0.22851464435146443
30109 1 0.5482890625000001 0.5729393305439331 0.077328125 0.3035355648535565
30109 1 0.47367187499999996 0.35035564853556483 0.02484375 0.12196652719665271
30109 1 0.8710703125 0.46853556485355646 0.067140625 0.3213389121338912
30109 1 0.41603124999999996 0.33847280334728036 0.014468749999999999 0.08715481171548116
30109 1 0.443671875 0.3601046025104602 0.01315625 0.05410041841004184
30109 37 0.45307031249999996 0.38851464435146443 0.008484374999999999 0.01184100418410042
30109 37 0.6548828125 0.39633891213389116 0.008046875 0.009414225941422594
30109 1 0.43580468749999995 0.3647594142259414 0.012953125 0.05470711297071129
30109 1 0.75234375 0.4497907949790795 0.0640625 0.2217573221757322
