9615 4 0.725421875 0.5827395833333334 0.026437500000000003 0.0398125
9615 1 0.715265625 0.5535729166666667 0.05240625 0.09677083333333333
9615 3 0.6288515625 0.6690416666666666 0.254546875 0.26091666666666663
9615 3 0.3607421875 0.55234375 0.109984375 0.11439583333333332
9615 3 0.2022734375 0.4672291666666667 0.056203125 0.05491666666666666
9615 3 0.250765625 0.45605208333333336 0.02946875 0.03227083333333333
9615 3 0.4062734375 0.44316666666666665 0.029046875 0.03491666666666667
9615 3 0.6951640625000001 0.44090625000000006 0.018890625 0.02314583333333333
9615 3 0.1566875 0.5520520833333333 0.12228125000000001 0.11389583333333334
9615 3 0.31953906249999997 0.4584895833333333 0.038109375 0.04102083333333333
9615 3 0.5945546875000001 0.5278541666666666 0.092703125 0.04945833333333333
9615 3 0.4662265625 0.44034375000000003 0.033640625 0.010812500000000001
9615 3 0.43033593749999993 0.44453125 0.020765625 0.0189375
9615 3 0.679953125 0.43724999999999997 0.0169375 0.029833333333333333
