43333 21 0.814765625 0.660962441314554 0.20059375 0.24840375586854457
43333 21 0.16534374999999998 0.6672300469483569 0.19384375 0.1991549295774648
43333 21 0.3976015625 0.6679577464788733 0.178484375 0.18103286384976527
43333 21 0.24853125 0.6619953051643193 0.09040625 0.1352582159624413
43333 21 0.63465625 0.696537558685446 0.19271875 0.14476525821596245
43333 21 0.6929218749999999 0.6725469483568075 0.18953124999999998 0.22223004694835682
43333 21 0.9202890625 0.6302347417840375 0.027390625000000002 0.09901408450704226
43333 21 0.9442890625 0.627406103286385 0.046515625 0.07894366197183099
43333 21 0.9856093750000001 0.6282394366197183 0.02878125 0.0871830985915493
43333 21 0.9907109375 0.5811619718309858 0.018578125 0.08781690140845069
