26026 22 0.5119609374999999 0.5908196721311475 0.40598437499999995 0.6622014051522248
26026 1 0.009226562499999999 0.44551522248243564 0.018421874999999997 0.13524590163934427
26026 1 0.07565625000000001 0.4805503512880562 0.027125 0.11744730679156909
26026 1 0.5274375 0.2575644028103044 0.1418125 0.3153629976580796
26026 1 0.5617578125 0.24592505854800933 0.049234375000000004 0.2243559718969555
26026 1 0.639765625 0.6981967213114754 0.10893749999999999 0.4091334894613583
26026 1 0.5888203125 0.2506791569086651 0.058359375000000005 0.31728337236533954
26026 1 0.7728984375 0.5287822014051522 0.035609375 0.1379391100702576
26026 1 0.821140625 0.4741100702576113 0.05034375 0.21613583138173303
26026 1 0.6602421875 0.25230679156908664 0.087234375 0.3040046838407494
26026 15 0.7101796874999999 0.21186182669789227 0.077296875 0.04358313817330211
26026 15 0.0640546875 0.2333606557377049 0.128109375 0.032201405152224825
26026 15 0.8956328125 0.22459016393442624 0.207328125 0.017611241217798595
26026 15 0.8883906249999999 0.25446135831381733 0.22321875000000002 0.02288056206088993
26026 15 0.7143906250000001 0.16855971896955504 0.11403125 0.06016393442622951
26026 15 0.902140625 0.19973067915690865 0.19571875 0.03515222482435597
26026 15 0.8805078125 0.27772833723653395 0.237703125 0.01962529274004684
26026 15 0.6733515625000001 0.28983606557377045 0.046203125 0.021826697892271662
26026 15 0.6858046875 0.25956674473067914 0.070234375 0.04035128805620609
26026 15 0.8279687499999999 0.12988290398126462 0.3440625 0.02566744730679157
26026 15 0.9108984375 0.1757377049180328 0.178203125 0.025105386416861827
26026 62 0.30062500000000003 0.19543325526932084 0.0404375 0.06908665105386416
26026 62 0.3283046875 0.1890515222482436 0.032921875 0.0630679156908665
26026 1 0.6264921875 0.24880562060889932 0.08267187499999999 0.3168618266978923
26026 1 0.8503671875000001 0.49709601873536297 0.060515624999999997 0.2581264637002342
26026 1 0.9022109374999999 0.4792857142857143 0.047296875 0.24236533957845433
26026 3 0.304453125 0.4495081967213115 0.04140625 0.08618266978922716
26026 1 0.9844687500000001 0.5230327868852459 0.0310625 0.29327868852459016
26026 15 0.910671875 0.14934426229508196 0.1785 0.038969555035128806
26026 31 0.893171875 0.47955503512880565 0.022875 0.08210772833723654
26026 15 0.4611328125 0.1594847775175644 0.078453125 0.018079625292740046
26026 1 0.59921875 0.2728337236533958 0.0671875 0.21311475409836064
26026 15 0.49921875 0.32435597189695553 0.9984375 0.3911007025761124
