17089 24 0.525 0.6561770833333334 0.61853125 0.5797708333333333
17089 24 0.840453125 0.7269687499999999 0.31909375 0.4202291666666667
17089 24 0.2780234375 0.4354270833333333 0.346640625 0.2856458333333334
17089 24 0.561234375 0.43370833333333336 0.2426875 0.23370833333333335
17089 24 0.8233124999999999 0.18764583333333335 0.35225 0.298875
17089 24 0.7671015625 0.09425 0.220484375 0.12404166666666666
17089 24 0.6007734375 0.18454166666666666 0.163828125 0.27241666666666664
17089 24 0.4253125 0.19457291666666668 0.37778125 0.25185416666666666
17089 24 0.2065 0.12828124999999999 0.3168125 0.21322916666666666
17089 24 0.31004687499999994 0.4875520833333333 0.16175 0.13964583333333333
17089 24 0.1171328125 0.654 0.234265625 0.591875
17089 24 0.9205781250000001 0.38494791666666667 0.15884375 0.21714583333333334
