48670 28 0.23296875 0.34531380753138075 0.11421875 0.047740585774058576
48670 3 0.10796093749999999 0.3543933054393305 0.21592187499999999 0.10309623430962343
48670 3 0.3752578125 0.3476046025104603 0.20389062500000002 0.09642259414225943
48670 3 0.9420468750000002 0.3435041841004184 0.11590625000000002 0.10094142259414227
48670 3 0.697984375 0.3357531380753138 0.23756249999999998 0.120418410041841
48670 3 0.425390625 0.30549163179916317 0.0876875 0.04161087866108787
48670 3 0.5726796875 0.30564853556485355 0.07485937499999999 0.04560669456066946
48670 6 0.809953125 0.28578451882845185 0.14025 0.08968619246861924
48670 1 0.955578125 0.28556485355648537 0.012562499999999999 0.02326359832635983
48670 8 0.2427578125 0.27567991631799166 0.213421875 0.08910041841004185
48670 10 0.8070546875 0.07917364016736401 0.017546875 0.0852510460251046
48670 10 0.95784375 0.10986401673640167 0.017937500000000002 0.014330543933054392
48670 10 0.63109375 0.2544456066945607 0.021281249999999998 0.027301255230125523
48670 3 0.9033749999999999 0.30188284518828457 0.0499375 0.04548117154811715
48670 10 0.8496406249999999 0.19634937238493722 0.01603125 0.03219665271966527
48670 10 0.837328125 0.20087866108786612 0.01690625 0.024435146443514643
48670 1 0.2191796875 0.4885146443514644 0.081296875 0.2481589958158996
