3124 27 0.0426796875 0.6458670520231213 0.053109375 0.028766859344894025
3124 27 0.5353515625 0.6061464354527939 0.056921875 0.07722543352601156
3124 1 0.9341953125 0.4653082851637765 0.121890625 0.36452793834296726
3124 1 0.8533671875 0.7606358381502891 0.258390625 0.19672447013487473
3124 1 0.41285156250000005 0.47240847784200385 0.21857812499999998 0.6546820809248555
3124 1 0.3013984375 0.43390173410404625 0.031890625 0.034238921001926784
3124 1 0.6530546875000001 0.46280346820809254 0.031171874999999998 0.06148362235067437
3124 1 0.2722421875 0.4279094412331406 0.056515625 0.1568208092485549
3124 1 0.16559374999999998 0.4476878612716763 0.042249999999999996 0.07757225433526012
3124 1 0.5912734374999999 0.4224662813102119 0.044421875 0.15649325626204239
3124 1 0.055171875 0.42592485549132947 0.057437499999999996 0.17127167630057805
3124 1 0.024687499999999998 0.42391136801541424 0.044875 0.1639306358381503
3124 27 0.63109375 0.6122254335260116 0.0573125 0.04853564547206166
3124 27 0.22154687499999998 0.605568400770713 0.03596875 0.04620423892100193
3124 31 0.7811796875 0.4647591522157996 0.015703125000000002 0.03595375722543353
3124 34 0.28821093750000004 0.0971868978805395 0.07029687500000001 0.04543352601156069
3124 1 0.8028515625000001 0.47839113680154144 0.10023437500000001 0.2891136801541426
3124 1 0.1511796875 0.40899807321772635 0.040890625 0.10820809248554912
3124 1 0.5458203125 0.4605009633911368 0.035203125 0.0628131021194605
3124 27 0.362109375 0.6202312138728324 0.09378125000000001 0.07267822736030828
3124 1 0.5 0.4720616570327553 0.996875 0.35452793834296725
