47757 4 0.5033515625 0.5807604166666667 0.8288593750000001 0.6912708333333334
47757 1 0.5456328125 0.056645833333333326 0.033015625 0.06749999999999999
47757 1 0.626046875 0.11031250000000001 0.0675 0.21870833333333334
47757 4 0.284828125 0.33595833333333336 0.56965625 0.6584166666666668
47757 4 0.7914765625 0.8233645833333334 0.41479687500000006 0.3295625
47757 1 0.48414843750000003 0.08360416666666667 0.08935937499999999 0.16720833333333335
47757 1 0.25871093749999996 0.04494791666666667 0.055609375 0.08539583333333334
47757 4 0.150265625 0.18311458333333336 0.30053125 0.2518125
47757 1 0.8939609374999999 0.035854166666666666 0.054328125000000005 0.07170833333333333
47757 1 0.711234375 0.10561458333333333 0.07415625 0.21122916666666666
47757 1 0.3757421875 0.056499999999999995 0.090796875 0.11245833333333333
47757 1 0.570484375 0.08577083333333334 0.05953125 0.17154166666666668
47757 1 0.037078124999999997 0.14044791666666664 0.07078124999999999 0.17752083333333332
47757 4 0.1106171875 0.10657291666666667 0.15045312500000002 0.21314583333333334
47757 1 0.9674453125000001 0.32825 0.065109375 0.360375
47757 1 0.32571875 0.05698958333333334 0.05896875 0.11397916666666667
