46329 41 0.5774843749999999 0.768408203125 0.12815625 0.13087890625
46329 1 0.7345937499999999 0.285576171875 0.0268125 0.03697265625
46329 1 0.586515625 0.3238671875 0.19703125 0.305703125
46329 1 0.5408906250000001 0.276845703125 0.20190625 0.34787109375
46329 1 0.6540234375 0.4066796875 0.148671875 0.2387890625
46329 1 0.6651640624999999 0.617294921875 0.298421875 0.50337890625
46329 1 0.7712343749999999 0.38259765625000003 0.14103125 0.1640234375
46329 1 0.8275859375 0.40138671875 0.087796875 0.1265234375
46329 1 0.86559375 0.412431640625 0.0670625 0.14099609375
46329 1 0.9171249999999999 0.47428710937499996 0.063 0.13494140625
46329 1 0.8520703124999999 0.516318359375 0.128265625 0.19794921875
46329 1 0.70734375 0.41310546875 0.17940625 0.290390625
46329 1 0.9414687500000001 0.58697265625 0.1155 0.25234375
46329 1 0.4726875 0.25296874999999996 0.20790625000000001 0.339140625
46329 41 0.1105 0.20921875 0.1565625 0.1102734375
46329 1 0.49921875 0.3896484375 0.9984375 0.736328125
