30255 9 0.49884976525821595 0.8303046875 0.9963380281690141 0.108578125
30255 1 0.5754225352112676 0.7520781249999999 0.020187793427230045 0.02584375
30255 1 0.37184272300469484 0.7502187499999999 0.02692488262910798 0.0469375
30255 1 0.3388262910798122 0.76778125 0.04943661971830986 0.03525
30255 1 0.7636971830985915 0.7637421875 0.042511737089201876 0.032015625
30255 1 0.385387323943662 0.7689999999999999 0.031244131455399064 0.032125
30255 1 0.2991784037558685 0.7668046875 0.03488262910798122 0.036484375
30255 1 0.5366431924882629 0.7349453125000001 0.027183098591549295 0.018609375
30255 1 0.3129225352112676 0.7496562499999999 0.02870892018779343 0.03965625
30255 1 0.3384859154929578 0.73534375 0.03471830985915493 0.016
30255 1 0.6676760563380282 0.7313046875 0.03877934272300469 0.063234375
30255 1 0.018943661971830988 0.769734375 0.03305164319248826 0.0408125
30255 1 0.055152582159624416 0.7759453125 0.04274647887323944 0.028296875
30255 1 0.10428403755868544 0.7706328125 0.040070422535211266 0.038984375
30255 1 0.40375586854460094 0.759375 0.5821596244131455 0.078125
