1270 1 0.6571718750000001 0.6392708333333333 0.12203125 0.39941666666666664
1270 1 0.8015156250000001 0.4166666666666667 0.1266875 0.3107916666666667
1270 1 0.551828125 0.3148020833333333 0.0624375 0.30847916666666664
1270 1 0.24405468749999998 0.6068020833333333 0.130953125 0.4829791666666667
1270 39 0.6321953125 0.7042083333333333 0.038109375 0.097625
1270 1 0.24684375000000003 0.36644791666666665 0.09712499999999999 0.20710416666666667
1270 1 0.372375 0.3714791666666667 0.12778125 0.19237500000000002
1270 1 0.4975546875 0.3942395833333333 0.084390625 0.2066875
1270 40 0.29876562500000003 0.55259375 0.030656250000000003 0.06264583333333333
1270 44 0.711796875 0.6252604166666667 0.012125 0.04602083333333333
1270 44 0.6990000000000001 0.6269895833333334 0.0131875 0.04602083333333333
1270 1 0.147125 0.5629479166666668 0.15165625 0.5176875
1270 1 0.387484375 0.21185416666666665 0.0701875 0.23258333333333334
1270 15 0.05140625 0.47504166666666664 0.1028125 0.013208333333333332
1270 15 0.44107812499999993 0.48364583333333333 0.2760625 0.035833333333333335
1270 1 0.34099218750000004 0.21911458333333336 0.050671875 0.14885416666666668
1270 1 0.522703125 0.27484375 0.0206875 0.09456250000000001
1270 1 0.432546875 0.2822604166666667 0.0494375 0.08960416666666667
1270 1 0.12409375 0.34396875000000005 0.061406249999999996 0.1149375
