16403 1 0.40748958333333335 0.439765625 0.8089791666666667 0.8764062499999999
16403 1 0.17419791666666667 0.30085937500000004 0.0460625 0.06909375
16403 1 0.24240625000000002 0.291703125 0.09139583333333333 0.05321875
16403 1 0.3217708333333334 0.2941875 0.04058333333333333 0.029406250000000002
16403 47 0.9494374999999999 0.8932578124999999 0.10112499999999999 0.213484375
16403 58 0.38993750000000005 0.8018828125 0.20754166666666668 0.26179687500000004
16403 1 0.30281250000000004 0.2993828125 0.021833333333333333 0.022265625
16403 1 0.23626041666666667 0.28397656250000003 0.0321875 0.045140625000000004
16403 1 0.9916979166666666 0.3356484375 0.016604166666666666 0.016609375000000003
16403 3 0.8463125 0.31764843750000005 0.04895833333333333 0.022234375
16403 67 0.7445625 0.8573046875000001 0.3985 0.092140625
16403 1 0.1251875 0.2804140625 0.04695833333333333 0.109546875
16403 3 0.9118333333333334 0.33845312499999997 0.14741666666666667 0.04815625
16403 3 0.7760416666666666 0.3373046875 0.029958333333333333 0.010015625
16403 54 0.3964166666666667 0.792609375 0.169625 0.25009375
16403 67 0.54153125 0.9295937500000001 0.7668125 0.1408125
16403 1 0.3528541666666667 0.2967890625 0.025 0.021421875
