4296 47 0.9001250000000001 0.7144999999999999 0.053437500000000006 0.08004166666666666
4296 47 0.63628125 0.5348333333333333 0.01875 0.042041666666666665
4296 47 0.6528046875 0.5332708333333334 0.018796874999999998 0.042124999999999996
4296 47 0.606734375 0.53321875 0.0155 0.029729166666666664
4296 79 0.5316796874999999 0.6915937500000001 0.16895312499999998 0.2460625
4296 31 0.45084375000000004 0.9494375 0.12640625 0.07416666666666667
4296 44 0.1586796875 0.6383020833333333 0.021515625 0.07577083333333333
4296 44 0.6152656249999999 0.4986979166666667 0.02215625 0.08218750000000001
4296 44 0.6350234375 0.4876979166666667 0.022484375 0.06635416666666667
4296 50 0.4044140625 0.5516354166666666 0.033984375 0.017270833333333332
