25374 19 0.20015625000000004 0.5082435597189696 0.13343750000000001 0.251615925058548
25374 21 0.6925859375000001 0.43668618266978926 0.074328125 0.17693208430913349
25374 21 0.9451093749999998 0.42880562060889926 0.0455 0.12088992974238875
25374 21 0.8161249999999999 0.4208548009367682 0.053468749999999995 0.13243559718969555
25374 21 0.4145546875 0.5071779859484777 0.055484374999999996 0.16629976580796255
25374 21 0.37298437500000003 0.3589929742388759 0.017656250000000002 0.020655737704918034
25374 21 0.0369765625 0.33365339578454334 0.020953125 0.03278688524590164
25374 21 0.267875 0.3570023419203747 0.02953125 0.026557377049180327
25374 1 0.1977578125 0.4116510538641686 0.070578125 0.24180327868852458
25374 21 0.47466406250000004 0.48317330210772835 0.070859375 0.16302107728337237
25374 21 0.3406953125 0.3512997658079625 0.026234374999999997 0.023395784543325526
25374 21 0.5408125 0.3752693208430913 0.0244375 0.028430913348946138
25374 21 0.6510703125 0.44925058548009367 0.031046875 0.11981264637002341
25374 21 0.62675 0.4613348946135832 0.034437499999999996 0.10992974238875877
