7539 67 0.5 0.5 1.0 1.0
7539 1 0.4145234374999999 0.13789583333333333 0.6306093749999999 0.27129166666666665
7539 47 0.8334296875 0.496625 0.318546875 0.5572916666666666
7539 47 0.0556171875 0.3906354166666667 0.10785937500000001 0.40447916666666667
7539 47 0.3950390625 0.19066666666666665 0.181953125 0.21241666666666664
7539 50 0.9590390625000002 0.24001041666666667 0.081921875 0.16472916666666665
7539 47 0.8986640625 0.09403125 0.08254687499999999 0.05397916666666667
7539 51 0.4592734375 0.40786458333333336 0.43314062499999995 0.2539375
7539 51 0.6080234375 0.23441666666666666 0.224796875 0.15391666666666665
7539 51 0.3780234375 0.7347604166666667 0.747328125 0.5022708333333333
7539 51 0.7892187500000001 0.11944791666666667 0.13896875 0.09264583333333333
7539 51 0.080859375 0.241875 0.07162500000000001 0.13233333333333333
