16483 62 0.47157031250000003 0.7487616822429907 0.049484375000000004 0.12107476635514018
16483 38 0.8627890624999999 0.2309345794392523 0.026671875 0.026962616822429904
16483 38 0.610265625 0.36586448598130844 0.00303125 0.0045327102803738315
16483 38 0.5207890625 0.4010514018691589 0.008328125 0.012102803738317756
16483 1 0.47407812499999996 0.6541238317757009 0.034 0.11100467289719626
16483 1 0.36046093749999997 0.7560981308411215 0.06742187499999999 0.11266355140186915
16483 1 0.429984375 0.6668107476635513 0.035562500000000004 0.06801401869158878
16483 1 0.6213359375 0.7292056074766355 0.044484375 0.08705607476635513
16483 1 0.662453125 0.7224766355140186 0.04228125 0.08327102803738318
16483 1 0.593734375 0.706623831775701 0.04040625 0.06577102803738318
16483 1 0.68540625 0.7335864485981309 0.04940625 0.08572429906542056
16483 1 0.5541640624999999 0.7309929906542056 0.057109375 0.08707943925233645
16483 1 0.906609375 0.6606892523364487 0.02303125 0.09016355140186917
16483 1 0.49646093750000003 0.6466705607476635 0.021078125 0.07894859813084112
16483 1 0.9483593750000001 0.693679906542056 0.0330625 0.13432242990654206
16483 28 0.629046875 0.5862616822429906 0.10284374999999998 0.0647196261682243
16483 28 0.9258203125 0.5520560747663551 0.14835937500000002 0.07411214953271028
16483 28 0.42935937499999993 0.5812499999999999 0.0504375 0.030864485981308414
16483 28 0.4809140625 0.5821495327102804 0.056578125 0.03331775700934579
16483 28 0.3105234375 0.5841355140186917 0.038984375 0.029906542056074768
16483 28 0.37761718749999995 0.5869392523364485 0.045421875 0.027523364485981305
16483 28 0.200875 0.5773598130841121 0.039875 0.03364485981308411
16483 28 0.1211796875 0.5761214953271029 0.050015624999999994 0.030233644859813082
16483 28 0.2553203125 0.5807710280373831 0.046828125 0.02219626168224299
16483 38 0.31053125000000004 0.42255841121495324 0.00440625 0.007359813084112149
16483 38 0.301109375 0.4485981308411215 0.008125 0.01
16483 38 0.7669140624999999 0.09158878504672897 0.010640624999999999 0.020841121495327103
16483 38 0.6489140625 0.4886565420560747 0.008359374999999999 0.010724299065420561
16483 62 0.208734375 0.713855140186916 0.0480625 0.08785046728971962
16483 62 0.11346875000000001 0.6835864485981308 0.04065625 0.0636214953271028
16483 27 0.19964062500000002 0.8598130841121495 0.06584375 0.1402336448598131
16483 62 0.07071093749999999 0.7530023364485982 0.067765625 0.1086214953271028
16483 1 0.9861093750000001 0.649894859813084 0.01859375 0.1150233644859813
16483 31 0.980453125 0.6769275700934578 0.02484375 0.03394859813084112
16483 31 0.947265625 0.6190771028037384 0.00409375 0.016565420560747664
16483 38 0.46352343749999997 0.37134345794392526 0.007890625 0.01114485981308411
16483 38 0.5027890625 0.530303738317757 0.005515625 0.006869158878504673
16483 38 0.373671875 0.46318925233644853 0.0036249999999999998 0.0075
16483 38 0.2898359375 0.4829672897196262 0.004921875 0.0068224299065420555
16483 38 0.135984375 0.4425700934579439 0.007375 0.010841121495327103
16483 38 0.361609375 0.43091121495327106 0.006812500000000001 0.012429906542056075
16483 1 0.43464843750000004 0.7469042056074766 0.059109375 0.2666588785046729
16483 1 0.49921875 0.7616822429906542 0.9984375 0.4719626168224299
16483 38 0.47734375 0.42757009345794394 0.8953125 0.2616822429906542
