44017 3 0.254453125 0.8202291666666667 0.38946875 0.23183333333333334
44017 3 0.655953125 0.7271354166666666 0.13359375 0.1300625
44017 3 0.5490468749999999 0.6736562500000001 0.06559374999999999 0.0515625
44017 3 0.39205468750000005 0.6235625 0.024578125 0.027666666666666666
44017 4 0.71375 0.8883020833333333 0.04425 0.11797916666666668
44017 4 0.7756640625 0.96078125 0.12892187500000002 0.0751875
44017 4 0.33792187500000004 0.6723541666666666 0.01665625 0.038625
44017 1 0.70771875 0.8028854166666667 0.073625 0.17127083333333332
44017 1 0.4379921875 0.75309375 0.045015625 0.11164583333333335
44017 1 0.5210546875 0.8694999999999999 0.08345312499999999 0.15166666666666667
44017 1 0.47018750000000004 0.6692395833333333 0.014624999999999999 0.0330625
44017 1 0.420734375 0.6597083333333333 0.02071875 0.03854166666666667
44017 1 0.6155468749999999 0.8511666666666666 0.1151875 0.22716666666666668
44017 1 0.7731328125 0.8662708333333333 0.117453125 0.2674583333333333
44017 1 0.570390625 0.7726458333333334 0.0735625 0.12583333333333332
44017 27 0.7911406249999999 0.8576979166666666 0.06565625 0.14652083333333332
44017 1 0.9399296875 0.8642604166666668 0.114296875 0.27147916666666666
44017 1 0.3812265625 0.6899583333333333 0.028234375 0.04070833333333333
44017 10 0.6843281250000001 0.4990104166666666 0.02315625 0.07660416666666667
44017 10 0.041015625 0.4970833333333333 0.02178125 0.059375
44017 1 0.462484375 0.7383020833333334 0.0315 0.0610625
44017 3 0.3297265625 0.6515625 0.051484375000000006 0.06108333333333334
44017 4 0.5738749999999999 0.87275 0.03525 0.111625
44017 4 0.9112734374999999 0.9166354166666667 0.177453125 0.16672916666666668
44017 10 0.49546875 0.5733020833333333 0.01053125 0.016354166666666666
44017 27 0.630515625 0.8749583333333334 0.06909375 0.15754166666666666
44017 1 0.8188281250000001 0.7992291666666667 0.0543125 0.16441666666666668
44017 4 0.30369531250000004 0.6955833333333333 0.030921874999999998 0.038
44017 4 0.4426640624999999 0.8515520833333333 0.036609375 0.10435416666666668
44017 10 0.6263359374999999 0.4131666666666666 0.030515625 0.08366666666666665
44017 1 0.5032265625 0.78740625 0.079078125 0.16952083333333334
44017 13 0.9641015625 0.48970833333333336 0.07179687500000001 0.10491666666666667
44017 1 0.475 0.684375 0.91875 0.17708333333333334
