17449 43 0.5018828125 0.6146135831381733 0.201953125 0.2959718969555035
17449 1 0.7449765625 0.439344262295082 0.09567187499999999 0.12566744730679155
17449 1 0.08497656249999999 0.49338407494145203 0.10398437499999999 0.5637704918032787
17449 1 0.2766171875 0.181440281030445 0.048765625 0.08845433255269322
17449 1 0.398515625 0.13418032786885245 0.062125 0.1316393442622951
17449 1 0.38209375 0.6462763466042154 0.27137500000000003 0.7074473067915691
17449 1 0.8479921875 0.4579976580796253 0.09260937500000001 0.11585480093676814
17449 1 0.9738125 0.4380444964871194 0.052375000000000005 0.15032786885245902
17449 1 0.9821796875000001 0.28059718969555036 0.035640624999999995 0.10798594847775175
17449 1 0.018351562499999998 0.14526932084309133 0.033765625 0.11807962529274005
17449 1 0.8234765625 0.24689695550351287 0.10292187500000001 0.14807962529274005
17449 1 0.769328125 0.312751756440281 0.08790624999999999 0.1693911007025761
17449 62 0.5595703125 0.6056440281030445 0.095796875 0.24421545667447306
17449 62 0.840640625 0.35221311475409833 0.06790625 0.05056206088992974
17449 62 0.9006093749999999 0.3550234192037471 0.05515625 0.051170960187353634
17449 62 0.890875 0.29327868852459016 0.059 0.0732552693208431
17449 62 0.9604140625000002 0.3729156908665105 0.062421875 0.08976580796252927
17449 62 0.9476484375 0.2883255269320843 0.054234375 0.07384074941451992
17449 62 0.9123203125 0.21471896955503514 0.039984375 0.06386416861826698
17449 62 0.849796875 0.21880562060889927 0.045906249999999996 0.06580796252927401
17449 1 0.85546875 0.17625292740046836 0.0743125 0.17662763466042156
17449 1 0.2117109375 0.19327868852459015 0.046296875 0.0882903981264637
17449 1 0.49921875 0.49414519906323184 0.9984375 0.9882903981264637
