520 16 0.4938203125 0.31429166666666664 0.050015624999999994 0.042208333333333334
520 16 0.3861171875 0.28785416666666663 0.053390625000000004 0.029083333333333336
520 1 0.3900390625 0.67703125 0.023765625000000002 0.07139583333333334
520 16 0.71646875 0.47186458333333337 0.028999999999999998 0.0370625
520 16 0.0183125 0.40687500000000004 0.03628125 0.03225
520 16 0.7115078125000001 0.37938541666666664 0.034328125 0.03352083333333333
520 16 0.9517421875000001 0.383375 0.030703124999999998 0.021708333333333333
520 16 0.1800625 0.4290208333333333 0.05596875 0.04758333333333333
520 16 0.262890625 0.3966145833333333 0.03984375 0.024729166666666667
520 1 0.721890625 0.67996875 0.02790625 0.0393125
520 1 0.80015625 0.6884583333333334 0.012656249999999999 0.028541666666666667
