1180 62 0.8501173708920188 0.5312421875 0.1764319248826291 0.17489062500000002
1180 62 0.7459859154929577 0.4762578125 0.0784037558685446 0.081765625
1180 1 0.5143075117370892 0.42117187500000003 0.3992723004694836 0.47296875
1180 1 0.05936619718309859 0.5571484375 0.11873239436619717 0.338109375
1180 49 0.42691314553990606 0.6566875000000001 0.02687793427230047 0.01578125
1180 51 0.27863849765258214 0.7992109374999999 0.2650704225352113 0.080359375
1180 61 0.6769483568075118 0.7036328125000001 0.5929107981220657 0.152859375
1180 49 0.9065610328638497 0.7437734375 0.18669014084507043 0.023171875
1180 67 0.5 0.803375 1.0 0.37078125
1180 1 0.1798474178403756 0.5293984375 0.20964788732394365 0.312984375
1180 1 0.9353169014084507 0.4805546875 0.12678403755868545 0.253140625
1180 48 0.20975352112676057 0.7848046875 0.0534037558685446 0.022859375
1180 48 0.3635328638497653 0.7876015625000001 0.05030516431924883 0.008890625000000001
1180 62 0.2892957746478873 0.5053125 0.02136150234741784 0.0665625
1180 62 0.9613028169014084 0.5653203125 0.027816901408450702 0.081265625
1180 62 0.019460093896713614 0.6143671875 0.02779342723004695 0.016890625
1180 62 0.2735211267605634 0.62909375 0.03863849765258216 0.08784375
