21260 51 0.23520833333333335 0.6943828125 0.4704166666666667 0.47639062499999996
21260 52 0.6073333333333333 0.73090625 0.321625 0.41218750000000004
21260 52 0.7938854166666667 0.7314218749999999 0.4122291666666667 0.394
21260 55 0.5735833333333333 0.44690624999999995 0.23545833333333333 0.17659375
21260 55 0.8043750000000001 0.41139062499999995 0.23595833333333335 0.17215625
21260 55 0.6198229166666667 0.307015625 0.2404375 0.1733125
21260 55 0.421875 0.3584609375 0.18345833333333333 0.13382812500000002
21260 55 0.35912499999999997 0.47994531250000005 0.22895833333333335 0.15523437499999998
21260 55 0.25404166666666667 0.39225 0.18020833333333333 0.12693749999999998
21260 55 0.10039583333333332 0.38235156249999996 0.20079166666666665 0.209421875
21260 53 0.36196875 0.68503125 0.1471875 0.11909375
21260 53 0.21470833333333333 0.677921875 0.42341666666666666 0.376125
21260 52 0.8341979166666665 0.5883125 0.33160416666666664 0.22078125
