33377 18 0.044078125 0.6033541666666667 0.08815625 0.108625
33377 18 0.3871328125 0.47369791666666666 0.112328125 0.15064583333333334
33377 18 0.30398437500000003 0.4517291666666666 0.07275000000000001 0.199125
33377 18 0.40131249999999996 0.08216666666666667 0.04178125 0.09216666666666667
33377 18 0.356484375 0.12242708333333334 0.028687499999999998 0.050270833333333334
33377 1 0.21491406250000003 0.4136666666666667 0.189203125 0.32225000000000004
33377 1 0.6193828124999999 0.3802291666666667 0.193828125 0.298875
33377 1 0.02690625 0.13027083333333334 0.0538125 0.07845833333333332
33377 1 0.13525 0.017947916666666668 0.02890625 0.035895833333333335
33377 1 0.48021875 0.12792708333333333 0.034875 0.0469375
33377 42 0.568375 0.51759375 0.31459375 0.07485416666666667
33377 18 0.32975 0.11209375 0.017906250000000002 0.039562499999999994
