44140 62 0.158992628992629 0.5064140625 0.12987714987714988 0.080015625
44140 43 0.25554054054054054 0.35599218749999995 0.22528255528255528 0.269890625
44140 1 0.16614250614250614 0.4322421875 0.21842751842751845 0.234765625
44140 1 0.8007739557739557 0.216453125 0.11746928746928748 0.1368125
44140 1 0.9441523341523342 0.30115625 0.1116953316953317 0.08065625
44140 1 0.5263390663390664 0.2094140625 0.11616707616707617 0.125609375
44140 1 0.4182678132678132 0.19032812500000001 0.11461916461916462 0.0974375
44140 1 0.6692506142506143 0.1916875 0.12872235872235874 0.09140625
44140 1 0.32228501228501233 0.195015625 0.09199017199017198 0.08834375
44140 1 0.07894348894348895 0.11346875000000001 0.14265356265356266 0.12346874999999999
44140 1 0.750896805896806 0.141578125 0.0954054054054054 0.098875
44140 1 0.09296068796068796 0.29853125 0.10031941031941032 0.09
44140 1 0.4258722358722358 0.11232031249999999 0.1030958230958231 0.105453125
44140 15 0.9121007371007371 0.23850000000000002 0.13078624078624076 0.031718750000000004
44140 1 0.4377518427518428 0.5721484375 0.6301474201474202 0.726546875
44140 1 0.2543857493857494 0.26833593749999995 0.1308845208845209 0.14460937499999998
44140 15 0.661179361179361 0.138796875 0.16029484029484029 0.0290625
44140 62 0.1622972972972973 0.5066875 0.12886977886977888 0.0838125
44140 1 0.5 0.175 0.995085995085995 0.35
