46545 21 0.97478125 0.5710104166666667 0.0504375 0.047562499999999994
46545 21 0.42037500000000005 0.5504583333333334 0.080125 0.064
46545 21 0.7975859375000001 0.5811979166666668 0.032953125 0.060145833333333336
46545 21 0.75528125 0.5854479166666667 0.05621875 0.05352083333333334
46545 21 0.6882421875 0.5984166666666666 0.044703124999999996 0.11079166666666666
46545 21 0.6191015625 0.5668437500000001 0.066015625 0.06552083333333333
46545 21 0.31928906250000005 0.5345208333333333 0.060109375 0.059125
46545 21 0.10177343750000001 0.4853020833333333 0.028453125000000003 0.0300625
46545 21 0.5368671875 0.509625 0.017671875 0.017125
46545 21 0.8926562499999999 0.5898958333333334 0.0445625 0.049124999999999995
46545 21 0.8825 0.5202083333333333 0.0193125 0.016708333333333332
46545 21 0.7154375 0.50890625 0.015625 0.013854166666666667
46545 21 0.74821875 0.51278125 0.010687499999999999 0.010729166666666668
46545 21 0.63125 0.5020833333333333 0.725 0.041666666666666664
