47213 1 0.784546875 0.36965625 0.3050625 0.7213541666666666
47213 44 0.43716406250000006 0.59284375 0.032421875 0.19122916666666667
47213 44 0.46401562500000004 0.602 0.03903125 0.18949999999999997
47213 44 0.49793750000000003 0.6053229166666667 0.02809375 0.1963125
47213 44 0.566578125 0.6436458333333334 0.0455 0.19295833333333334
47213 44 0.591171875 0.6035 0.02065625 0.13779166666666667
47213 44 0.8196015624999999 0.6352187499999999 0.045359375 0.18627083333333333
47213 44 0.415796875 0.7478541666666666 0.12675 0.13416666666666668
47213 44 0.5287578125000001 0.6183854166666667 0.038390625 0.20035416666666667
47213 44 0.5226093749999999 0.5488541666666666 0.01803125 0.096125
47213 44 0.6304765625 0.5971666666666666 0.025421875 0.107875
47213 46 0.5337578125 0.8474479166666666 0.070765625 0.21102083333333335
47213 46 0.606109375 0.8560625000000001 0.0764375 0.22133333333333333
47213 46 0.67996875 0.8603229166666667 0.06796875 0.22493749999999998
47213 46 0.7477812500000001 0.86671875 0.0624375 0.2168125
47213 46 0.8582890624999999 0.8388020833333333 0.06882812499999999 0.2094375
47213 46 0.6843593749999999 0.7021458333333332 0.04715625 0.10454166666666667
47213 46 0.2087890625 0.73184375 0.043578125 0.12202083333333333
47213 46 0.2473984375 0.6991145833333333 0.047140625000000005 0.14168750000000002
47213 46 0.8245390625000001 0.8695937499999999 0.075796875 0.2203125
47213 46 0.7849062499999999 0.807375 0.06003125 0.2594166666666667
47213 46 0.7541484374999999 0.7082812500000001 0.045390625000000004 0.10235416666666668
47213 67 0.5008359375 0.8023854166666666 0.9983281249999999 0.3937291666666667
47213 1 0.1483203125 0.52471875 0.23932812499999997 0.31685416666666666
47213 44 0.45292187500000003 0.7594583333333333 0.13196875 0.14295833333333335
47213 44 0.6527421875 0.6211666666666666 0.041203125 0.14962499999999998
47213 46 0.7185546875 0.8068958333333334 0.057421875 0.255625
47213 44 0.6097343749999999 0.6259791666666668 0.04675 0.14024999999999999
47213 46 0.3964296875 0.6357708333333334 0.046203125 0.135375
47213 44 0.55234375 0.515625 0.1703125 0.09791666666666667
47213 46 0.503125 0.7447916666666666 0.684375 0.3729166666666667
