35966 4 0.9085546875 0.6753051643192488 0.179234375 0.21300469483568074
35966 1 0.10471875 0.6422417840375587 0.10328124999999999 0.3965492957746479
35966 1 0.2335390625 0.6067957746478874 0.037421875 0.211056338028169
35966 1 0.8937265625 0.5718075117370892 0.092953125 0.12347417840375587
35966 1 0.9308906250000002 0.5286267605633803 0.02834375 0.12842723004694837
35966 1 0.8639375000000001 0.5255868544600939 0.04328125 0.07089201877934272
35966 1 0.04840625 0.5703403755868544 0.03071875 0.09603286384976525
35966 1 0.15253124999999998 0.5344835680751173 0.02496875 0.06624413145539906
35966 1 0.895359375 0.5183333333333333 0.020374999999999997 0.050845070422535214
35966 1 0.38113281250000003 0.354718309859155 0.09489062499999999 0.1315962441314554
35966 8 0.5048046875000001 0.5337676056338028 0.5211718750000001 0.7673474178403755
35966 1 0.156796875 0.5802816901408451 0.026468750000000003 0.09582159624413146
35966 1 0.22311718750000004 0.5257746478873239 0.018046875 0.0492018779342723
35966 2 0.10860937500000001 0.8139201877934271 0.09115625000000001 0.28356807511737087
35966 2 0.9861640625 0.7928051643192489 0.027671875000000002 0.14607981220657276
35966 1 0.0457265625 0.5480046948356808 0.017234375 0.03798122065727699
35966 2 0.17775781249999997 0.6431572769953052 0.051640624999999996 0.11636150234741784
