34381 9 0.6953299999999999 0.34292 0.01482 0.01
34381 9 0.21258999999999997 0.36735999999999996 0.031219999999999998 0.024746666666666663
34381 1 0.16312000000000001 0.7173999999999999 0.05812 0.06642666666666666
34381 1 0.5360199999999999 0.7619333333333332 0.07496 0.09410666666666666
34381 1 0.55864 0.7380266666666666 0.03608 0.054933333333333334
34381 1 0.8493999999999999 0.7492933333333334 0.03668 0.08152
34381 1 0.79853 0.7438933333333334 0.046979999999999994 0.06586666666666667
34381 28 0.43622000000000005 0.6063066666666667 0.1536 0.08136
34381 28 0.5969399999999999 0.65084 0.15003999999999998 0.09293333333333334
34381 1 0.11797999999999999 0.7084933333333333 0.03032 0.04514666666666667
34381 1 0.4715 0.7222266666666666 0.02624 0.035333333333333335
34381 9 0.47186 0.34946666666666665 0.00596 0.00672
34381 28 0.79574 0.65032 0.11944 0.06672
34381 62 0.95056 0.7127466666666666 0.03728 0.06613333333333334
34381 62 0.7915 0.7716 0.061439999999999995 0.07738666666666666
34381 62 0.63709 0.7659866666666667 0.06926 0.07090666666666666
34381 62 0.72999 0.76148 0.0509 0.08050666666666667
34381 62 0.8807699999999999 0.7088133333333334 0.04374 0.049786666666666674
34381 62 0.44168999999999997 0.7619733333333334 0.04114 0.04906666666666666
34381 62 0.11036 0.7364266666666668 0.05084 0.046239999999999996
34381 62 0.90374 0.76 0.06948 0.06330666666666666
34381 62 0.36721 0.7170666666666666 0.06778 0.0816
34381 62 0.26091 0.7255866666666667 0.047619999999999996 0.05896
34381 1 0.73264 0.7210533333333333 0.02532 0.04082666666666667
34381 62 0.50037 0.7800266666666668 0.08454 0.08720000000000001
34381 62 0.15617 0.7342400000000001 0.0471 0.05685333333333333
34381 1 0.12825999999999999 0.7031866666666666 0.01368 0.02104
34381 28 0.82174 0.6689066666666666 0.14328 0.08704
34381 28 0.16695 0.60852 0.14886000000000002 0.0732
34381 31 0.53817 0.8058000000000001 0.02442 0.03384
34381 31 0.9642800000000001 0.7783866666666668 0.022920000000000003 0.022266666666666667
34381 62 0.694 0.7573333333333333 0.344 0.09066666666666667
