11402 3 0.696288056206089 0.31878125 0.055807962529274 0.028999999999999998
11402 3 0.9093793911007024 0.400015625 0.0715456674473068 0.047375
11402 3 0.9819672131147541 0.46046875 0.036065573770491806 0.03590625
11402 3 0.2844964871194379 0.44159375 0.09662763466042154 0.038125
11402 3 0.6092154566744731 0.31440625 0.03711943793911007 0.029593750000000002
11402 3 0.05836065573770492 0.46065625 0.051147540983606556 0.029625000000000002
11402 6 0.7615105386416863 0.43077343749999997 0.14395784543325527 0.11867187500000001
11402 8 0.8202341920374707 0.37498437500000004 0.10735362997658081 0.09293749999999999
11402 1 0.6854918032786885 0.6017421875 0.015761124121779862 0.027390625000000002
11402 1 0.33447306791569087 0.5510312500000001 0.0234192037470726 0.026500000000000003
11402 1 0.5165690866510538 0.5234765625 0.0202576112412178 0.027609375000000002
11402 1 0.6683723653395784 0.6005703125 0.011779859484777519 0.025515624999999997
11402 3 0.5765456674473068 0.2276640625 0.03501170960187353 0.021921875
11402 8 0.6291217798594848 0.2669296875 0.08269320843091335 0.055734375
11402 10 0.8240515222482435 0.5063125 0.012927400468384073 0.01853125
11402 10 0.6076463700234193 0.17152343750000001 0.008969555035128805 0.013578125
11402 10 0.5697540983606557 0.16375 0.006065573770491803 0.008375
11402 10 0.5623653395784544 0.18309375 0.011428571428571429 0.0161875
11402 15 0.8774707259953162 0.678640625 0.04201405152224825 0.029312500000000002
11402 15 0.23394613583138177 0.5592578125000001 0.05135831381733021 0.022484375
11402 15 0.5491217798594847 0.5146796875 0.05098360655737705 0.018078125
11402 15 0.43814988290398127 0.5323749999999999 0.06262295081967213 0.021968750000000002
11402 15 0.11190866510538643 0.5749296875 0.06695550351288056 0.023109374999999998
11402 15 0.7662412177985949 0.59559375 0.03660421545667447 0.027875
11402 15 0.8398126463700235 0.6494531250000001 0.04206088992974239 0.031406250000000004
11402 1 0.5706674473067915 0.512015625 0.015386416861826699 0.02175
11402 1 0.6930327868852459 0.23378125 0.010608899297423887 0.01815625
11402 1 0.830632318501171 0.324109375 0.013676814988290398 0.02484375
11402 1 0.9651288056206089 0.365484375 0.011288056206088994 0.01975
11402 1 0.7087822014051521 0.2419921875 0.008524590163934427 0.019328124999999998
11402 1 0.7676463700234192 0.5984140625000001 0.023442622950819673 0.020921875
11402 8 0.751967213114754 0.3425390625 0.05648711943793911 0.059453124999999996
11402 10 0.7345550351288056 0.24552343750000002 0.01126463700234192 0.005921875
11402 10 0.5314871194379391 0.41342187499999994 0.008407494145199063 0.016843749999999998
11402 3 0.750327868852459 0.3420546875 0.058875878220140516 0.055515625
11402 8 0.6224824355971897 0.22822656250000004 0.04449648711943794 0.031890625
