46056 18 0.749859375 0.6739812646370024 0.1505 0.18463700234192038
46056 34 0.7104062499999999 0.7257142857142858 0.04084375 0.06402810304449649
46056 1 0.6196875 0.240480093676815 0.01021875 0.029016393442622954
46056 1 0.42971875000000004 0.23974238875878218 0.005625 0.022482435597189696
46056 1 0.350859375 0.2352927400468384 0.00784375 0.028243559718969555
46056 1 0.6289374999999999 0.2396135831381733 0.008687499999999999 0.0363231850117096
46056 1 0.43657812500000004 0.23711943793911008 0.00703125 0.02782201405152225
46056 1 0.4246484375 0.23685011709601872 0.0063281249999999995 0.029531615925058548
46056 1 0.03740625 0.2279625292740047 0.0035624999999999997 0.020327868852459016
46056 1 0.4100625 0.24115925058548007 0.005 0.01861826697892272
