27394 62 0.66065625 0.8902693208430914 0.07075000000000001 0.10882903981264637
27394 1 0.4288046875 0.804496487119438 0.041984375000000004 0.22473067915690864
27394 38 0.1014609375 0.2469320843091335 0.037015625 0.04224824355971897
27394 38 0.8447734375 0.3782552693208431 0.046921875 0.05229508196721311
27394 38 0.8008828125 0.2859016393442623 0.073515625 0.047540983606557376
27394 38 0.566734375 0.2167096018735363 0.08003125 0.04920374707259954
27394 1 0.667015625 0.8728454332552693 0.05825 0.14311475409836066
27394 38 0.24060156250000003 0.13056206088992975 0.042453125 0.04215456674473068
27394 1 0.22425 0.8007494145199063 0.02109375 0.04969555035128805
27394 1 0.711890625 0.8454332552693209 0.039625 0.20608899297423888
27394 1 0.4841953125 0.7814051522248243 0.025015625000000003 0.1274941451990632
27394 1 0.2622265625 0.7787236533957846 0.019328124999999998 0.1164168618266979
27394 1 0.1955234375 0.75019906323185 0.010390625 0.03899297423887588
27394 38 0.9769687499999999 0.3192154566744731 0.045875 0.04789227166276346
27394 38 0.04668750000000001 0.26776346604215456 0.07190625 0.0285480093676815
27394 38 0.35096875 0.4518735362997658 0.08159374999999999 0.082903981264637
27394 38 0.33540625 0.20530444964871192 0.0233125 0.016276346604215456
27394 38 0.2812109375 0.49659250585480097 0.027421875000000002 0.06639344262295083
27394 38 0.47007812499999996 0.4079274004683841 0.0243125 0.029672131147540984
27394 38 0.589453125 0.3628454332552693 0.05421875 0.02611241217798595
27394 38 0.7184062499999999 0.1541334894613583 0.04246875 0.013793911007025761
27394 62 0.492578125 0.8379156908665106 0.01953125 0.042997658079625294
27394 38 0.415625 0.629976580796253 0.709375 0.6416861826697893
