26430 9 0.11075781249999998 0.24932084309133493 0.031421875 0.060000000000000005
26430 9 0.5706640624999999 0.2408899297423888 0.010015625 0.016065573770491805
26430 28 0.7173281250000001 0.5727400468384075 0.38178125 0.5103512880562061
26430 1 0.8598359375 0.5231381733021078 0.019484375 0.059718969555035126
26430 1 0.9556953125 0.5194847775175644 0.025109375 0.0794847775175644
26430 1 0.8262499999999999 0.5370843091334894 0.053093749999999995 0.08231850117096018
26430 1 0.4571875 0.5084777517564403 0.05425 0.0936768149882904
26430 1 0.1994453125 0.46600702576112407 0.023390625 0.06311475409836065
26430 1 0.4795312500000001 0.37083138173302105 0.014218749999999999 0.04194379391100703
26430 1 0.8793437500000001 0.37021077283372367 0.01621875 0.0405152224824356
26430 62 0.2832578125 0.5143793911007025 0.044921875 0.11798594847775176
26430 1 0.9819687499999998 0.48730679156908663 0.0360625 0.1606088992974239
26430 1 0.5166484375 0.37156908665105387 0.015484375 0.024121779859484778
26430 1 0.32492968749999995 0.4716627634660421 0.064265625 0.11948477751756441
26430 1 0.3653203125 0.5091451990632319 0.043734375 0.07088992974238875
26430 62 0.3619296875 0.5220257611241218 0.044234375 0.04723653395784544
26430 62 0.44546874999999997 0.5576932084309133 0.03384375 0.04700234192037471
26430 1 0.9322265625 0.37822014051522246 0.024234375 0.03592505854800937
