7274 44 0.5850000000000001 0.6770312500000001 0.03565625 0.10856249999999999
7274 62 0.7316328125 0.561125 0.111078125 0.14554166666666665
7274 62 0.09734375 0.8041770833333334 0.12696875000000002 0.35439583333333335
7274 1 0.5069375 0.5145208333333333 0.192625 0.281375
7274 47 0.703359375 0.7287291666666668 0.0511875 0.11266666666666666
7274 48 0.5919921875 0.8751979166666666 0.031765625 0.10293749999999999
7274 49 0.8013203125 0.8476145833333334 0.05973437499999999 0.09189583333333333
7274 50 0.8217890625000001 0.8322083333333334 0.06589062500000001 0.08558333333333333
7274 50 0.46224999999999994 0.8182083333333333 0.08540624999999999 0.028583333333333336
7274 50 0.489578125 0.6701875 0.044125 0.015333333333333334
7274 51 0.513671875 0.7665624999999999 0.08209375 0.07470833333333333
7274 59 0.424640625 0.7358437500000001 0.11315625 0.05352083333333334
7274 59 0.7128359375 0.8513541666666667 0.138515625 0.08558333333333333
7274 44 0.653203125 0.6810937499999999 0.0210625 0.06910416666666667
7274 48 0.6373359375 0.6517812500000001 0.011703125 0.0073124999999999996
7274 49 0.469421875 0.80834375 0.13046875 0.009354166666666667
7274 49 0.51015625 0.6729583333333333 0.0365625 0.04020833333333333
7274 62 0.44230468749999996 0.5700625 0.021484375 0.16516666666666666
7274 1 0.8917109375000001 0.5440625 0.12892187500000002 0.06949999999999999
7274 1 0.2473984375 0.7221562499999999 0.289578125 0.5556875
7274 47 0.6410390625 0.7400729166666665 0.032234374999999996 0.1175625
7274 47 0.5506093750000001 0.6653645833333334 0.03959375 0.09468750000000001
7274 47 0.5749296875 0.7361041666666667 0.039609375 0.10958333333333334
7274 67 0.673375 0.8116875 0.65325 0.3714166666666667
7274 59 0.6059062500000001 0.6567187499999999 0.010687499999999999 0.021979166666666668
