3091 44 0.5241484375000001 0.14079166666666668 0.097984375 0.27591666666666664
3091 44 0.6321640625 0.11915625 0.112328125 0.23027083333333334
3091 1 0.1432578125 0.6737916666666667 0.286515625 0.6337083333333333
3091 47 0.213203125 0.1516875 0.21740624999999997 0.298875
3091 48 0.38693750000000005 0.17600000000000002 0.1545625 0.349875
3091 48 0.8624453125 0.9383958333333333 0.252703125 0.12320833333333334
3091 50 0.3566328125 0.5761979166666666 0.164328125 0.2211875
3091 50 0.8847421875 0.8741354166666666 0.230515625 0.2188125
3091 61 0.688484375 0.48202083333333334 0.45 0.5775416666666667
3091 67 0.5 0.4971979166666667 1.0 0.9842708333333333
3091 1 0.9011640625 0.03571875 0.197671875 0.0714375
