40246 32 0.836061320754717 0.5343984374999999 0.06495283018867924 0.291484375
40246 49 0.4257900943396226 0.716171875 0.03544811320754717 0.21909375
40246 61 0.4315919811320755 0.88475 0.3820047169811321 0.13890625
40246 1 0.537629716981132 0.42517187500000003 0.5257783018867924 0.7033750000000001
40246 1 0.23686320754716983 0.49103125 0.27867924528301885 0.553875
40246 1 0.08709905660377358 0.3657109375 0.11702830188679245 0.131203125
40246 1 0.049068396226415095 0.5553046875 0.09139150943396226 0.5291406249999999
40246 1 0.8628183962264151 0.57459375 0.24705188679245282 0.6396875
40246 1 0.9602240566037735 0.3430625 0.055966981132075475 0.07278124999999999
40246 1 0.972181603773585 0.46681249999999996 0.05563679245283019 0.33115625
40246 67 0.49204009433962265 0.82909375 0.9291745283018868 0.1584375
