25069 3 0.1205 0.33864 0.22416 0.2472
25069 3 0.24219 0.25592 0.04114 0.047093333333333334
25069 3 0.30416 0.25037333333333334 0.02164 0.021439999999999997
25069 1 0.39314 0.3009866666666667 0.04456 0.18981333333333336
25069 1 0.7121099999999999 0.5373066666666667 0.17386000000000001 0.4108266666666667
25069 8 0.11508 0.35017333333333334 0.22744 0.27437333333333336
25069 41 0.68787 0.7512933333333334 0.06354 0.07485333333333333
25069 3 0.26522 0.25160000000000005 0.02184 0.028906666666666667
25069 3 0.22003 0.25754666666666665 0.02502 0.03605333333333333
25069 41 0.39168 0.3896266666666667 0.02556 0.02565333333333333
