6943 28 0.43304687499999994 0.18254117647058823 0.44121875 0.2125176470588235
6943 1 0.8129843750000001 0.6404588235294117 0.09415625 0.3012941176470588
6943 1 0.31934375 0.5831411764705882 0.23578125 0.8337176470588235
6943 31 0.4372109375 0.7471764705882353 0.066578125 0.4007058823529412
6943 31 0.6735234375 0.9123058823529412 0.074984375 0.17294117647058824
6943 31 0.359421875 0.6828117647058823 0.08206250000000001 0.16952941176470587
6943 28 0.8292421874999999 0.5075411764705883 0.035265625 0.028164705882352942
6943 1 0.6858203125 0.6380117647058823 0.038109375 0.21376470588235294
6943 1 0.71603125 0.6280117647058823 0.0330625 0.15625882352941176
6943 27 0.7123359375 0.5913764705882353 0.021671875 0.04524705882352941
6943 1 0.7425625 0.5922941176470589 0.01703125 0.02176470588235294
6943 1 0.53125 0.5857176470588236 0.282875 0.8025882352941177
6943 54 0.1396328125 0.8112117647058823 0.137546875 0.13070588235294117
