41516 1 0.772765625 0.7212060889929743 0.08256250000000001 0.3508430913348946
41516 1 0.709171875 0.7134894613583137 0.1229375 0.49662763466042154
41516 38 0.32067968750000003 0.06627634660421546 0.14810937500000002 0.1325526932084309
41516 3 0.20626562499999998 0.6104449648711943 0.031468750000000004 0.022201405152224827
41516 9 0.05859375 0.5938173302107729 0.060187500000000005 0.0302576112412178
41516 9 0.0615 0.574192037470726 0.05721875 0.021686182669789226
41516 1 0.3805625 0.5919555035128805 0.0140625 0.021569086651053865
41516 3 0.22896875000000003 0.6038173302107728 0.03103125 0.025011709601873537
41516 3 0.9473593749999999 0.5549648711943794 0.04428125 0.02056206088992974
41516 3 0.277171875 0.5899531615925059 0.02915625 0.02126463700234192
41516 3 0.45375781249999997 0.6159953161592506 0.040703125 0.026557377049180327
41516 3 0.349046875 0.6596018735362997 0.03584375 0.025807962529274003
41516 3 0.424328125 0.6059953161592506 0.03103125 0.02332552693208431
41516 3 0.40764843749999996 0.6006088992974239 0.027953125000000002 0.019672131147540985
41516 3 0.36550781250000003 0.6329742388758781 0.050390625 0.030772833723653397
41516 3 0.2115703125 0.6403044496487119 0.046328125 0.021124121779859485
41516 3 0.3825234375 0.5765339578454333 0.032015625 0.01920374707259953
41516 3 0.3418984375 0.610679156908665 0.034390625 0.018688524590163937
41516 3 0.333578125 0.5850351288056206 0.02584375 0.01962529274004684
41516 3 0.6125 0.5995316159250585 0.75625 0.17330210772833723
