3827 67 0.5835859375 0.786134663341646 0.832828125 0.40583541147132174
3827 1 0.533640625 0.47379052369077307 0.37453125 0.566284289276808
3827 1 0.16121875000000002 0.5505610972568579 0.32243750000000004 0.8718952618453866
3827 47 0.5345859374999999 0.7941645885286782 0.090296875 0.14468827930174563
3827 50 0.44349999999999995 0.7629925187032418 0.094 0.01940149625935162
3827 1 0.12375 0.3947630922693267 0.2475 0.7895261845386534
3827 51 0.5697421874999999 0.7326558603491272 0.135203125 0.10311720698254365
3827 54 0.964609375 0.845286783042394 0.07075000000000001 0.08453865336658353
3827 62 0.9554921875 0.47304239401496256 0.089015625 0.2808977556109726
3827 1 0.688375 0.40392768079800506 0.54509375 0.6500498753117208
3827 54 0.833984375 0.9145885286783042 0.094875 0.13052369077306733
3827 54 0.3841953125 0.9518453865336658 0.130203125 0.09630922693266833
