25481 7 0.4013984375 0.5698130841121495 0.796765625 0.8400934579439252
25481 1 0.791125 0.5716822429906542 0.069125 0.27822429906542057
25481 1 0.8452968750000001 0.49741822429906546 0.030125000000000002 0.11376168224299064
25481 1 0.828171875 0.5729439252336449 0.03571875 0.2369158878504673
25481 1 0.7425234375 0.488481308411215 0.043671875 0.1366355140186916
25481 1 0.757625 0.5573714953271028 0.03940625 0.25072429906542054
25481 31 0.7125703125 0.5555140186915888 0.031171874999999998 0.05093457943925234
25481 31 0.74703125 0.5582827102803738 0.024781249999999998 0.05067757009345795
25481 31 0.8128046875000001 0.5139953271028037 0.031171874999999998 0.08266355140186916
25481 1 0.7418515625 0.4397546728971963 0.013890625 0.02044392523364486
25481 15 0.9054375 0.9202219626168224 0.13674999999999998 0.12810747663551403
25481 31 0.7310703125 0.49121495327102804 0.016828125 0.08046728971962616
25481 31 0.8210703125000001 0.5500584112149532 0.023265625 0.03810747663551402
25481 1 0.43187500000000006 0.5158528037383178 0.0384375 0.10133177570093457
25481 1 0.6998125 0.5724065420560748 0.05525 0.259392523364486
