28246 7 0.6275000000000001 0.6775280898876404 0.745 0.5101123595505618
28246 1 0.1464140625 0.7816385767790263 0.078328125 0.2347003745318352
28246 1 0.1544765625 0.6767883895131086 0.026671875 0.05458801498127341
28246 1 0.093625 0.7868913857677903 0.07140625 0.26426966292134835
28246 1 0.03862500000000001 0.780308988764045 0.056781250000000005 0.23990636704119853
28246 1 0.018664062500000002 0.7921629213483146 0.037328125000000004 0.28189138576779027
28246 1 0.33552343749999997 0.6366760299625467 0.047578125 0.10331460674157304
28246 1 0.5317265625 0.6310861423220974 0.042984375000000005 0.11880149812734082
28246 1 0.3848125 0.6370318352059925 0.073125 0.11889513108614233
28246 1 0.1793984375 0.7156741573033707 0.026828125 0.1105992509363296
28246 1 0.208828125 0.7810767790262173 0.050124999999999996 0.2491947565543071
28246 1 0.2445390625 0.7677059925093632 0.047171875 0.22200374531835204
