41404 44 0.846703125 0.41261458333333334 0.023125 0.08627083333333332
41404 44 0.8307734375000001 0.4030625 0.022578124999999998 0.09608333333333333
41404 44 0.8140078125000001 0.40207291666666667 0.017140625 0.09077083333333333
41404 44 0.8028437500000001 0.4002604166666667 0.01940625 0.09281249999999999
41404 44 0.754453125 0.40065625 0.015312500000000001 0.056937499999999995
41404 44 0.24432812499999995 0.45531249999999995 0.017125 0.06916666666666667
41404 44 0.6201328125000001 0.5539895833333334 0.016921875 0.07922916666666667
41404 44 0.446453125 0.4374895833333333 0.024125 0.04310416666666667
41404 1 0.620546875 0.38146875 0.12575 0.28352083333333333
41404 51 0.087515625 0.24321874999999998 0.05221875 0.015770833333333335
41404 51 0.0415390625 0.30293749999999997 0.050828125 0.029041666666666667
41404 79 0.8787734374999999 0.5423958333333334 0.205421875 0.1545416666666667
41404 44 0.7711796875 0.41132291666666665 0.019703125 0.04677083333333333
41404 47 0.26321875 0.2920520833333333 0.017 0.042562499999999996
41404 51 0.040515625 0.27247916666666666 0.046156249999999996 0.03425
41404 51 0.092921875 0.274625 0.04853125 0.021208333333333333
41404 64 0.31842187499999997 0.304 0.047593750000000004 0.12029166666666667
41404 44 0.40716406250000003 0.4223020833333333 0.016796875 0.0655625
41404 44 0.79028125 0.39438541666666665 0.022375 0.09472916666666667
41404 47 0.595265625 0.09206249999999999 0.035312500000000004 0.0375
41404 47 0.6195859375 0.09435416666666667 0.028234375 0.04254166666666667
41404 47 0.616359375 0.20093750000000002 0.014812500000000001 0.016708333333333332
41404 47 0.2149921875 0.29644791666666664 0.021171875 0.044812500000000005
41404 47 0.230265625 0.282125 0.02059375 0.049625
41404 47 0.09759374999999999 0.9286770833333333 0.04346875 0.08693749999999999
41404 51 0.14539062500000002 0.30696875 0.060187500000000005 0.0140625
41404 51 0.08452343749999999 0.25944791666666667 0.041546875 0.019104166666666665
41404 51 0.091875 0.29753124999999997 0.0495 0.03377083333333333
41404 51 0.6896953125 0.52378125 0.079015625 0.05560416666666667
41404 51 0.635296875 0.6292291666666666 0.05515625 0.08262499999999999
41404 51 0.7245390625 0.5763541666666667 0.083484375 0.08349999999999999
