34835 63 0.42578 0.48248 0.6586799999999999 0.34618666666666664
34835 63 0.11774 0.76344 0.22904 0.43872000000000005
34835 1 0.5076 0.6848933333333335 0.67416 0.6269600000000001
34835 1 0.56928 0.4999866666666667 0.18975999999999998 0.19453333333333334
34835 1 0.42298 0.6511866666666667 0.8446 0.6976266666666667
34835 77 0.88148 0.8357466666666666 0.07568000000000001 0.046426666666666665
34835 75 0.81471 0.7582933333333334 0.07454000000000001 0.07552
34835 75 0.86934 0.7783866666666667 0.15544 0.08669333333333333
34835 1 0.33162 0.35673333333333335 0.09604 0.07010666666666666
34835 3 0.74727 0.8196666666666667 0.06881999999999999 0.05853333333333333
34835 75 0.90564 0.7863333333333333 0.1328 0.06946666666666666
34835 75 0.48251000000000005 0.6357733333333334 0.0337 0.028613333333333334
34835 75 0.2567 0.3957866666666666 0.02656 0.04768
