21685 3 0.8090468750000002 0.021761744966442953 0.0935625 0.04295302013422819
21685 3 0.28697656250000003 0.015822147651006712 0.154171875 0.031644295302013424
21685 4 0.321953125 0.4729697986577182 0.63971875 0.9436912751677853
21685 4 0.52421875 0.3303439597315436 0.4415625 0.6337080536912751
21685 4 0.7272109375 0.2606711409395973 0.303453125 0.5168456375838927
21685 4 0.8538203124999999 0.23090604026845638 0.251109375 0.40224832214765105
21685 1 0.89921875 0.13991610738255034 0.08775 0.21231543624161076
21685 1 0.8612187500000001 0.1364261744966443 0.1785625 0.2728523489932886
21685 3 0.109171875 0.11063758389261745 0.21834375 0.2212751677852349
21685 3 0.6787421875 0.010478187919463087 0.040546874999999996 0.020956375838926174
21685 3 0.9685937499999999 0.04478187919463087 0.06281250000000001 0.08654362416107382
21685 3 0.5036796875 0.01688758389261745 0.08154687499999999 0.0337751677852349
21685 31 0.9133203125000001 0.11692114093959732 0.044015625 0.039446308724832214
21685 3 0.54978125 0.011996644295302014 0.01865625 0.02399328859060403
21685 31 0.8653515624999999 0.1266442953020134 0.08104687499999999 0.08654362416107382
