20168 1 0.49220312499999996 0.5677812499999999 0.354625 0.7157708333333334
20168 60 0.601046875 0.7394895833333333 0.06615625 0.0450625
20168 60 0.547953125 0.7294479166666668 0.06015625 0.035562500000000004
20168 60 0.11688281250000002 0.8419479166666667 0.060421875 0.03852083333333333
20168 60 0.1170625 0.87696875 0.06396874999999999 0.034395833333333334
20168 60 0.049249999999999995 0.8729166666666667 0.0590625 0.03220833333333333
20168 60 0.0505859375 0.8443020833333333 0.057296875000000004 0.04272916666666667
20168 51 0.8023671875 0.6328854166666666 0.165546875 0.21847916666666667
20168 60 0.1305390625 0.6088124999999999 0.031734374999999995 0.02745833333333333
20168 60 0.316890625 0.8990104166666667 0.0398125 0.02722916666666667
