28858 3 0.895796875 0.2939762931034483 0.147875 0.1608405172413793
28858 3 0.8312578125 0.28186422413793105 0.060578125000000003 0.11984913793103448
28858 62 0.224828125 0.4847090517241379 0.2183125 0.2741594827586207
28858 62 0.5771796874999999 0.408760775862069 0.123609375 0.19122844827586208
28858 62 0.6991562499999999 0.38923491379310343 0.14009375 0.1642456896551724
28858 62 0.2135234375 0.34543103448275864 0.082921875 0.13754310344827586
28858 62 0.282359375 0.3378879310344828 0.076875 0.11448275862068966
28858 62 0.3111171875 0.34892241379310346 0.047265625 0.05698275862068966
28858 8 0.7242109375 0.2605387931034483 0.174640625 0.08797413793103448
28858 1 0.8995703125000001 0.3106357758620689 0.046984375 0.143125
28858 1 0.46221875 0.26008620689655176 0.009218750000000001 0.03956896551724138
28858 1 0.4774453125 0.2608189655172414 0.008296874999999999 0.03844827586206896
28858 8 0.8734375 0.1990301724137931 0.0640625 0.042931034482758625
28858 15 0.4397109375 0.6560883620689654 0.785140625 0.6704094827586207
28858 62 0.47466406249999993 0.4272952586206897 0.157984375 0.20941810344827586
28858 64 0.5614140625 0.29506465517241376 0.023203124999999998 0.03762931034482759
28858 15 0.824171875 0.3971120689655172 0.02459375 0.08931034482758621
28858 15 0.603296875 0.32957974137931034 0.08659375 0.03226293103448276
