10870 44 0.2242109375 0.41660046728971967 0.110671875 0.35852803738317757
10870 62 0.8407265625000001 0.3056775700934579 0.19989062500000002 0.39406542056074767
10870 62 0.9480546875 0.21044392523364489 0.10389062499999999 0.30182242990654207
10870 1 0.5400859375 0.05422897196261683 0.10523437499999999 0.09523364485981307
10870 1 0.30749218749999996 0.22335280373831776 0.051671875 0.11782710280373832
10870 1 0.5914921875 0.050245327102803744 0.077984375 0.09927570093457945
10870 73 0.5470234374999999 0.5622313084112149 0.6972968749999999 0.8426869158878505
10870 62 0.2708984375 0.23996495327102804 0.105734375 0.1439018691588785
10870 67 0.25096875 0.7539369158878505 0.31259375 0.49212616822429905
10870 67 0.92734375 0.7843107476635514 0.1453125 0.4313785046728972
10870 67 0.8658203125 0.10656542056074766 0.208203125 0.04299065420560747
10870 74 0.13374999999999998 0.9198481308411215 0.14428125 0.13707943925233645
10870 76 0.5237265625 0.7044976635514019 0.39823437500000003 0.36179906542056073
10870 62 0.9495703124999999 0.17741822429906542 0.059546875 0.06441588785046728
10870 62 0.5840390625 0.11139018691588784 0.056171875 0.03983644859813084
10870 62 0.1408125 0.3071378504672897 0.09121875 0.23941588785046727
10870 62 0.956796875 0.08182242990654207 0.08640624999999999 0.0783177570093458
10870 62 0.8646562500000001 0.10311915887850467 0.08653125 0.05436915887850467
10870 62 0.7215546875000001 0.09223130841121496 0.087296875 0.03133177570093458
10870 73 0.40317187499999996 0.2838551401869159 0.31521875 0.48957943925233643
10870 47 0.0586171875 0.5567873831775701 0.117234375 0.3333411214953271
