18316 44 0.2269609375 0.47080208333333334 0.011984375 0.04735416666666667
18316 62 0.7686171875 0.7311458333333334 0.158296875 0.5377083333333333
18316 62 0.21082031250000002 0.7672291666666667 0.12160937499999999 0.4655416666666667
18316 67 0.5696640625 0.7518333333333334 0.586515625 0.4427083333333333
18316 78 0.5661953125 0.41144791666666664 0.09667187499999999 0.08377083333333334
18316 79 0.8422656250000001 0.6292395833333333 0.248875 0.4018125
18316 80 0.6655859375000001 0.4361041666666666 0.065828125 0.05420833333333333
18316 62 0.6303203125000001 0.5376145833333333 0.112296875 0.16681249999999997
18316 62 0.4658203125 0.9010520833333333 0.244140625 0.1640625
18316 62 0.3908125 0.79896875 0.10371875 0.12772916666666667
18316 62 0.2900390625 0.79296875 0.150390625 0.4140625
