36101 72 0.7745799999999999 0.7112425149700599 0.45032 0.5505688622754491
36101 62 0.68096 0.20796407185628746 0.13244 0.23706586826347306
36101 62 0.2334 0.22562874251497006 0.07356 0.22365269461077844
36101 62 0.5571400000000001 0.2465568862275449 0.09012 0.2826347305389222
36101 62 0.4163 0.6289820359281436 0.18236000000000002 0.487125748502994
36101 62 0.9398500000000001 0.401811377245509 0.12029999999999999 0.33619760479041916
36101 62 0.80375 0.1962874251497006 0.12822 0.20191616766467066
36101 1 0.45365000000000005 0.4940868263473054 0.24358000000000002 0.7148802395209581
36101 1 0.13504 0.6698952095808384 0.26432 0.6602095808383234
36101 1 0.25969 0.6134880239520958 0.18314 0.5977544910179641
36101 1 0.7516900000000001 0.3559131736526946 0.20922 0.3266167664670659
36101 1 0.10203 0.2262874251497006 0.15846000000000002 0.4507185628742515
36101 1 0.27846 0.26179640718562874 0.1306 0.5191017964071856
36101 1 0.4718 0.07317365269461078 0.08496 0.1447305389221557
36101 62 0.9790099999999999 0.2912425149700599 0.041979999999999996 0.18949101796407186
36101 1 0.7603199999999999 0.15321856287425148 0.15159999999999998 0.3019461077844311
36101 31 0.39565999999999996 0.03489520958083832 0.05828 0.06979041916167664
36101 67 0.64739 0.12883233532934132 0.27854 0.22502994011976046
36101 75 0.52688 0.6881437125748503 0.08231999999999999 0.04988023952095808
36101 75 0.1336 0.8473353293413174 0.12608 0.08988023952095808
36101 62 0.42289 0.31498502994011973 0.84578 0.4185329341317365
36101 62 0.09087 0.49534431137724555 0.1805 0.1831437125748503
36101 75 0.31277 0.8193562874251498 0.09826 0.0661377245508982
36101 72 0.6809 0.03817365269461078 0.06776 0.07383233532934132
