8494 40 0.13090625 0.7129479768786128 0.03565625 0.0769364161849711
8494 40 0.815234375 0.20471098265895954 0.0174375 0.05040462427745665
8494 1 0.15611718749999998 0.6381936416184971 0.122703125 0.5707803468208092
8494 1 0.6141640625 0.675 0.118921875 0.6356647398843931
8494 1 0.6578203125 0.20160404624277456 0.088515625 0.2210115606936416
8494 1 0.8405859375 0.17958092485549135 0.064171875 0.2822254335260116
8494 1 0.9407812499999999 0.16654624277456648 0.03803125 0.24621387283236992
8494 1 0.7571718749999999 0.04891618497109826 0.027968749999999997 0.07320809248554913
8494 1 0.6402265625 0.10134393063583814 0.041171875000000004 0.10841040462427745
8494 1 0.6594921874999999 0.08093930635838151 0.019515625 0.08291907514450868
8494 1 0.6169218750000001 0.06841040462427746 0.0370625 0.10265895953757226
8494 1 0.47191406249999995 0.09338150289017341 0.046671875 0.11468208092485549
8494 1 0.7302265625 0.054956647398843934 0.033234375 0.0634971098265896
8494 1 0.8773984374999999 0.13138728323699422 0.024359375 0.06942196531791907
8494 1 0.908984375 0.08973988439306357 0.04984375 0.09283236994219653
8494 1 0.490625 0.08526011560693642 0.98125 0.17052023121387283
