29821 2 0.47817187499999997 0.5696577017114914 0.095125 0.14821515892420536
29821 3 0.1658671875 0.7539364303178484 0.325984375 0.3348166259168704
29821 3 0.26521875 0.33277506112469435 0.0750625 0.047114914425427874
29821 3 0.16896093750000002 0.3418092909535453 0.085640625 0.045965770171149146
29821 3 0.0344453125 0.34561124694376527 0.068609375 0.04936430317848411
29821 3 0.6702890625 0.3125183374083129 0.051203125 0.037163814180929094
29821 3 0.750421875 0.3145354523227384 0.04896875 0.03557457212713937
29821 3 0.842984375 0.3207823960880195 0.02690625 0.034718826405867965
29821 3 0.8830781249999999 0.31904645476772614 0.04584375 0.04117359413202934
29821 3 0.933171875 0.4666381418092909 0.12687500000000002 0.12515892420537897
29821 3 0.5780234375 0.2992665036674817 0.035515625 0.022885085574572125
29821 31 0.452359375 0.5353789731051345 0.04265625 0.03907090464547677
29821 1 0.47443750000000007 0.5084107579462103 0.051875000000000004 0.17613691931540343
29821 3 0.6420546875 0.5721271393643031 0.284359375 0.21545232273838633
29821 3 0.6116953125 0.2958312958435208 0.027578125 0.023887530562347187
29821 3 0.7067890625 0.2921026894865526 0.015109375 0.017310513447432764
29821 3 0.54765625 0.293398533007335 0.2328125 0.039119804400977995
