29639 3 0.8195859375 0.48281690140845074 0.100171875 0.08652582159624413
29639 3 0.857046875 0.4528051643192488 0.042562499999999996 0.10157276995305164
29639 8 0.8136484375 0.41296948356807506 0.129515625 0.1405868544600939
29639 1 0.140296875 0.49710093896713614 0.145875 0.5785680751173709
29639 1 0.34528906249999997 0.5046361502347417 0.053921874999999994 0.21152582159624414
29639 1 0.05628124999999999 0.48413145539906105 0.05971875 0.16004694835680752
29639 1 0.37817187499999994 0.4603755868544601 0.02309375 0.04765258215962442
29639 2 0.050687499999999996 0.5693427230046949 0.095375 0.09690140845070423
29639 44 0.7850078125 0.5629577464788733 0.051859375 0.10234741784037558
29639 62 0.787890625 0.7338028169014085 0.10500000000000001 0.2779342723004695
29639 1 0.705265625 0.6662910798122067 0.0703125 0.30338028169014086
29639 1 0.7533828124999999 0.4262793427230047 0.033078125 0.19875586854460095
29639 1 0.329390625 0.43320422535211267 0.01315625 0.01936619718309859
29639 2 0.06840625 0.5446478873239436 0.08715625 0.17779342723004693
