16355 18 0.25486718750000004 0.4921506550218341 0.498203125 0.7303711790393013
16355 1 0.620984375 0.6591484716157205 0.7464062499999999 0.5569868995633188
16355 1 0.6014140625000001 0.2446069868995633 0.270078125 0.4892139737991266
16355 1 0.4308906250000001 0.06599344978165939 0.08878125 0.13198689956331877
16355 1 0.30643750000000003 0.22791484716157204 0.12946875 0.2701965065502183
16355 34 0.5529921875 0.4835698689956332 0.11479687499999999 0.19661572052401746
16355 34 0.6475078125 0.12909388646288208 0.119234375 0.09919213973799126
16355 1 0.0375703125 0.16477074235807862 0.072140625 0.32954148471615724
16355 62 0.8135468749999999 0.23896288209606986 0.29115625 0.4623362445414847
16355 62 0.6128046875 0.23929039301310043 0.333078125 0.449410480349345
16355 62 0.6737890625 0.09351528384279476 0.093359375 0.1870305676855895
16355 62 0.19649999999999998 0.3045960698689956 0.11490625000000002 0.2256113537117904
16355 62 0.10403906249999999 0.12034934497816595 0.092078125 0.15231441048034935
16355 62 0.3606328125 0.07129912663755458 0.045921875 0.12460698689956332
16355 1 0.20825 0.1274126637554585 0.20353125 0.25368995633187774
