24706 1 0.29774218750000003 0.42905747126436783 0.185234375 0.6125977011494254
24706 1 0.6615078125 0.6384022988505748 0.21189062500000003 0.4031494252873563
24706 1 0.17221875 0.643022988505747 0.21278125 0.39188505747126434
24706 43 0.24825781249999998 0.7740344827586206 0.157078125 0.09914942528735633
24706 43 0.73990625 0.7727471264367816 0.15946875 0.09979310344827585
24706 43 0.23063281250000003 0.1569655172413793 0.027203125 0.19866666666666666
24706 43 0.719296875 0.1570574712643678 0.028218749999999997 0.2045977011494253
24706 3 0.9445 0.2404712643678161 0.08028125 0.1129425287356322
24706 3 0.4585078125 0.23760919540229888 0.055703125 0.1039080459770115
24706 1 0.784078125 0.434080459770115 0.1783125 0.621080459770115
