26221 62 0.83828125 0.7620616113744076 0.091625 0.15009478672985782
26221 63 0.49310937499999996 0.7640165876777252 0.32115625 0.2112085308056872
26221 67 0.8087734375 0.6898222748815165 0.10332812499999999 0.04097156398104265
26221 49 0.1968203125 0.5768838862559241 0.035578125 0.06746445497630331
26221 75 0.559703125 0.8247630331753555 0.02 0.025545023696682462
26221 78 0.2159296875 0.5793246445497631 0.097921875 0.10272511848341233
26221 49 0.18896875 0.5509123222748815 0.016968749999999998 0.037417061611374404
26221 49 0.19564062499999998 0.558127962085308 0.020749999999999998 0.04672985781990521
26221 51 0.8127968750000001 0.6756161137440757 0.0296875 0.022938388625592415
26221 62 0.7697265625 0.7229383886255923 0.049546875000000004 0.12274881516587677
