37244 1 0.29363541666666665 0.6314609375 0.5752708333333333 0.705609375
37244 79 0.6048645833333333 0.6786562500000001 0.7902708333333333 0.60225
37244 44 0.8255729166666667 0.3422109375 0.06810416666666666 0.158796875
37244 44 0.9539270833333333 0.42195312500000004 0.05064583333333333 0.07940625
37244 44 0.8741979166666667 0.3085078125 0.03685416666666667 0.074890625
37244 51 0.7394375 0.3355390625 0.128375 0.08429687500000001
37244 51 0.6746458333333333 0.3880390625 0.22041666666666665 0.056734375000000004
37244 59 0.5190520833333333 0.922046875 0.26218749999999996 0.10925
37244 1 0.20075 0.238203125 0.3955 0.46740624999999997
37244 47 0.9091458333333333 0.0576171875 0.059666666666666666 0.035484375
37244 78 0.6380208333333334 0.7682968750000001 0.4932916666666667 0.2704375
