45785 18 0.7314264264264264 0.73159 0.20693693693693693 0.07737999999999999
45785 1 0.3567117117117117 0.6989299999999999 0.09282282282282282 0.1365
45785 28 0.3487537537537537 0.61818 0.14747747747747747 0.07776000000000001
45785 3 0.11854354354354354 0.6793299999999999 0.04297297297297297 0.0181
45785 3 0.18590090090090092 0.6772400000000001 0.03078078078078078 0.015439999999999999
45785 3 0.2211711711711712 0.6752 0.039099099099099095 0.01448
45785 3 0.26228228228228223 0.67257 0.025285285285285286 0.01442
45785 3 0.2864864864864865 0.67153 0.03309309309309309 0.01682
45785 3 0.31303303303303304 0.6718500000000001 0.01903903903903904 0.011179999999999999
45785 3 0.15689189189189187 0.67262 0.024774774774774775 0.0154
