11015 37 0.41090625000000003 0.5053333333333333 0.052593749999999995 0.059041666666666666
11015 1 0.42552343750000005 0.5852395833333334 0.11895312499999999 0.49772916666666667
11015 1 0.5054453125 0.24608333333333335 0.066328125 0.28870833333333334
11015 1 0.66309375 0.16292708333333333 0.0688125 0.2816458333333333
11015 1 0.7212265625 0.14407291666666666 0.10370312500000001 0.26668749999999997
11015 1 0.354140625 0.21238541666666666 0.058062499999999996 0.3008125
11015 1 0.8922109375 0.1391770833333333 0.039828125 0.27397916666666666
11015 1 0.450671875 0.17347916666666668 0.063875 0.2750416666666667
11015 1 0.8579765625 0.14616666666666667 0.062734375 0.2907083333333333
11015 1 0.232515625 0.17432291666666666 0.1144375 0.2993125
11015 1 0.6111093750000001 0.19376041666666666 0.06425 0.3260625
