44165 1 0.10946093750000001 0.538828125 0.165890625 0.7326171875
44165 22 0.5941796874999999 0.527060546875 0.762421875 0.75837890625
44165 22 0.10582812500000001 0.422646484375 0.21165625000000002 0.36099609375
44165 22 0.23421093749999997 0.41873046875 0.124953125 0.322890625
44165 1 0.342578125 0.460673828125 0.054656249999999997 0.17474609375
44165 1 0.2934921875 0.465458984375 0.048421874999999996 0.16498046875
44165 44 0.2462890625 0.23106445312499999 0.10107812499999999 0.11958984375
44165 1 0.9764531249999999 0.46216796875000005 0.0255625 0.114453125
44165 1 0.97353125 0.391728515625 0.0365 0.09775390625
44165 1 0.4579375 0.509228515625 0.05450000000000001 0.10048828125
44165 1 0.42416406250000005 0.5070703125 0.024328125 0.0930859375
44165 1 0.178125 0.255205078125 0.04790625 0.04947265625
44165 1 0.29903124999999997 0.37173828125 0.01403125 0.02109375
44165 1 0.315625 0.36849609375 0.02446875 0.0263671875
44165 44 0.19991406250000002 0.61896484375 0.048671874999999996 0.0509375
