24157 1 0.3408 0.7431231231231231 0.05 0.10168168168168168
24157 1 0.46359000000000006 0.7180630630630631 0.052700000000000004 0.11438438438438439
24157 1 0.6413300000000001 0.6788888888888889 0.0299 0.09363363363363364
24157 1 0.67942 0.6563213213213214 0.03444 0.10867867867867867
24157 27 0.33292 0.7255105105105105 0.027399999999999997 0.05132132132132132
24157 27 0.45859999999999995 0.6897897897897898 0.016800000000000002 0.03927927927927928
24157 27 0.63548 0.6517267267267267 0.02092 0.034264264264264266
24157 1 0.69615 0.6437537537537538 0.01838 0.07555555555555556
24157 27 0.67584 0.6389189189189189 0.016800000000000002 0.03855855855855856
24157 27 0.6920700000000001 0.6265015015015015 0.013980000000000001 0.02141141141141141
24157 35 0.64097 0.7189489489489489 0.027219999999999998 0.013093093093093094
24157 35 0.33802000000000004 0.7909459459459459 0.06659999999999999 0.022552552552552552
24157 35 0.69671 0.6714864864864865 0.01238 0.01858858858858859
24157 35 0.45414 0.7657357357357357 0.037759999999999995 0.0193993993993994
24157 35 0.67625 0.7066966966966968 0.01566 0.0196996996996997
