26995 44 0.87303125 0.8488551401869158 0.02584375 0.15317757009345795
26995 62 0.8936796875 0.809018691588785 0.151390625 0.09214953271028037
26995 62 0.9222265624999999 0.7719976635514018 0.133328125 0.1625
26995 67 0.8997187499999999 0.6938434579439253 0.20056250000000003 0.06712616822429907
26995 67 0.8619140625 0.881179906542056 0.276171875 0.22824766355140186
26995 67 0.1014375 0.8670443925233644 0.196875 0.14380841121495327
26995 1 0.8744453125 0.4885630841121495 0.07573437499999999 0.13507009345794393
26995 1 0.027796875 0.6146028037383178 0.052593749999999995 0.3483177570093458
26995 1 0.7579687500000001 0.5751401869158879 0.09762499999999999 0.2510280373831776
26995 1 0.1447265625 0.5388317757009345 0.162609375 0.23719626168224298
26995 44 0.79390625 0.8407476635514018 0.03275 0.12130841121495327
26995 44 0.8020859375 0.8130140186915887 0.019796875 0.08799065420560746
26995 1 0.21990625000000003 0.7297313084112149 0.18978124999999998 0.5202570093457943
26995 1 0.082296875 0.4527219626168224 0.10400000000000001 0.27778037383177573
26995 1 0.27799999999999997 0.46106308411214947 0.029406250000000002 0.07352803738317756
26995 1 0.307109375 0.4626401869158878 0.040531250000000005 0.09855140186915888
26995 1 0.6403828125 0.4756658878504673 0.052578124999999996 0.09021028037383177
26995 1 0.0194453125 0.47186915887850467 0.037734375 0.06186915887850467
26995 1 0.23878125 0.4767990654205607 0.05121875 0.09915887850467289
26995 62 0.1084296875 0.7507009345794393 0.086265625 0.172196261682243
26995 62 0.8505312500000001 0.6083411214953272 0.08787500000000001 0.04429906542056075
26995 62 0.8463515625000001 0.6332943925233645 0.074109375 0.05074766355140187
26995 62 0.791515625 0.7321495327102804 0.0294375 0.1089252336448598
26995 67 0.8523828124999999 0.5803504672897196 0.08792187500000001 0.061214953271028036
26995 67 0.12810937500000003 0.6416238317757009 0.17040625 0.11455607476635514
26995 1 0.21075 0.3969509345794392 0.06515625 0.14932242990654204
26995 44 0.8238046875 0.49664719626168224 0.011015625 0.04647196261682243
26995 1 0.516765625 0.5316705607476635 0.5436875 0.898714953271028
26995 62 0.8843671875 0.5506191588785048 0.061015625 0.06829439252336449
26995 1 0.76484375 0.46261682242990654 0.3109375 0.10747663551401869
