27660 3 0.9682812500000001 0.08302690582959642 0.04290625 0.07071748878923767
27660 11 0.41984374999999996 0.561737668161435 0.1651875 0.7777802690582959
27660 14 0.6143124999999999 0.36584080717488787 0.122875 0.21634529147982062
27660 14 0.7340546875 0.39516816143497757 0.073453125 0.16912556053811661
27660 14 0.8348125 0.38162556053811664 0.0706875 0.12159192825112107
27660 14 0.8867890624999999 0.39244394618834083 0.050859375 0.09946188340807174
27660 14 0.9179453124999999 0.396804932735426 0.040015625 0.09365470852017937
27660 14 0.94321875 0.39269058295964127 0.037625 0.0832286995515695
27660 14 0.9665703124999998 0.38718609865470854 0.032578125 0.08163677130044843
27660 14 0.9833124999999999 0.37854260089686104 0.02740625 0.06753363228699552
