14041 1 0.5331484375000001 0.5637704918032788 0.313265625 0.8397189695550351
14041 15 0.8422031249999999 0.6784426229508198 0.0450625 0.08653395784543326
14041 15 0.097453125 0.7550585480093678 0.19490625 0.13484777517564403
14041 41 0.5135234375000001 0.7388758782201406 0.268296875 0.42435597189695545
14041 1 0.748375 0.6055386416861827 0.013593749999999998 0.06199063231850117
14041 1 0.7713984375 0.6064754098360655 0.012171875 0.06096018735362998
14041 1 0.812921875 0.5907728337236534 0.00940625 0.030210772833723653
14041 15 0.19110156250000002 0.6753629976580796 0.10314062500000001 0.057892271662763464
14041 15 0.36705468750000003 0.6980210772833724 0.08004687499999999 0.0675175644028103
14041 15 0.27697656249999997 0.6882201405152225 0.102484375 0.06323185011709602
14041 1 0.7280625000000001 0.6090983606557376 0.017937500000000002 0.05121779859484778
14041 1 0.8242499999999999 0.5861241217798595 0.00815625 0.03412177985948478
14041 67 0.07423437499999999 0.7073887587822014 0.14846874999999998 0.13051522248243558
14041 67 0.3235 0.6319672131147541 0.11603125 0.009836065573770493
14041 67 0.3228515625 0.6761007025761124 0.116234375 0.10339578454332553
14041 67 0.1508984375 0.6222950819672131 0.122046875 0.007681498829039812
