33647 1 0.5499375000000001 0.48065573770491804 0.0228125 0.08271662763466042
33647 1 0.8974062500000001 0.5183723653395784 0.04184375 0.13393442622950819
33647 1 0.1140625 0.49405152224824356 0.04984375 0.17911007025761125
33647 1 0.07207812499999999 0.49677985948477754 0.0459375 0.17046838407494147
33647 1 0.52859375 0.4650702576112412 0.02215625 0.10447306791569086
33647 1 0.5918828125 0.4802459016393443 0.030109375 0.1489695550351288
33647 1 0.62375 0.4643559718969555 0.01103125 0.04918032786885246
33647 1 0.9313828124999999 0.5305503512880562 0.031015625 0.1367447306791569
33647 1 0.9705078125 0.5350234192037471 0.058984375 0.1773536299765808
33647 15 0.6808828124999999 0.5991451990632318 0.099984375 0.12138173302107728
33647 15 0.166796875 0.8598009367681498 0.33359375 0.28039812646370027
33647 27 0.8963906250000001 0.4957259953161593 0.02178125 0.05313817330210773
33647 27 0.93434375 0.5080327868852459 0.022468750000000003 0.04576112412177986
33647 27 0.5454140625 0.47098360655737703 0.013734374999999998 0.042903981264637
33647 1 0.7195234375 0.46909836065573773 0.014828125000000001 0.06779859484777517
33647 1 0.9203749999999999 0.4681498829039813 0.014468749999999999 0.04243559718969555
33647 1 0.8196328125000001 0.5034426229508197 0.032015625 0.06234192037470726
33647 27 0.9861796875 0.49858313817330213 0.026890625 0.061569086651053866
33647 1 0.9454921874999999 0.4660655737704918 0.008390625 0.05259953161592506
33647 1 0.60234375 0.49414519906323184 0.7546875 0.12646370023419204
