5724 48 0.09083184257602862 0.7283906250000001 0.17450805008944542 0.118125
5724 49 0.6386762075134168 0.1117421875 0.6586404293381037 0.075078125
5724 49 0.9260286225402504 0.4336015625 0.1479427549194991 0.069453125
5724 57 0.45796064400715564 0.67265625 0.2101252236135957 0.1453125
5724 57 0.4360912343470483 0.7735859374999999 0.2781216457960644 0.127359375
5724 57 0.4252862254025045 0.8773515625 0.36452593917710197 0.087265625
5724 61 0.043738819320214666 0.18651562500000002 0.08747763864042933 0.26965625000000004
5724 61 0.7754651162790698 0.6437578125 0.3645974955277281 0.392171875
5724 67 0.5044633273703041 0.498703125 0.9910733452593917 0.9922187499999999
5724 61 0.2183273703041145 0.21265625 0.3629159212880143 0.32559375
