48609 3 0.44314 0.697012012012012 0.16488 0.37804804804804804
48609 3 0.44001 0.9366966966966965 0.2185 0.10336336336336337
48609 6 0.50285 0.43087087087087095 0.18922 0.40492492492492493
48609 1 0.21528 0.4437687687687688 0.02652 0.1512012012012012
48609 1 0.211 0.42693693693693696 0.035840000000000004 0.176996996996997
48609 1 0.022470000000000004 0.8081531531531532 0.04338 0.20531531531531533
48609 1 0.18815 0.25039039039039035 0.02594 0.14162162162162162
48609 1 0.2086 0.23864864864864865 0.019559999999999998 0.10132132132132132
48609 1 0.23432 0.2380930930930931 0.02332 0.09612612612612612
48609 8 0.4445 0.6893243243243243 0.1706 0.3797897897897898
48609 8 0.54653 0.1785735735735736 0.054979999999999994 0.09786786786786787
48609 31 0.22324000000000002 0.4416216216216216 0.01176 0.04648648648648649
48609 1 0.29567 0.19605105105105103 0.01758 0.11792792792792793
48609 1 0.25933999999999996 0.2617117117117117 0.011720000000000001 0.13273273273273273
48609 1 0.13767000000000001 0.276951951951952 0.03082 0.12759759759759762
48609 1 0.3328 0.23234234234234236 0.02524 0.10264264264264264
48609 1 0.35254 0.1575975975975976 0.00808 0.09141141141141142
48609 8 0.50699 0.43713213213213215 0.18846000000000002 0.43084084084084084
48609 1 0.30039 0.14854354354354354 0.0165 0.07252252252252252
48609 8 0.44003 0.9375975975975976 0.1849 0.12480480480480481
48609 1 0.4066199999999999 0.043903903903903904 0.02468 0.08504504504504505
