20395 9 0.8824583333333335 0.6771718750000001 0.16187500000000002 0.031375
20395 9 0.46115625 0.6578203125 0.06185416666666667 0.023421875
20395 9 0.5851458333333334 0.71846875 0.24145833333333336 0.10978125000000001
20395 9 0.29063541666666665 0.52584375 0.10785416666666667 0.3505625
20395 9 0.6241041666666667 0.643375 0.06520833333333334 0.0361875
20395 9 0.8358854166666667 0.6495624999999999 0.1330625 0.01703125
20395 9 0.13353125 0.66975 0.09897916666666666 0.042749999999999996
20395 9 0.7402291666666667 0.6415078125 0.07237500000000001 0.026359375
20395 9 0.5515625 0.6380625 0.04108333333333333 0.019125
20395 9 0.14958333333333332 0.5327968750000001 0.08920833333333333 0.23203125
20395 9 0.9695104166666667 0.6491015625000001 0.06097916666666667 0.032203125
20395 9 0.8863020833333334 0.6375546875 0.07347916666666668 0.031421875
20395 9 0.9132291666666666 0.6318203125 0.07120833333333333 0.019828125
20395 9 0.5104166666666666 0.63046875 0.8541666666666666 0.0765625
