38584 1 0.374328125 0.5351666666666667 0.09912499999999999 0.27275
38584 1 0.44784375 0.40091666666666664 0.10124999999999999 0.13595833333333335
38584 1 0.0808359375 0.40897916666666667 0.146703125 0.12225
38584 1 0.8897031249999999 0.368625 0.08940624999999999 0.22037500000000002
38584 1 0.9274375000000001 0.31442708333333336 0.062875 0.1211875
38584 64 0.6132578125 0.6232604166666665 0.085578125 0.23489583333333333
38584 15 0.40229687500000005 0.6675000000000001 0.3349375 0.14004166666666668
38584 15 0.1162890625 0.6381979166666667 0.232578125 0.08089583333333333
38584 31 0.436203125 0.5763020833333333 0.044656249999999995 0.09272916666666667
38584 1 0.3775234375 0.3359479166666667 0.10785937500000001 0.15506250000000002
