21718 50 0.538765625 0.17294392523364488 0.6285937500000001 0.1408411214953271
21718 51 0.41402343750000004 0.5123598130841122 0.596609375 0.8719158878504673
21718 57 0.4106015625 0.37462616822429906 0.092296875 0.14481308411214952
21718 57 0.5691875 0.364392523364486 0.09246875 0.12803738317757007
21718 57 0.4368046875 0.7433177570093459 0.083640625 0.15266355140186916
21718 57 0.34775 0.7117640186915888 0.10384374999999998 0.17175233644859814
21718 57 0.47946093749999996 0.3015303738317757 0.05242187499999999 0.038341121495327105
21718 57 0.5296953125 0.3383528037383178 0.075421875 0.140303738317757
21718 57 0.479484375 0.43558411214953274 0.0283125 0.1144392523364486
21718 57 0.47396875000000005 0.7763200934579438 0.05015625 0.1492289719626168
21718 56 0.4107421875 0.6477920560747663 0.10479687499999998 0.1613785046728972
21718 56 0.321234375 0.8154556074766356 0.09690625 0.14039719626168226
21718 56 0.2290078125 0.614018691588785 0.181984375 0.3582242990654205
21718 56 0.21951562500000002 0.3419158878504673 0.09418750000000001 0.11149532710280373
21718 56 0.52275 0.6984579439252336 0.09690625 0.10350467289719625
21718 56 0.501109375 0.5742289719626168 0.10690625000000001 0.1764018691588785
21718 56 0.477140625 0.5144392523364486 0.40125 0.8138317757009346
21718 57 0.408578125 0.33274532710280375 0.1110625 0.1144626168224299
21718 57 0.5137421875 0.2560280373831776 0.121015625 0.057710280373831774
21718 57 0.5768515625 0.2917873831775701 0.025890625 0.03936915887850467
21718 57 0.5492343749999999 0.49802570093457943 0.05493749999999999 0.134696261682243
21718 57 0.3053515625 0.5141004672897196 0.10132812499999999 0.1391822429906542
21718 57 0.36953125 0.5408878504672897 0.5515625 0.75
