17376 10 0.3691850220264318 0.12721875 0.16339207048458151 0.23378125
17376 10 0.1126762114537445 0.1538046875 0.16438325991189426 0.306890625
17376 31 0.44459251101321584 0.650734375 0.13191629955947137 0.198125
17376 31 0.5480616740088106 0.7102968749999999 0.09511013215859031 0.14415625
17376 1 0.5913876651982379 0.3713046875 0.10400881057268722 0.055203125
17376 1 0.6166079295154185 0.6881484375 0.21651982378854626 0.448140625
17376 1 0.8713105726872247 0.623625 0.2004625550660793 0.47912499999999997
17376 1 0.742863436123348 0.587640625 0.12986784140969163 0.44718749999999996
17376 1 0.6063546255506609 0.5135703125 0.12737885462555065 0.17876562499999998
17376 1 0.44806167400881053 0.6934765625000001 0.22938325991189426 0.42798437500000003
17376 1 0.3936784140969163 0.600765625 0.14704845814977974 0.42521875
17376 1 0.2755396475770925 0.5697265625 0.17033039647577092 0.386671875
17376 1 0.12764317180616738 0.590421875 0.14308370044052862 0.44146875
17376 1 0.563953744493392 0.4589453124999999 0.07033039647577093 0.120296875
17376 1 0.5052533039647576 0.5079921875 0.10552863436123347 0.202734375
17376 1 0.18887665198237885 0.4837890625 0.08088105726872247 0.17679687500000002
17376 31 0.7192621145374448 0.691046875 0.057951541850220264 0.0970625
17376 1 0.46306167400881054 0.3997734375 0.04378854625550661 0.039171875
