45573 21 0.6120078125 0.6773239436619719 0.032921875 0.05511737089201878
45573 21 0.6486953125 0.6966901408450704 0.019515625 0.05244131455399061
45573 21 0.9108124999999999 0.6988145539906103 0.04371875 0.05293427230046949
45573 21 0.8662734375000001 0.6411737089201878 0.038921875 0.048826291079812206
45573 21 0.826359375 0.5171596244131456 0.028187499999999997 0.04826291079812206
45573 21 0.7961171875 0.4388262910798122 0.029828125 0.03023474178403756
45573 21 0.8107734375 0.3947535211267606 0.042203125 0.039272300469483566
45573 21 0.6669453125 0.47312206572769955 0.029484375 0.037417840375586854
45573 21 0.7228671875 0.45818075117370893 0.030140624999999997 0.026126760563380282
45573 3 0.49176562500000004 0.8931924882629108 0.050124999999999996 0.0647887323943662
45573 3 0.28176562499999996 0.7316784037558686 0.045156249999999995 0.059976525821596245
45573 3 0.3587578125 0.6644600938967136 0.036828125 0.05291079812206573
45573 3 0.2667109375 0.5456572769953051 0.040203125 0.044741784037558685
45573 3 0.16806249999999998 0.2657511737089202 0.0233125 0.02830985915492958
45573 3 0.15426562500000002 0.262018779342723 0.018687500000000003 0.02976525821596244
45573 3 0.2730390625 0.25214788732394366 0.026171875 0.030821596244131458
45573 6 0.22042968749999997 0.22642018779342726 0.038671875 0.06194835680751174
45573 21 0.8203906249999999 0.3541079812206573 0.04153125 0.03784037558685446
45573 21 0.8690234374999999 0.33230046948356806 0.040765625 0.032159624413145536
45573 21 0.8181328125 0.28789906103286383 0.034046875 0.03744131455399061
45573 21 0.5718281249999999 0.4667605633802817 0.037375000000000005 0.03225352112676056
45573 21 0.623671875 0.4061854460093897 0.04109375 0.03617370892018779
45573 21 0.554640625 0.3872417840375587 0.03215625 0.02124413145539906
45573 21 0.6174609375 0.3078755868544601 0.020953125 0.034577464788732394
45573 21 0.9291406250000002 0.34328638497652586 0.026000000000000002 0.03183098591549296
45573 8 0.25040625 0.4408920187793427 0.0553125 0.13211267605633803
45573 8 0.2661953125 0.3150586854460094 0.036203125 0.0697417840375587
45573 8 0.11395312500000002 0.24129107981220654 0.0380625 0.07037558685446009
45573 8 0.086328125 0.21257042253521127 0.045625 0.052417840375586854
45573 3 0.260234375 0.2744600938967136 0.02065625 0.012394366197183098
45573 21 0.5989375 0.4197417840375587 0.015875 0.0539906103286385
45573 21 0.77265625 0.49295774647887325 0.4515625 0.4788732394366197
