31604 3 0.40632812500000004 0.49073958333333334 0.0403125 0.0239375
31604 3 0.44084375 0.4924375 0.01584375 0.028708333333333332
31604 3 0.5413828125 0.5004479166666667 0.029734375 0.027979166666666666
31604 10 0.37521875000000005 0.43536458333333333 0.00446875 0.014354166666666666
31604 10 0.385625 0.44275000000000003 0.0044375 0.011416666666666667
31604 15 0.7443046874999999 0.51415625 0.017640625 0.0133125
31604 1 0.94921875 0.5146041666666666 0.0224375 0.06745833333333334
31604 1 0.7086250000000001 0.5034062499999999 0.01890625 0.03985416666666666
31604 1 0.5771328125 0.4899895833333333 0.009703125 0.021020833333333332
31604 3 0.3683984375 0.49421875 0.013109375000000001 0.012229166666666668
31604 3 0.5289531249999999 0.49673958333333335 0.022468750000000003 0.026354166666666668
31604 11 0.034015625 0.5541979166666666 0.014499999999999999 0.04210416666666667
31604 3 0.49654687500000005 0.49545833333333333 0.00559375 0.026291666666666665
31604 10 0.379203125 0.4354791666666667 0.0040625 0.010333333333333333
