17766 41 0.3620725995316159 0.5903203125 0.12892271662763466 0.134546875
17766 41 0.8125175644028103 0.6988125000000001 0.08611241217798596 0.01834375
17766 1 0.4501756440281031 0.4233203125 0.5362763466042155 0.443515625
17766 1 0.8363934426229508 0.655265625 0.09714285714285714 0.09275
17766 1 0.7742622950819671 0.6292109375000001 0.0405152224824356 0.066703125
17766 1 0.7310772833723653 0.6398671874999999 0.05330210772833724 0.10789062499999999
17766 1 0.670831381733021 0.6373046875 0.05983606557377049 0.10492187500000001
17766 1 0.92692037470726 0.6443828125 0.05187353629976581 0.087953125
17766 1 0.1316393442622951 0.5774453125 0.04800936768149883 0.071171875
17766 1 0.16296252927400467 0.5731953125 0.043208430913348944 0.083328125
17766 1 0.2044847775175644 0.589703125 0.0535128805620609 0.07390624999999999
17766 1 0.8785128805620609 0.6564375 0.05121779859484778 0.10484374999999999
17766 1 0.626990632318501 0.635953125 0.04161592505854801 0.09762499999999999
17766 1 0.9102693208430913 0.6480546875 0.02864168618266979 0.076765625
17766 41 0.6427400468384075 0.6607890624999999 0.02641686182669789 0.048703125
17766 1 0.018981264637002344 0.5655078125 0.03018735362997658 0.061484375
17766 1 0.5304449648711944 0.640625 0.9344262295081968 0.19375
