18402 77 0.23680468749999997 0.13313817330210773 0.008234374999999999 0.013629976580796253
18402 31 0.80684375 0.4630913348946136 0.0429375 0.07634660421545668
18402 1 0.3842890625 0.46313817330210777 0.234421875 0.8436065573770493
18402 1 0.5106015625 0.5209133489461358 0.192828125 0.6912412177985949
18402 1 0.7416171874999999 0.27183840749414523 0.018203125 0.027283372365339578
18402 1 0.6712265625 0.3290749414519906 0.067953125 0.16807962529274004
18402 1 0.9676015625 0.40149882903981265 0.048328125 0.18964871194379393
18402 1 0.8505546875000001 0.42289227166276344 0.083203125 0.3217096018735363
18402 1 0.2236484375 0.255 0.098890625 0.3270023419203747
18402 1 0.6919296875 0.4719086651053864 0.15142187499999998 0.3820374707259953
18402 1 0.7774140625 0.4042740046838407 0.090078125 0.3105152224824356
18402 27 0.971640625 0.3653161592505855 0.034875 0.06388758782201405
18402 31 0.21569531249999999 0.22804449648711944 0.026671875 0.09992974238875879
18402 1 0.5129453125 0.23663934426229505 0.039671875 0.08873536299765808
18402 1 0.8988046875 0.40007025761124126 0.07810937500000001 0.2992974238875878
18402 31 0.6550546875000001 0.4733138173302108 0.093578125 0.07908665105386417
18402 31 0.33290625 0.39347775175644023 0.14256249999999998 0.46386416861826696
18402 31 0.7868984374999999 0.35663934426229515 0.053203125 0.0851288056206089
18402 77 0.7292500000000001 0.3367798594847775 0.01015625 0.014028103044496488
18402 77 0.475671875 0.5816510538641686 0.015625 0.04105386416861827
18402 31 0.6336015625 0.3829742388758782 0.023203124999999998 0.058875878220140516
