11826 1 0.35140625000000003 0.6359583333333333 0.4028125 0.59775
11826 1 0.7873828125 0.7035208333333334 0.33401562500000004 0.41062499999999996
11826 1 0.290203125 0.4050625 0.09340625 0.39137500000000003
11826 1 0.114109375 0.43706249999999996 0.090125 0.40854166666666664
11826 1 0.033359375 0.40546875 0.06646875 0.45918749999999997
11826 39 0.27171875 0.3788541666666667 0.09071875 0.15241666666666667
11826 40 0.6535234375 0.594375 0.068515625 0.109625
11826 1 0.6504453124999999 0.30955208333333334 0.099234375 0.11697916666666666
11826 1 0.36320312499999996 0.2937083333333333 0.0926875 0.12583333333333332
11826 1 0.8679375 0.3164375 0.12068749999999999 0.2921666666666667
11826 1 0.9472578125 0.34640625 0.105484375 0.2429375
11826 1 0.7263828125 0.4045 0.122234375 0.32595833333333335
