28462 62 0.8701810584958217 0.7447734374999999 0.2541225626740947 0.198703125
28462 62 0.587033426183844 0.7610625 0.3217548746518106 0.22465625
28462 62 0.530974930362117 0.6055234374999999 0.18785515320334262 0.027953125000000002
28462 62 0.05658774373259053 0.673828125 0.1103899721448468 0.092875
28462 67 0.43885793871866297 0.6798671875 0.48384401114206127 0.115578125
28462 1 0.535766016713092 0.478671875 0.14211699164345404 0.29125
28462 73 0.5351810584958218 0.3129765625 0.12785515320334262 0.078203125
28462 62 0.8499025069637883 0.5761796875 0.008050139275766017 0.0037031250000000003
28462 62 0.15733983286908076 0.7663749999999999 0.31467966573816153 0.2396875
28462 62 0.6925069637883009 0.6456484375 0.19158774373259052 0.116890625
28462 62 0.8987743732590529 0.6260703125 0.15337047353760447 0.084234375
