31434 44 0.2906640625 0.4026570048309178 0.012734375000000001 0.06763285024154589
31434 44 0.311 0.40669082125603867 0.010437499999999999 0.05487922705314009
31434 44 0.3220703125 0.4060507246376812 0.012671874999999999 0.05596618357487923
31434 44 0.3011796875 0.3998913043478261 0.011390625 0.06485507246376812
31434 44 0.4975546875 0.43262077294685986 0.011859375 0.04152173913043478
31434 62 0.759765625 0.7101570048309178 0.12050000000000001 0.22485507246376812
31434 62 0.285640625 0.8415700483091787 0.1584375 0.28990338164251206
31434 62 0.357484375 0.6541908212560386 0.09809375000000001 0.0677536231884058
31434 62 0.6444609375000001 0.5976811594202899 0.099515625 0.09835748792270531
31434 62 0.5075859375 0.7472342995169082 0.139046875 0.29992753623188406
31434 32 0.19996875 0.39456521739130435 0.0195625 0.06473429951690822
31434 32 0.479890625 0.5098188405797102 0.01259375 0.05615942028985507
31434 32 0.3411484375 0.6069323671497584 0.015203125000000001 0.09033816425120772
31434 67 0.61190625 0.7257608695652175 0.097 0.1713768115942029
31434 46 0.46790624999999997 0.6142270531400966 0.01159375 0.0461352657004831
31434 46 0.6416015625 0.553804347826087 0.013546875 0.041376811594202895
31434 1 0.20542968749999999 0.3795048309178744 0.148609375 0.19818840579710145
31434 1 0.3594921875 0.6028985507246377 0.138109375 0.2876328502415459
31434 1 0.3997265625 0.5189734299516908 0.10695312500000001 0.4248550724637681
31434 1 0.5132343749999999 0.6166545893719807 0.10943750000000001 0.3424396135265701
31434 1 0.6441640625 0.5854106280193238 0.081296875 0.35285024154589373
31434 1 0.8460234374999999 0.5427053140096618 0.104671875 0.46067632850241547
31434 1 0.7289765625 0.6268840579710144 0.194546875 0.3844927536231884
31434 1 0.4721484375 0.49521739130434783 0.048421874999999996 0.18521739130434783
31434 31 0.37878124999999996 0.6752053140096618 0.02121875 0.022971014492753624
31434 32 0.7725703125 0.5310628019323672 0.005828125 0.026666666666666665
31434 32 0.8462500000000001 0.3904710144927536 0.0046875 0.011521739130434782
31434 46 0.3536953125 0.6286111111111111 0.016671875 0.042149758454106276
31434 46 0.425015625 0.7171135265700485 0.01484375 0.02644927536231884
31434 46 0.5869687499999999 0.6348309178743962 0.0119375 0.04101449275362319
31434 67 0.4611015625 0.8401690821256038 0.146328125 0.23135265700483093
31434 46 0.416296875 0.7196739130434783 0.0159375 0.0492512077294686
31434 1 0.3144296875 0.723828502415459 0.237796875 0.5220048309178744
31434 44 0.48674999999999996 0.40345410628019324 0.006812500000000001 0.019130434782608695
31434 44 0.47659375 0.3986594202898551 0.00665625 0.012342995169082126
31434 46 0.7121015625 0.5903985507246378 0.014703125000000001 0.042198067632850236
