20464 19 0.5734296875 0.8168538135593221 0.258546875 0.34383474576271184
20464 1 0.56840625 0.6365148305084746 0.1085 0.16252118644067795
20464 1 0.7140390625 0.4516843220338983 0.090171875 0.18290254237288137
20464 1 0.3711484375 0.5593644067796609 0.084828125 0.13114406779661017
20464 1 0.185359375 0.5172775423728814 0.04778125 0.08078389830508476
20464 1 0.13178125 0.5536122881355933 0.03278125 0.10264830508474578
20464 1 0.058750000000000004 0.55375 0.06853125 0.08453389830508475
20464 1 0.5022968750000001 0.5283792372881356 0.07634375 0.10103813559322034
20464 19 0.7452734375000001 0.6761228813559322 0.097359375 0.1391949152542373
20464 19 0.8191953125 0.7065995762711865 0.062203125000000005 0.13391949152542373
20464 19 0.85459375 0.7638983050847457 0.10221875 0.28800847457627116
20464 1 0.477640625 0.6137605932203389 0.04140625 0.1523093220338983
20464 1 0.2908359375 0.5520233050847457 0.056734375000000004 0.0978177966101695
20464 1 0.4246796875 0.5829555084745763 0.040140625 0.10091101694915255
20464 1 0.935375 0.5407627118644068 0.05378125 0.1213135593220339
20464 19 0.641328125 0.6532733050847458 0.07646875 0.06455508474576271
20464 32 0.88796875 0.5757733050847459 0.00478125 0.015529661016949152
20464 32 0.9415156249999999 0.6256461864406779 0.0075625 0.05006355932203389
20464 32 0.7015703125 0.4052436440677966 0.004390625 0.013199152542372881
20464 32 0.9603124999999999 0.6230508474576271 0.007593750000000001 0.008686440677966102
20464 1 0.9852968749999998 0.5111122881355933 0.029406250000000002 0.06913135593220339
20464 32 0.2360859375 0.510010593220339 0.009546875 0.013199152542372881
20464 32 0.42283593750000004 0.5663241525423729 0.001890625 0.010826271186440679
20464 32 0.18553125 0.5239088983050848 0.00428125 0.015826271186440678
20464 32 0.128796875 0.5636546610169492 0.0039375 0.0250635593220339
20464 32 0.8720234375 0.5425211864406779 0.004390625 0.01266949152542373
20464 1 0.233828125 0.5203072033898305 0.0578125 0.09188559322033897
20464 1 0.49921875 0.5709745762711864 0.9984375 0.2521186440677966
