32985 27 0.457375 0.8886666666666667 0.0424375 0.12883333333333333
32985 31 0.5741328125 0.9094444444444445 0.034328125 0.11655555555555555
32985 31 0.2995546875 0.9696666666666668 0.025109375 0.06066666666666667
32985 31 0.5348124999999999 0.9105694444444444 0.01903125 0.08008333333333333
32985 31 0.231 0.8939444444444444 0.030843749999999996 0.18844444444444444
32985 31 0.04221875 0.9097777777777779 0.0645625 0.17766666666666667
32985 1 0.5727734375 0.9003888888888889 0.049109375 0.1937222222222222
32985 1 0.32792187500000003 0.8970416666666666 0.0460625 0.20591666666666666
32985 1 0.16559374999999998 0.8910138888888889 0.11881250000000002 0.2179722222222222
32985 1 0.253234375 0.8684305555555555 0.0851875 0.2631388888888889
32985 1 0.0499296875 0.8595555555555555 0.099859375 0.24944444444444444
32985 1 0.41967968749999995 0.9056944444444445 0.036203125 0.18861111111111112
32985 1 0.386171875 0.888763888888889 0.0619375 0.22247222222222224
32985 1 0.46875 0.8910833333333332 0.06121875 0.21783333333333335
32985 1 0.5209296875 0.9135694444444444 0.051359375 0.1728611111111111
32985 1 0.6456953125 0.892638888888889 0.019046874999999998 0.12844444444444444
32985 1 0.49828125000000006 0.8641527777777779 0.01925 0.06897222222222221
32985 1 0.5376484375 0.8545277777777778 0.022171875 0.0895
32985 31 0.6383359375000001 0.8755416666666668 0.015828125000000002 0.023805555555555555
32985 31 0.1868671875 0.9340138888888889 0.017140625 0.12269444444444445
32985 3 0.5964765625 0.8648750000000001 0.030984374999999998 0.06313888888888888
32985 3 0.10389843750000001 0.9388194444444445 0.033078125 0.08941666666666666
32985 31 0.43678125 0.9385555555555556 0.0159375 0.05544444444444445
32985 27 0.578515625 0.9478055555555557 0.026437500000000003 0.04783333333333333
32985 31 0.5380859375 0.8410833333333332 0.013671875 0.02822222222222222
