40946 20 0.5623515625 0.6621182266009852 0.178953125 0.23270935960591135
40946 20 0.358796875 0.8645197044334976 0.22918750000000002 0.2709605911330049
40946 20 0.16121093749999998 0.8400738916256157 0.160109375 0.3108866995073892
40946 20 0.12560156249999999 0.6810467980295566 0.13389062499999999 0.2553448275862069
40946 20 0.27059375 0.5762931034482759 0.19468749999999999 0.2583497536945813
40946 20 0.5189296875 0.4271182266009852 0.187296875 0.21137931034482757
40946 20 0.3981796875 0.6047290640394088 0.091734375 0.26738916256157635
40946 20 0.4732890625 0.5838300492610838 0.098203125 0.29086206896551725
40946 20 0.49725 0.15805418719211822 0.166625 0.1606896551724138
40946 20 0.330890625 0.4145197044334975 0.1476875 0.17411330049261084
40946 20 0.7357265625 0.39198275862068965 0.141234375 0.2394334975369458
40946 20 0.8951328125 0.7626970443349753 0.176953125 0.29672413793103447
40946 8 0.6621484375 0.5077339901477832 0.675703125 0.49551724137931036
40946 20 0.8383593750000001 0.7131280788177341 0.128375 0.1876847290640394
40946 20 0.52890625 0.41379310344827586 0.6609375 0.42857142857142855
