4555 9 0.4394765625 0.8280823529411765 0.795390625 0.24943529411764706
4555 1 0.1904765625 0.7326588235294118 0.013328125 0.029882352941176468
4555 1 0.232625 0.7339882352941176 0.01278125 0.02788235294117647
4555 1 0.36727343749999997 0.7483882352941177 0.007078125 0.008541176470588234
4555 1 0.592875 0.7474000000000001 0.00828125 0.011364705882352942
4555 1 0.6098671875 0.7339882352941176 0.015359375 0.030564705882352942
4555 1 0.4819453125 0.7433647058823529 0.009640625 0.01816470588235294
4555 1 0.444921875 0.753964705882353 0.0145625 0.01691764705882353
4555 1 0.41770312500000006 0.7474117647058824 0.008125 0.014352941176470587
4555 1 0.21657031250000003 0.7355411764705881 0.014140625 0.02835294117647059
4555 1 0.5677265625000001 0.7480941176470588 0.010078125 0.021176470588235293
4555 1 0.29246093749999996 0.7419058823529412 0.013296875 0.021835294117647057
4555 9 0.9855703124999999 0.8203882352941175 0.028859375 0.08157647058823529
4555 1 0.1164609375 0.7382000000000001 0.009515625 0.028494117647058823
4555 1 0.10400000000000001 0.7520470588235294 0.011375 0.04710588235294118
4555 1 0.36171875 0.7423529411764705 0.5921875 0.06352941176470588
