8373 3 0.5990781249999999 0.4117096018735363 0.04440625 0.040562060889929745
8373 3 0.157453125 0.28353629976580796 0.02765625 0.028337236533957845
8373 5 0.56703125 0.5208782201405152 0.8087500000000001 0.7178220140515222
8373 8 0.1101328125 0.29488290398126465 0.064078125 0.04344262295081967
8373 8 0.1560234375 0.2822365339578454 0.027328124999999998 0.03332552693208431
8373 8 0.9172890625000001 0.5205386416861826 0.09829687499999999 0.06838407494145199
8373 3 0.8243828125 0.5032786885245901 0.040140625 0.026370023419203747
8373 5 0.6521953125 0.3044964871194379 0.128953125 0.09213114754098362
8373 5 0.6161875 0.30723653395784545 0.013625000000000002 0.010210772833723654
8373 5 0.9696171875000001 0.40692037470725995 0.060765625000000004 0.03655737704918033
8373 8 0.597859375 0.4119086651053865 0.04109375 0.03641686182669789
8373 8 0.35943749999999997 0.3390632318501171 0.03534375 0.03395784543325527
