40930 3 0.463875 0.9188070539419088 0.29209375 0.12325726141078837
40930 3 0.636671875 0.9423858921161826 0.06778125 0.05672199170124481
40930 3 0.9127421874999999 0.917655601659751 0.026484374999999998 0.015850622406639002
40930 3 0.8272656249999999 0.916161825726141 0.0200625 0.014107883817427386
40930 3 0.9824765624999999 0.9267116182572614 0.016328125 0.01421161825726141
40930 3 0.7984375 0.9150829875518672 0.018625 0.012365145228215767
40930 3 0.8509609374999998 0.9153319502074688 0.020484375 0.00995850622406639
40930 8 0.7014921875 0.9358921161825725 0.080078125 0.06286307053941909
40930 3 0.7869453125000001 0.9144709543568464 0.012796875 0.015871369294605808
40930 10 0.8985 0.10644190871369295 0.0364375 0.13383817427385894
40930 10 0.5955312500000001 0.47069502074688796 0.02471875 0.08653526970954357
40930 10 0.4067421875 0.6509751037344399 0.012171875 0.05336099585062241
40930 10 0.3746640625 0.6643983402489627 0.011890625 0.04933609958506224
40930 10 0.31129687500000003 0.8489730290456431 0.0134375 0.019771784232365145
