46331 37 0.7911093749999999 0.10069335937499999 0.057906250000000006 0.07494140625
46331 1 0.491609375 0.515869140625 0.70384375 0.96373046875
46331 1 0.19659374999999998 0.49009765625 0.13940625 0.4413671875
46331 1 0.1111875 0.33673828125 0.11750000000000001 0.3706640625
46331 40 0.2921328125 0.203369140625 0.192359375 0.30787109375
46331 1 0.0443203125 0.06767578125 0.088640625 0.1279296875
46331 1 0.5539453125 0.027763671875 0.11773437499999999 0.05552734375
46331 1 0.04828125 0.388671875 0.0965625 0.5542578125
46331 1 0.3797265625 0.024208984375 0.081484375 0.04841796875
46331 15 0.8248671875 0.4549609375 0.339890625 0.033671875
