39083 1 0.6720600000000001 0.45486522911051214 0.25672 0.7766307277628032
39083 1 0.41201 0.5524932614555257 0.20886000000000002 0.2895148247978437
39083 1 0.18353999999999998 0.424177897574124 0.08752 0.1538544474393531
39083 1 0.5310400000000001 0.29141509433962265 0.05364 0.19371967654986524
39083 1 0.24139999999999998 0.2572911051212938 0.01896 0.06056603773584905
39083 1 0.8154399999999999 0.3205525606469003 0.08436 0.1605121293800539
39083 38 0.2964 0.04485175202156334 0.0124 0.012345013477088948
39083 38 0.42772999999999994 0.06137466307277628 0.008539999999999999 0.013638814016172505
39083 27 0.6094 0.29427223719676554 0.04692 0.1445013477088949
39083 38 0.21606 0.8026954177897574 0.43212 0.3946091644204852
39083 38 0.35483 0.06287061994609164 0.02178 0.017169811320754718
39083 38 0.91849 0.6425067385444744 0.1603 0.12932614555256064
39083 1 0.20419000000000004 0.2506469002695418 0.00966 0.03789757412398922
39083 1 0.09553999999999999 0.26315363881401616 0.009640000000000001 0.032506738544474396
39083 1 0.19505 0.25556603773584907 0.01018 0.03167115902964959
39083 1 0.44653999999999994 0.29706199460916444 0.05704 0.1695956873315364
