25997 28 0.8175234375 0.12929166666666667 0.09992187500000001 0.06941666666666667
25997 28 0.610890625 0.18360416666666665 0.0808125 0.0875
25997 28 0.48967968749999996 0.20864583333333334 0.065484375 0.027916666666666666
25997 1 0.55596875 0.24453125 0.04290625 0.10127083333333334
25997 1 0.47327343749999995 0.250625 0.026015624999999997 0.062000000000000006
25997 42 0.5047734375 0.7865208333333332 0.679203125 0.13033333333333333
25997 1 0.7778515625000001 0.23820833333333333 0.043078125 0.07162500000000001
25997 1 0.617234375 0.2596354166666667 0.032937499999999995 0.07906250000000001
25997 1 0.7370703125 0.24576041666666668 0.025859375 0.05485416666666666
25997 1 0.7165 0.2595208333333333 0.04253125 0.09291666666666668
25997 1 0.43285937499999994 0.26321875 0.026625 0.04610416666666666
25997 1 0.8812656249999999 0.2725416666666666 0.03203125 0.119875
25997 1 0.4013671875 0.25914583333333335 0.021109375 0.04625
25997 1 0.44272656250000003 0.5397812500000001 0.263390625 0.5199791666666667
25997 1 0.6665625000000001 0.2674583333333333 0.02809375 0.0715
25997 1 0.5221171874999999 0.27055208333333336 0.029109375 0.0469375
25997 1 0.646390625 0.259875 0.0214375 0.03741666666666667
25997 1 0.65703125 0.2520833333333333 0.5203125 0.10833333333333334
