7758 19 0.24934374999999998 0.42798611111111107 0.08615625 0.28852777777777777
7758 19 0.4324609375 0.40644444444444444 0.052015624999999996 0.26666666666666666
7758 19 0.8093515625000001 0.40022222222222226 0.078453125 0.21244444444444446
7758 1 0.24860937500000002 0.3885833333333333 0.09775 0.1471111111111111
7758 1 0.43625781250000006 0.3860138888888889 0.083203125 0.12825
7758 1 0.5411718750000001 0.3796527777777778 0.07940625 0.11763888888888889
7758 1 0.6625234375000001 0.35479166666666667 0.078453125 0.11869444444444444
7758 1 0.84065625 0.3311527777777778 0.086 0.11852777777777779
7758 19 0.6617421875 0.39325 0.05254687500000001 0.2446111111111111
7758 19 0.5387578125 0.482625 0.041203125 0.08980555555555556
