3478 28 0.2139609375 0.2773125 0.427921875 0.4342916666666667
3478 28 0.7053359374999999 0.33988541666666666 0.31179687500000003 0.48989583333333336
3478 28 0.5005625 0.19551041666666666 0.17528125 0.17977083333333335
3478 1 0.204390625 0.6959479166666666 0.22296875 0.5788125
3478 1 0.69075 0.6975104166666667 0.193 0.5981875
3478 31 0.6547734375 0.5880729166666666 0.109546875 0.11235416666666667
3478 31 0.2550703125 0.5291041666666667 0.07954687499999999 0.16795833333333335
3478 28 0.8680859374999998 0.2934479166666667 0.26382812499999997 0.38202083333333337
3478 1 0.9204062499999999 0.7188333333333332 0.15918749999999998 0.5448333333333333
3478 1 0.5789296875000001 0.6258437499999999 0.11967187500000001 0.6224791666666667
