12345 28 0.7584990253411307 0.5936875 0.10444444444444444 0.46259375
12345 28 0.6091520467836258 0.6224765624999999 0.07358674463937621 0.33142187500000003
12345 1 0.6672417153996102 0.45745312499999996 0.3308187134502924 0.591
12345 1 0.4611598440545809 0.255265625 0.17693957115009745 0.21356250000000002
12345 28 0.17791423001949316 0.385609375 0.0605458089668616 0.19784375
12345 28 0.545916179337232 0.6394296875 0.06555555555555556 0.332296875
12345 28 0.2527875243664717 0.44159375 0.06939571150097466 0.30840625
12345 62 0.17152046783625732 0.43619531250000004 0.1297076023391813 0.194078125
12345 62 0.44081871345029244 0.3889140625 0.09415204678362572 0.19132812500000002
12345 62 0.5226023391812865 0.4263515625 0.05335282651072125 0.226890625
12345 62 0.3141617933723197 0.30621875 0.11662768031189083 0.11737500000000001
12345 1 0.2663352826510721 0.3314609375 0.38690058479532163 0.384265625
12345 1 0.09086744639376218 0.5975312500000001 0.14477582846003897 0.51853125
12345 1 0.8986842105263159 0.338859375 0.14153996101364522 0.55840625
12345 31 0.8309551656920079 0.5332421875 0.09376218323586745 0.11873437499999999
12345 31 0.8271345029239766 0.343625 0.07879142300194932 0.08921875
