26895 3 0.4085 0.6153066666666667 0.32568 0.35642666666666667
26895 3 0.30667 0.41797333333333336 0.21334 0.13850666666666667
26895 3 0.14612999999999998 0.45544000000000007 0.19566 0.13296
26895 6 0.7070299999999999 0.47939999999999994 0.5814600000000001 0.9550666666666666
26895 1 0.034570000000000004 0.39505333333333337 0.03034 0.09661333333333333
26895 1 0.01771 0.45713333333333334 0.03542 0.2121333333333333
26895 3 0.16884 0.39737333333333336 0.07623999999999999 0.06776
26895 3 0.11003 0.38184 0.038979999999999994 0.02384
26895 10 0.2265 0.05960000000000001 0.069 0.11466666666666667
26895 11 0.03522 0.5068133333333333 0.038880000000000005 0.12594666666666665
26895 3 0.05443 0.38602666666666663 0.03022 0.04618666666666667
