4731 44 0.0158984375 0.8268941176470589 0.031796875 0.15694117647058825
4731 77 0.9350937499999998 0.9419647058823529 0.0786875 0.039505882352941175
4731 44 0.30660937499999996 0.5675764705882353 0.0239375 0.1464
4731 67 0.6104296874999999 0.8857411764705883 0.7791406249999999 0.20136470588235295
4731 1 0.5883671875 0.6010117647058824 0.157390625 0.5079058823529412
4731 47 0.8577890625 0.9104588235294118 0.056234375 0.10087058823529411
4731 55 0.6605546875 0.8959411764705884 0.045109375 0.057905882352941175
4731 55 0.7763671875 0.8952235294117648 0.044984375 0.06263529411764707
4731 79 0.1104296875 0.7685294117647059 0.214890625 0.42247058823529415
4731 51 0.8074375 0.9387882352941177 0.07546875 0.0799764705882353
4731 51 0.3027578125 0.5631411764705881 0.067484375 0.08830588235294118
4731 55 0.6248828125 0.8797529411764705 0.036921875 0.055129411764705885
4731 55 0.6697578125000001 0.8642941176470588 0.020234375 0.018752941176470587
4731 73 0.7875234375 0.8510588235294119 0.186015625 0.0696
4731 44 0.0230078125 0.9297176470588235 0.042796875 0.13792941176470588
4731 1 0.5034687499999999 0.6287176470588235 0.15396875000000002 0.40745882352941176
