22680 32 0.5231953125 0.7588524590163934 0.074640625 0.47203747072599533
22680 32 0.7102109375 0.7556791569086652 0.061734374999999994 0.06967213114754098
22680 32 0.32825000000000004 0.7640866510538641 0.03796875 0.2630210772833724
22680 32 0.8929921875 0.48243559718969553 0.012421875 0.01559718969555035
22680 1 0.6343671875 0.37192037470725997 0.11482812499999999 0.17096018735362997
22680 1 0.29011718750000004 0.6516861826697892 0.295359375 0.660655737704918
22680 1 0.8376875 0.6107962529274005 0.15712500000000001 0.4664168618266979
22680 1 0.9602812499999999 0.7123536299765808 0.07943750000000001 0.5258313817330211
22680 1 0.944328125 0.48351288056206093 0.0374375 0.09920374707259953
22680 1 0.4240390625 0.45887587822014053 0.087390625 0.214192037470726
22680 1 0.5435 0.597751756440281 0.32534375 0.7775175644028103
22680 1 0.7776796875 0.7060889929742389 0.273984375 0.5878220140515222
22680 1 0.88175 0.5056908665105386 0.078 0.22262295081967215
22680 32 0.8815312500000001 0.4717447306791569 0.010781250000000001 0.016182669789227166
