12946 44 0.275109375 0.7614084507042252 0.02753125 0.11746478873239437
12946 2 0.7605156249999999 0.4519718309859155 0.08309375 0.09539906103286386
12946 28 0.782015625 0.2984741784037559 0.13187500000000002 0.08131455399061033
12946 28 0.6285937500000001 0.32365023474178406 0.08203125 0.04110328638497653
12946 28 0.9692734375000001 0.33443661971830985 0.060078125 0.03107981220657277
12946 10 0.8059531249999999 0.151056338028169 0.021812500000000002 0.06746478873239437
12946 10 0.97421875 0.0969131455399061 0.03871875 0.10884976525821595
12946 31 0.9866875 0.40507042253521125 0.026437500000000003 0.062394366197183096
12946 1 0.6536328124999999 0.558556338028169 0.152921875 0.4256572769953052
12946 1 0.507390625 0.3533568075117371 0.0134375 0.02812206572769953
12946 1 0.85375 0.43264084507042255 0.059843749999999994 0.19607981220657278
12946 1 0.97771875 0.41774647887323946 0.0445625 0.1475586854460094
12946 1 0.18098437500000003 0.606737089201878 0.22137500000000002 0.7550704225352113
12946 1 0.0842421875 0.5510915492957746 0.07976562499999999 0.5412910798122066
12946 1 0.06396093750000001 0.3640610328638498 0.029109375 0.07389671361502348
12946 1 0.2660859375 0.49174882629107985 0.070046875 0.3667370892018779
12946 1 0.8991874999999998 0.4310680751173709 0.032968750000000005 0.1634507042253521
12946 1 0.028414062499999997 0.5033685446009389 0.050859375 0.3370657276995305
12946 1 0.811484375 0.4176760563380282 0.030875000000000003 0.16314553990610328
12946 2 0.929328125 0.4234272300469483 0.0354375 0.03244131455399061
12946 10 0.0064843750000000006 0.20911971830985918 0.012968750000000001 0.051619718309859154
12946 10 0.793171875 0.15342723004694836 0.012562499999999999 0.06826291079812206
12946 1 0.5419765625 0.35429577464788736 0.011171875000000001 0.030985915492957743
12946 3 0.7100859374999999 0.39948356807511737 0.098203125 0.057981220657277
12946 3 0.3836328125 0.3778873239436619 0.08657812499999999 0.03863849765258216
12946 4 0.6563593750000001 0.7274530516431924 0.14168750000000002 0.42410798122065724
12946 10 0.22665625 0.21116197183098592 0.013968749999999999 0.053826291079812204
12946 1 0.78125 0.38704225352112676 0.01428125 0.060845070422535216
12946 3 0.0312109375 0.3868309859154929 0.062421875 0.050234741784037557
12946 1 0.4890625 0.44366197183098594 0.909375 0.215962441314554
