45552 2 0.6222890624999999 0.4224707259953161 0.11239062500000001 0.13529274004683842
45552 2 0.0987109375 0.4400702576112412 0.099421875 0.17709601873536301
45552 3 0.8773593749999999 0.4625058548009368 0.24528124999999998 0.21934426229508197
45552 1 0.693453125 0.5965105386416862 0.1870625 0.4724590163934426
45552 1 0.1847109375 0.43846604215456675 0.073671875 0.21271662763466043
45552 1 0.033460937499999996 0.46271662763466037 0.063046875 0.3592505854800937
45552 2 0.23523437500000002 0.4836651053864169 0.0863125 0.11384074941451991
45552 37 0.3735859375 0.21412177985948477 0.045390625000000004 0.07545667447306792
45552 2 0.745046875 0.37894613583138165 0.033218750000000005 0.05934426229508197
45552 2 0.11002343750000002 0.3744145199063232 0.030109375 0.04470725995316159
45552 37 0.16629687499999998 0.5281615925058548 0.024375 0.03477751756440281
