25858 21 0.245890625 0.8138195777351248 0.1335 0.19857965451055662
25858 21 0.7808671875 0.8500000000000001 0.42973437499999995 0.2811132437619962
25858 21 0.9619296875 0.7781285988483685 0.07614062499999999 0.13464491362763917
25858 21 0.5410390625 0.7299232245681382 0.060609375 0.05201535508637237
25858 21 0.09996093749999999 0.791324376199616 0.081453125 0.11500959692898273
25858 21 0.960765625 0.7156909788867563 0.05443750000000001 0.056833013435700575
25858 21 0.8603828124999999 0.7107389635316699 0.038390625 0.05161228406909789
25858 21 0.769296875 0.698358925143954 0.030156250000000002 0.05491362763915547
25858 21 0.5366484375 0.7016602687140115 0.039109375 0.029808061420345488
25858 21 0.11456249999999998 0.6633685220729367 0.027750000000000004 0.03429942418426104
25858 21 0.5573203125 0.6703934740882918 0.030765625 0.043051823416506714
25858 21 0.13628125 0.659721689059501 0.03365625 0.03809980806142035
25858 21 0.1698125 0.758214971209213 0.054625 0.0691362763915547
25858 21 0.4640625 0.6948176583493282 0.79375 0.1727447216890595
