28392 13 0.7172812499999999 0.40220833333333333 0.38759375 0.4854583333333334
28392 3 0.70384375 0.935875 0.10124999999999999 0.12825
28392 3 0.669796875 0.8511145833333333 0.0325 0.0463125
28392 3 0.5095625 0.9833958333333334 0.0390625 0.03320833333333333
28392 1 0.902953125 0.7273020833333333 0.06559374999999999 0.10627083333333333
28392 3 0.7021875000000001 0.8209895833333333 0.03003125 0.04447916666666667
28392 3 0.7228203125 0.8926145833333333 0.061234374999999994 0.06739583333333334
28392 31 0.883046875 0.7005833333333332 0.019625 0.031625
28392 1 0.859390625 0.74203125 0.0553125 0.0918125
28392 3 0.5447265625 0.9586041666666667 0.040421875 0.04891666666666667
28392 3 0.62715625 0.8850625000000001 0.037125000000000005 0.05408333333333334
28392 3 0.512578125 0.9588333333333333 0.027968749999999997 0.03391666666666667
28392 3 0.5874140625 0.9219062499999999 0.038484375 0.05264583333333333
