5595 16 0.6037746170678338 0.7634765625 0.1361706783369803 0.20460937499999998
5595 16 0.6933588621444201 0.6265390625 0.1626039387308534 0.380390625
5595 16 0.5616739606126915 0.6691875 0.10838074398249453 0.34490625
5595 16 0.4578118161925602 0.5089609375 0.17684901531728664 0.175203125
5595 16 0.4013676148796499 0.5361953125000001 0.19542669584245076 0.27282812500000003
5595 16 0.2541137855579869 0.620484375 0.11150984682713348 0.1899375
5595 16 0.2453391684901532 0.6876484375 0.10984682713347922 0.179078125
5595 16 0.26553610503282277 0.781921875 0.15466083150984683 0.29362499999999997
5595 16 0.41573304157549235 0.6547265624999999 0.20844638949671773 0.174109375
5595 16 0.5541575492341356 0.9010703124999999 0.4095842450765865 0.11182812499999999
5595 16 0.3677680525164114 0.8104765625000001 0.07763676148796499 0.097734375
5595 64 0.07594091903719911 0.6013046875000001 0.15188183807439823 0.46910937500000005
5595 16 0.40251641137855576 0.764734375 0.2050328227571116 0.07425000000000001
