8025 2 0.9552421875 0.7783818770226537 0.089515625 0.24854368932038834
8025 2 0.8325546875000001 0.8023300970873787 0.13089062499999998 0.15805825242718446
8025 2 0.6126171874999999 0.7371844660194176 0.064828125 0.12414239482200647
8025 2 0.4819140625 0.7252588996763754 0.035671875 0.10009708737864077
8025 2 0.3842890625 0.721084142394822 0.022265625 0.06372168284789645
8025 2 0.3179609375 0.7024757281553398 0.033265625 0.08786407766990291
8025 2 0.5508203125 0.7408576051779935 0.06542187499999999 0.12689320388349515
8025 1 0.42585937500000004 0.6747572815533981 0.02634375 0.13093851132686085
8025 1 0.451265625 0.6769255663430421 0.024125 0.0833009708737864
8025 1 0.47971874999999997 0.6789320388349516 0.03396875 0.1374757281553398
8025 1 0.53259375 0.667799352750809 0.03378125 0.1049190938511327
8025 1 0.5460390625 0.6838673139158576 0.037984375 0.15220064724919094
8025 1 0.7180546875 0.6776537216828479 0.045484375 0.21239482200647247
8025 1 0.9811874999999999 0.7550485436893204 0.037625 0.21572815533980583
8025 1 0.61215625 0.6856957928802588 0.04553125 0.1783818770226537
8025 1 0.8007421875 0.6771359223300971 0.055234375 0.18779935275080906
8025 1 0.8447109374999998 0.7309061488673139 0.066203125 0.2487378640776699
8025 27 0.8613671875 0.6853559870550162 0.026171875 0.07679611650485436
8025 3 0.10897656250000001 0.6420226537216828 0.029390624999999997 0.06663430420711974
8025 27 0.5606249999999999 0.6691262135922331 0.025468750000000002 0.07475728155339806
8025 1 0.3794375 0.6856148867313916 0.03690625 0.11867313915857605
8025 2 0.713578125 0.7608899676375404 0.0874375 0.17200647249190937
8025 2 0.400546875 0.7149190938511327 0.010875 0.05631067961165048
8025 2 0.42793749999999997 0.7222168284789644 0.03603125 0.09511326860841424
8025 2 0.36671875 0.7033171521035598 0.01190625 0.05673139158576052
8025 2 0.3493828125 0.6961974110032363 0.024421875000000003 0.0812621359223301
8025 3 0.0903984375 0.7102427184466018 0.180796875 0.21148867313915856
8025 27 0.4007109375 0.6565695792880258 0.008953125000000001 0.03203883495145631
8025 1 0.2178515625 0.6278155339805825 0.007109374999999999 0.030582524271844658
8025 2 0.2899921875 0.6870873786407767 0.030765625 0.0919093851132686
8025 1 0.52178125 0.6544983818770226 0.02009375 0.10666666666666667
8025 2 0.521875 0.6747572815533981 0.70625 0.22330097087378642
8025 1 0.26015625 0.6585760517799353 0.2578125 0.14563106796116504
