19247 1 0.8825208333333332 0.6591953125 0.025083333333333332 0.029140624999999996
19247 1 0.903125 0.664171875 0.015791666666666666 0.019
19247 1 0.18611458333333333 0.631609375 0.011145833333333332 0.00803125
19247 1 0.19947916666666668 0.6297656249999999 0.015666666666666666 0.00865625
19247 1 0.23341666666666666 0.60790625 0.0415 0.0226875
19247 38 0.7391562500000001 0.20299218749999998 0.2682291666666667 0.379921875
19247 42 0.04177083333333333 0.9568515625 0.06241666666666667 0.009953125
19247 1 0.11390625 0.6211171875 0.017645833333333336 0.027296874999999998
19247 1 0.21894791666666666 0.6472890625 0.0119375 0.009421875
19247 1 0.47840625 0.608328125 0.014979166666666667 0.023875
19247 1 0.31571875 0.6106875 0.012770833333333334 0.017937500000000002
19247 1 0.049937499999999996 0.9089375000000001 0.056416666666666664 0.08521875
19247 1 0.4023229166666667 0.7381953125 0.0266875 0.045390625000000004
19247 1 0.14945833333333333 0.657265625 0.014 0.021687500000000002
19247 1 0.2651458333333333 0.610328125 0.020458333333333335 0.01846875
19247 1 0.2833333333333333 0.621875 0.5625 0.053125
