33471 3 0.9050859375 0.5435833333333334 0.07710937500000001 0.14670833333333333
33471 6 0.41882031249999996 0.4134791666666667 0.5578593749999999 0.710125
33471 1 0.8516171875000002 0.55778125 0.047921875 0.18006250000000001
33471 1 0.7660234375 0.5358645833333333 0.029078125 0.15514583333333334
33471 1 0.23488281249999998 0.41390625000000003 0.089015625 0.21281250000000002
33471 1 0.863296875 0.54840625 0.04159375 0.1743125
33471 3 0.902578125 0.4978958333333333 0.19484375 0.16983333333333334
33471 3 0.7947578125000001 0.46375 0.054828125000000005 0.0495
33471 3 0.72546875 0.44934375 0.01209375 0.007729166666666666
33471 4 0.9610781249999999 0.5776666666666667 0.07784375 0.20025
33471 8 0.0686875 0.5288854166666667 0.137375 0.18902083333333333
33471 3 0.9755156249999999 0.60878125 0.04896875 0.2194375
33471 46 0.35526562500000003 0.4597291666666667 0.0385625 0.07883333333333334
33471 46 0.28640625 0.39436458333333335 0.050812500000000003 0.20322916666666666
33471 46 0.34515624999999994 0.3762916666666667 0.06353125 0.23054166666666667
