23569 77 0.3506145833333333 0.5492265625 0.03114583333333333 0.053765625
23569 3 0.5488854166666666 0.6424453125 0.10972916666666667 0.066734375
23569 1 0.27628125000000003 0.704390625 0.5525625000000001 0.59121875
23569 1 0.7536458333333333 0.72484375 0.09258333333333332 0.16921875
23569 1 0.6711041666666666 0.6895312499999999 0.033666666666666664 0.11921875
23569 1 0.9314270833333332 0.7485390625000001 0.10843749999999999 0.23289062500000002
23569 1 0.6154687499999999 0.6991171875 0.08239583333333332 0.211234375
23569 1 0.5378124999999999 0.67678125 0.05579166666666667 0.0983125
23569 1 0.7923541666666666 0.6283984375 0.024291666666666666 0.023578125
23569 1 0.5008229166666667 0.6782578125 0.07172916666666666 0.11542187500000001
23569 1 0.4464166666666667 0.644015625 0.05083333333333333 0.09471874999999999
23569 1 0.7932812499999999 0.7184921875000001 0.05689583333333333 0.155390625
23569 6 0.6362187499999999 0.606328125 0.11002083333333333 0.04153125
23569 10 0.4189791666666666 0.4426796875 0.020374999999999997 0.037171875
23569 31 0.6356770833333333 0.6902109375000001 0.029312500000000002 0.047953125
23569 1 0.46497916666666667 0.6188671875 0.026583333333333334 0.033421875000000004
23569 1 0.8476041666666666 0.7270546875 0.07895833333333332 0.17867187499999998
23569 31 0.9658020833333333 0.7057968750000001 0.06339583333333333 0.06340625
23569 1 0.820375 0.6324296875 0.033375 0.031078125
23569 10 0.7950729166666668 0.5750390624999999 0.0261875 0.018015625
23569 1 0.5 0.71875 0.9958333333333333 0.315625
