31339 3 0.793109375 0.7624583333333333 0.06946875 0.076
31339 3 0.698453125 0.75196875 0.0714375 0.0828125
31339 3 0.655734375 0.7371770833333334 0.032937499999999995 0.044187500000000005
31339 3 0.39240624999999996 0.7248437499999999 0.0873125 0.050895833333333335
31339 10 0.758828125 0.6186979166666667 0.015437500000000002 0.04572916666666667
31339 10 0.61825 0.6153437499999999 0.01146875 0.035520833333333335
31339 10 0.87678125 0.6927083333333334 0.0095625 0.021249999999999998
31339 3 0.5952265625 0.7445 0.061484375 0.06708333333333334
31339 10 0.8584609375000001 0.6255000000000001 0.009265625 0.03191666666666667
31339 10 0.27878125000000004 0.5650104166666667 0.0235 0.029854166666666668
31339 10 0.6297187500000001 0.6252708333333333 0.01534375 0.04066666666666666
