46169 9 0.4880625 0.48010416666666667 0.51840625 0.51075
46169 1 0.657625 0.6448645833333333 0.018 0.03860416666666667
46169 1 0.682625 0.6395729166666667 0.01109375 0.021979166666666668
46169 3 0.6007031250000001 0.64653125 0.06515625 0.04039583333333333
46169 3 0.52784375 0.6448750000000001 0.0599375 0.042708333333333334
46169 3 0.6836249999999999 0.53221875 0.02028125 0.0193125
46169 3 0.9340624999999999 0.5298125 0.02203125 0.023416666666666665
46169 3 0.47544531249999994 0.6402291666666666 0.037734375 0.027875
46169 9 0.8278125000000001 0.5918541666666667 0.039281250000000004 0.018375
46169 9 0.77159375 0.5854895833333332 0.05834375000000001 0.0255625
46169 1 0.603703125 0.568375 0.0195625 0.06220833333333333
46169 3 0.8834843749999999 0.5280416666666666 0.02475 0.027208333333333334
46169 3 0.840203125 0.53084375 0.021812500000000002 0.019854166666666666
46169 1 0.47709375000000004 0.454875 0.02165625 0.029875
46169 8 0.5545625000000001 0.6410208333333334 0.07112500000000001 0.051875
