35424 7 0.516578125 0.5236041666666666 0.6960625 0.301125
35424 7 0.9100859375000001 0.5357083333333333 0.122234375 0.18554166666666666
35424 1 0.1503671875 0.6115312500000001 0.060140625 0.24302083333333335
35424 1 0.16859375 0.6174895833333333 0.02853125 0.21060416666666668
35424 10 0.5461953125 0.4110625 0.018390625 0.05541666666666667
35424 1 0.0511328125 0.5233125 0.014890625 0.047
35424 1 0.09760156249999999 0.5248541666666667 0.012578125 0.05679166666666667
35424 1 0.08892187500000001 0.5216145833333333 0.0096875 0.0481875
35424 31 0.048671875 0.5260833333333333 0.0074062500000000005 0.009666666666666665
35424 1 0.889921875 0.6048333333333333 0.02778125 0.08045833333333333
35424 1 0.3210078125 0.5458333333333333 0.010828125 0.049041666666666664
35424 1 0.07180468749999999 0.5271979166666667 0.008546874999999999 0.05560416666666667
35424 31 0.17321875 0.5758854166666667 0.02240625 0.027270833333333334
