22802 9 0.5381498829039814 0.7868359375 0.09887587822014052 0.014921875000000001
22802 9 0.24421545667447306 0.7698750000000001 0.02313817330210773 0.0079375
22802 9 0.11519906323185013 0.7876640625 0.030070257611241217 0.0045156250000000005
22802 9 0.02278688524590164 0.7711953125000001 0.02524590163934426 0.013578125
22802 28 0.7794613583138172 0.8524843750000001 0.1762060889929742 0.08396875000000001
22802 1 0.46577283372365336 0.8616249999999999 0.05857142857142857 0.074
22802 1 0.5035714285714286 0.858125 0.03838407494145199 0.06784375000000001
22802 1 0.43225995316159255 0.8592421875000001 0.04344262295081967 0.072859375
22802 1 0.3874941451990633 0.8571015624999999 0.03381733021077283 0.070671875
22802 28 0.06745901639344262 0.8266796874999999 0.12634660421545668 0.048953125
22802 62 0.7330093676814988 0.899234375 0.12550351288056208 0.0475625
22802 1 0.19413348946135833 0.8517421875 0.03473067915690867 0.060078125
22802 1 0.1252576112412178 0.8515390625 0.033934426229508194 0.050484375000000005
22802 1 0.5967330210772834 0.8639765624999999 0.04564402810304449 0.062140625000000005
22802 1 0.15903981264637002 0.8585859375 0.04800936768149883 0.080203125
22802 1 0.3656674473067915 0.8537734374999999 0.02313817330210773 0.06889062500000001
22802 1 0.02781030444964871 0.8542031250000001 0.021709601873536297 0.018312500000000002
22802 9 0.954215456674473 0.83459375 0.09156908665105387 0.060312500000000005
22802 15 0.7358430913348946 0.8997890625 0.11149882903981265 0.040640625
22802 62 0.04781030444964871 0.8744687499999999 0.09201405152224824 0.028999999999999998
