41997 3 0.84036 0.7884186746987951 0.10684 0.07262048192771084
41997 1 0.67694 0.7928012048192772 0.02176 0.0836144578313253
41997 1 0.62312 0.7956927710843374 0.013439999999999999 0.10337349397590362
41997 1 0.61195 0.7987951807228916 0.01102 0.08596385542168675
41997 1 0.5346700000000001 0.7781024096385541 0.006900000000000001 0.03391566265060241
41997 1 0.66542 0.7936144578313253 0.0156 0.0852409638554217
41997 1 0.99252 0.7997289156626506 0.014960000000000001 0.08481927710843373
41997 1 0.90088 0.7998042168674699 0.01684 0.06539156626506025
41997 27 0.62833 0.783855421686747 0.00898 0.029457831325301203
41997 38 0.48283 0.1790210843373494 0.12966 0.04189759036144578
41997 38 0.32263 0.2632379518072289 0.20898 0.07268072289156627
41997 38 0.27626999999999996 0.5659638554216867 0.2631 0.11042168674698793
41997 38 0.94912 0.2444578313253012 0.02884 0.025722891566265057
41997 38 0.71775 0.2177710843373494 0.01774 0.028915662650602407
41997 38 0.56699 0.24534638554216867 0.2079 0.055753012048192774
41997 38 0.16202 0.2468222891566265 0.20596 0.09888554216867469
41997 38 0.09272 0.5307981927710843 0.18188 0.10352409638554216
41997 38 0.6801900000000001 0.5991566265060241 0.2577 0.2033734939759036
41997 38 0.03356 0.30218373493975903 0.06668 0.09593373493975904
41997 38 0.03363 0.165105421686747 0.06686 0.05147590361445783
41997 1 0.60534 0.7975753012048193 0.01188 0.07563253012048192
41997 1 0.58066 0.7860090361445783 0.008320000000000001 0.05707831325301205
41997 1 0.59175 0.7939307228915662 0.01898 0.09635542168674699
41997 38 0.5209900000000001 0.4982379518072289 0.23202 0.26611445783132526
41997 1 0.55165 0.7709638554216868 0.00902 0.044156626506024095
41997 38 0.90651 0.43246987951807225 0.15897999999999998 0.05072289156626506
41997 1 0.5692 0.7977259036144577 0.02164 0.08243975903614457
41997 1 0.26241000000000003 0.7586897590361447 0.011380000000000001 0.04153614457831325
41997 1 0.822 0.7906626506024096 0.152 0.09337349397590361
41997 38 0.344 0.48343373493975905 0.688 0.28012048192771083
