24391 32 0.26747 0.5495345345345346 0.06954 0.2333033033033033
24391 32 0.6904499999999999 0.49436936936936937 0.03358 0.2357057057057057
24391 32 0.10959999999999999 0.36599099099099097 0.012039999999999999 0.03678678678678678
24391 62 0.3807 0.529954954954955 0.04624 0.11570570570570571
24391 62 0.34529999999999994 0.4930480480480481 0.02068 0.048498498498498493
24391 1 0.69144 0.5213513513513514 0.42204 0.9303303303303304
24391 1 0.46808999999999995 0.47696696696696694 0.05626 0.32828828828828827
24391 1 0.42538 0.49000000000000005 0.08295999999999999 0.29429429429429427
24391 1 0.38104000000000005 0.40370870870870873 0.0466 0.13660660660660662
24391 1 0.35487 0.4016216216216216 0.03162 0.1437837837837838
24391 1 0.25892000000000004 0.562912912912913 0.446 0.8696696696696697
24391 1 0.08946 0.20123123123123124 0.02316 0.06042042042042042
24391 1 0.02538 0.5216816816816817 0.05076 0.4288288288288289
24391 1 0.04519 0.22978978978978978 0.03138 0.10192192192192191
24391 1 0.06287999999999999 0.24723723723723723 0.019039999999999998 0.09219219219219218
24391 1 0.50903 0.46279279279279284 0.07106 0.2924924924924925
24391 1 0.09358 0.3410960960960961 0.07772 0.15924924924924924
24391 1 0.32495999999999997 0.3876726726726727 0.03616 0.15624624624624625
24391 1 0.441 0.28378378378378377 0.882 0.21921921921921922
