18424 19 0.39139583333333333 0.7376328125 0.7827916666666667 0.516140625
18424 3 0.7876145833333332 0.5210546875 0.4175625 0.23542187499999997
18424 3 0.6081979166666667 0.5016953125 0.03752083333333334 0.034359375
18424 1 0.8610520833333334 0.3958046875 0.0310625 0.027453125000000002
18424 1 0.9557083333333334 0.3198203125 0.0365 0.019390625
18424 1 0.5087708333333333 0.5286953125 0.026333333333333334 0.032828125
18424 1 0.9752708333333333 0.3104921875 0.02225 0.025203125
18424 1 0.8942395833333333 0.3475078125 0.013520833333333334 0.014796875000000001
18424 1 0.8852291666666666 0.35084375 0.014166666666666666 0.014218749999999999
18424 1 0.7887916666666667 0.41996093749999996 0.025416666666666664 0.022703124999999998
18424 1 0.7441354166666667 0.43726562499999994 0.030229166666666665 0.01878125
18424 1 0.5777916666666667 0.5122265625 0.025958333333333337 0.028484375
18424 1 0.6439895833333333 0.47566406249999993 0.025979166666666668 0.023921875000000002
18424 1 0.39401041666666664 0.9 0.11685416666666668 0.16403125000000002
18424 1 0.5241458333333333 0.5254453125 0.015250000000000001 0.014421875
18424 1 0.95928125 0.312640625 0.024854166666666667 0.01628125
18424 1 0.7354166666666667 0.453125 0.3416666666666667 0.140625
