37925 1 0.4714666666666667 0.40990999999999994 0.9309333333333334 0.76578
37925 1 0.65616 0.23874 0.05104 0.14188
37925 1 0.03522666666666667 0.34042 0.03632 0.0562
37925 1 0.09993333333333333 0.33465999999999996 0.03981333333333333 0.0458
37925 1 0.1386 0.32767999999999997 0.041093333333333336 0.03456
37925 41 0.6681733333333333 0.7966300000000001 0.6112266666666667 0.11462
37925 41 0.8907066666666666 0.35384 0.07608000000000001 0.15912
37925 1 0.16308 0.32056 0.027013333333333337 0.03204
37925 1 0.9903733333333333 0.21041 0.019253333333333334 0.0461
37925 1 0.18690666666666667 0.31822 0.034453333333333336 0.02584
37925 1 0.07526666666666668 0.31751999999999997 0.033146666666666665 0.030879999999999998
37925 41 0.9859733333333334 0.41007 0.028053333333333333 0.049659999999999996
37925 41 0.66064 0.29683 0.02965333333333333 0.01354
37925 1 0.8242000000000002 0.27641000000000004 0.13384 0.32398000000000005
37925 1 0.5076133333333334 0.29668 0.07901333333333332 0.0494
