42947 38 0.6078805620608899 0.16394531250000002 0.05042154566744731 0.07664062499999999
42947 1 0.3079156908665105 0.7881328125 0.24946135831381733 0.35285937500000003
42947 1 0.5253747072599532 0.6582421875 0.026721311475409838 0.036140624999999996
42947 1 0.7967213114754098 0.7035625 0.035362997658079626 0.05084375
42947 1 0.8012880562060889 0.56003125 0.009976580796252927 0.013750000000000002
42947 1 0.4478805620608899 0.7228749999999999 0.032857142857142856 0.06
42947 1 0.8330327868852458 0.7005390625 0.04362997658079625 0.066609375
42947 1 0.6891686182669788 0.6218515625 0.0246135831381733 0.037359375
42947 1 0.7200585480093676 0.59946875 0.014074941451990631 0.02884375
42947 1 0.3805620608899297 0.656359375 0.030351288056206092 0.016843749999999998
42947 1 0.6995550351288056 0.5660468750000001 0.007868852459016393 0.00834375
42947 1 0.3732669789227166 0.62509375 0.012716627634660421 0.0185
42947 1 0.3864754098360656 0.6152734375 0.015199063231850118 0.018546874999999997
42947 1 0.5 0.615625 0.9953161592505855 0.16875
