2281 3 0.6429765625 0.29213541666666665 0.220796875 0.40447916666666667
2281 3 0.7725390625 0.1569479166666667 0.123796875 0.14052083333333334
2281 1 0.9565078124999999 0.15642708333333333 0.060953125 0.1849375
2281 1 0.918484375 0.19434374999999998 0.037343749999999995 0.11614583333333334
2281 3 0.148234375 0.49411458333333336 0.29646875 0.9882291666666667
2281 3 0.8804375 0.08008333333333333 0.012125 0.035875
2281 3 0.8680390625000001 0.0683125 0.015171875000000001 0.017541666666666667
2281 3 0.843171875 0.0765625 0.014468749999999999 0.018875
2281 3 0.831046875 0.07731249999999999 0.02703125 0.0195
2281 3 0.8208125 0.08315625 0.01578125 0.019604166666666666
2281 3 0.78434375 0.0816875 0.025 0.019166666666666665
2281 3 0.58928125 0.08702083333333334 0.0681875 0.03895833333333333
2281 3 0.85040625 0.07221875 0.015187500000000001 0.021062499999999998
2281 3 0.8620078125000001 0.07084375 0.011140625 0.016354166666666666
