28655 3 0.39940625 0.6975 0.13727083333333334 0.0610625
28655 3 0.21192708333333332 0.691828125 0.12018749999999999 0.036843749999999995
28655 3 0.31834375000000004 0.6855859375 0.0990625 0.038265625
28655 3 0.13415625 0.6945703125 0.07660416666666667 0.038796874999999995
28655 3 0.06097916666666667 0.6913984375 0.11895833333333333 0.049703125
28655 8 0.7687604166666666 0.6917734375 0.3133125 0.071421875
28655 3 0.7732395833333333 0.7105937499999999 0.3139375 0.060406249999999995
28655 3 0.63775 0.6757421875 0.06891666666666667 0.022265625
28655 3 0.8611145833333332 0.669546875 0.08439583333333332 0.024781249999999998
28655 8 0.06331250000000001 0.6917421874999999 0.12662500000000002 0.052953125000000004
28655 3 0.9324166666666667 0.6790546875 0.0645 0.012984375000000001
