2402 1 0.77312 0.46052 0.16872 0.42648
2402 1 0.91131 0.45680000000000004 0.12786 0.3602666666666666
2402 1 0.6288199999999999 0.45877333333333337 0.07632 0.25290666666666667
2402 1 0.47164999999999996 0.5127466666666666 0.04326 0.16208
2402 1 0.44186000000000003 0.5135066666666667 0.04332 0.15757333333333334
2402 1 0.5485 0.4843066666666667 0.038759999999999996 0.11997333333333333
2402 1 0.5702 0.5428266666666667 0.06523999999999999 0.10656
2402 1 0.30922000000000005 0.6025333333333333 0.09024 0.268
2402 35 0.7975800000000001 0.6275599999999999 0.15975999999999999 0.022906666666666665
2402 1 0.7082200000000001 0.5210533333333334 0.038880000000000005 0.1276
2402 1 0.5085299999999999 0.50904 0.05154 0.17648000000000003
2402 35 0.32842 0.7280933333333334 0.15168 0.04034666666666667
2402 35 0.7754500000000001 0.6723733333333334 0.3247 0.0528
2402 35 0.37765 0.5830933333333334 0.10578 0.024213333333333333
