18513 8 0.8369369369369369 0.7861015625000001 0.3261261261261261 0.159015625
18513 10 0.4831081081081081 0.368265625 0.060900900900900896 0.11103125
18513 10 0.22512387387387386 0.45730468750000003 0.06804054054054054 0.105609375
18513 10 0.36033783783783785 0.2964921875 0.047972972972972976 0.10067187500000001
18513 10 0.4269707207207207 0.50928125 0.06096846846846847 0.11868749999999999
18513 6 0.16756756756756758 0.7938828125 0.17747747747747747 0.096421875
18513 10 0.31442567567567564 0.5821953125 0.05520270270270271 0.10635937499999999
18513 10 0.7438513513513513 0.44986718750000004 0.049819819819819824 0.106171875
18513 10 0.6663513513513513 0.41828125 0.0622972972972973 0.11028125
18513 10 0.5969932432432432 0.4434609375 0.05006756756756757 0.10210937499999999
18513 10 0.6534684684684684 0.3128046875 0.06337837837837838 0.10714062499999999
18513 10 0.5888400900900901 0.3302265625 0.05664414414414414 0.10479687499999998
18513 10 0.2939864864864865 0.3970625 0.060000000000000005 0.10900000000000001
18513 10 0.24350225225225228 0.6028125 0.06155405405405405 0.10384374999999998
18513 3 0.026204954954954954 0.7741953125000001 0.05240990990990991 0.047078125
18513 10 0.5095495495495495 0.616859375 0.06774774774774775 0.10815625
18513 10 0.5202702702702703 0.428125 0.545045045045045 0.49375
