35110 19 0.1409375 0.6532359813084112 0.27325 0.6516121495327103
35110 19 0.46511718750000003 0.6853971962616823 0.190859375 0.4539252336448598
35110 19 0.7701328125 0.6511915887850467 0.300828125 0.32700934579439256
35110 1 0.28194531250000004 0.5076635514018693 0.16217187500000002 0.6729906542056076
35110 1 0.4724609375 0.48272196261682243 0.10104687500000001 0.36072429906542053
35110 1 0.7897265625000001 0.5078621495327102 0.082640625 0.3325934579439252
35110 1 0.8532500000000001 0.5095210280373832 0.03440625 0.060397196261682246
35110 1 0.885921875 0.5123481308411215 0.0209375 0.05563084112149532
35110 1 0.5327968750000001 0.43620327102803735 0.0450625 0.15301401869158876
35110 19 0.9395390625000001 0.6688785046728971 0.120921875 0.4150934579439252
35110 3 0.5959375 0.5105490654205607 0.0624375 0.041098130841121495
35110 19 0.592859375 0.6455140186915889 0.1036875 0.2741588785046729
35110 1 0.937625 0.4821028037383177 0.01596875 0.017149532710280375
35110 1 0.9774453125000001 0.5750233644859812 0.024921875 0.19934579439252334
