22166 20 0.7696953124999999 0.7215212264150944 0.138921875 0.31346698113207544
22166 20 0.7627734375 0.553997641509434 0.07914062499999999 0.13959905660377359
22166 20 0.5809296875 0.5990566037735849 0.198515625 0.4390566037735849
22166 20 0.6596875 0.40788915094339623 0.1799375 0.33672169811320757
22166 20 0.93203125 0.15107311320754718 0.080375 0.15516509433962267
22166 20 0.9644296875 0.5220283018867925 0.071140625 0.32551886792452833
22166 20 0.47777343749999995 0.44607311320754717 0.097890625 0.2390801886792453
22166 20 0.3780390625 0.4874292452830189 0.191671875 0.23462264150943396
22166 20 0.43083593750000004 0.3360966981132075 0.113390625 0.1804009433962264
22166 20 0.7060234375 0.6753419811320756 0.096953125 0.29879716981132076
22166 20 0.2116484375 0.5003419811320754 0.107390625 0.19125
22166 20 0.49165624999999996 0.4187382075471698 0.12428125000000001 0.15851415094339621
22166 20 0.7569296875 0.42704009433962264 0.056484374999999996 0.16752358490566038
