11802 20 0.30318750000000005 0.7546135831381734 0.5276875000000001 0.4907728337236534
11802 20 0.6553515625 0.5383723653395784 0.253171875 0.46081967213114755
11802 20 0.8293046875 0.4540983606557377 0.122484375 0.4643559718969555
11802 20 0.6195234375 0.5403161592505855 0.156109375 0.36011709601873537
11802 20 0.5979140624999999 0.38052693208430916 0.136609375 0.10096018735362998
11802 20 0.31696875 0.39400468384074944 0.1741875 0.4611241217798595
11802 1 0.43382031249999997 0.5781498829039813 0.239921875 0.8437002341920374
11802 1 0.74065625 0.42359484777517564 0.1349375 0.662927400468384
11802 1 0.8486015625000001 0.35437939110070255 0.173921875 0.6966276346604215
11802 1 0.608453125 0.2183957845433255 0.19278125 0.4288758782201405
11802 1 0.8318671875 0.10624121779859486 0.144703125 0.2124824355971897
11802 1 0.046390625000000005 0.16461358313817331 0.09278125000000001 0.3290866510538642
11802 1 0.29 0.1149063231850117 0.06853125 0.2298126463700234
11802 1 0.34859375000000004 0.3033723653395785 0.13343750000000001 0.539344262295082
11802 20 0.0329296875 0.4462412177985949 0.065859375 0.33187353629976585
11802 1 0.1723984375 0.46407494145199063 0.268953125 0.9173302107728337
