12861 3 0.15640625000000002 0.323536299765808 0.0780625 0.03639344262295082
12861 3 0.68896875 0.31550351288056205 0.044656249999999995 0.02459016393442623
12861 3 0.29359375 0.3063466042154567 0.029125 0.03822014051522248
12861 3 0.2728125 0.3037704918032787 0.017937500000000002 0.027353629976580796
12861 3 0.5951328124999999 0.3187353629976581 0.057671875 0.014473067915690866
12861 3 0.25396874999999997 0.30300936768149883 0.02784375 0.024285714285714285
12861 3 0.2408984375 0.3157025761124122 0.12085937499999999 0.030889929742388758
12861 1 0.3560859375 0.6089812646370023 0.24139062500000003 0.665175644028103
12861 1 0.5022578125 0.6221428571428571 0.18060937500000002 0.5995550351288056
12861 1 0.628921875 0.6258665105386417 0.24703124999999998 0.6548711943793911
12861 1 0.10501562499999999 0.29980093676814984 0.027750000000000004 0.050702576112412176
12861 15 0.384359375 0.6603747072599532 0.76871875 0.4215456674473068
12861 10 0.305390625 0.18521077283372367 0.009625 0.02559718969555035
12861 10 0.3883125 0.2591569086651054 0.01278125 0.019156908665105384
12861 10 0.45598437500000005 0.18137002341920372 0.01809375 0.03772833723653396
12861 10 0.6075312500000001 0.27228337236533956 0.01221875 0.021990632318501173
12861 15 0.1623828125 0.37973067915690867 0.09135937499999999 0.0860655737704918
12861 27 0.7632265625 0.5268149882903982 0.066296875 0.15789227166276348
12861 27 0.26196875000000003 0.6570140515222482 0.12221875 0.2022248243559719
12861 31 0.531296875 0.502751756440281 0.059843749999999994 0.10391100702576112
12861 31 0.6320546874999999 0.5486416861826698 0.067359375 0.0682903981264637
12861 1 0.0460625 0.3073419203747073 0.027625 0.07702576112412178
12861 3 0.15826562500000002 0.2966276346604215 0.04575 0.02018735362997658
12861 1 0.0678125 0.30536299765807967 0.0246875 0.08126463700234193
