37655 47 0.62471875 0.77909375 0.27264583333333337 0.24718749999999998
37655 47 0.10056250000000001 0.7102265625 0.20112500000000003 0.21795312500000003
37655 48 0.7271770833333334 0.9795078125 0.07210416666666666 0.040984375
37655 1 0.4129166666666667 0.375 0.7957916666666667 0.7026875
37655 47 0.030875 0.4756250000000001 0.06175 0.17434375
37655 49 0.6965625 0.9515859375 0.05395833333333333 0.096828125
37655 49 0.6000208333333334 0.6481171875 0.033499999999999995 0.035390624999999995
37655 50 0.8266458333333334 0.9906484375 0.08175 0.018078125
37655 67 0.2595104166666667 0.8055859375000001 0.5190208333333334 0.268453125
37655 46 0.51428125 0.631171875 0.2874375 0.29090625000000003
37655 54 0.2493645833333333 0.5522812500000001 0.37514583333333335 0.16340625
37655 49 0.7067916666666666 0.8055546875000001 0.024541666666666666 0.024078125
