37862 18 0.33146875000000003 0.6163124999999999 0.5542812500000001 0.35183333333333333
37862 18 0.6303828125000001 0.40948958333333335 0.19073437499999998 0.1918125
37862 18 0.5115546875 0.8119062499999999 0.293484375 0.20160416666666667
37862 64 0.48884375 0.21465625 0.13509374999999998 0.4293125
37862 51 0.8904609375000001 0.21345833333333336 0.045953125 0.043541666666666666
37862 51 0.8561796875000001 0.20685416666666667 0.033203125 0.034874999999999996
37862 47 0.98753125 0.21841666666666668 0.0249375 0.018541666666666668
37862 51 0.296875 0.1326041666666667 0.09378125000000001 0.04916666666666667
37862 51 0.3901015625 0.12465625 0.10398437499999999 0.051270833333333335
37862 47 0.899140625 0.1961354166666667 0.02065625 0.009020833333333334
37862 51 0.9770078125000001 0.24125 0.044796875 0.04666666666666666
37862 51 0.9331875000000001 0.228875 0.0478125 0.04
37862 51 0.928890625 0.1953541666666667 0.038406249999999996 0.014291666666666668
37862 51 0.2091875 0.14716666666666667 0.058687500000000004 0.027916666666666666
37862 51 0.9730624999999999 0.19565624999999998 0.05340625 0.03402083333333333
37862 47 0.8547890625000001 0.20804166666666665 0.030421874999999998 0.03625
37862 47 0.9767812500000002 0.24454166666666666 0.04553125 0.044333333333333336
