27756 3 0.45078125 0.8360262008733624 0.0408125 0.04532751091703057
27756 10 0.3821875 0.5065393013100437 0.020749999999999998 0.08517467248908296
27756 10 0.5325234375 0.5349672489082969 0.017328125 0.06932314410480349
27756 10 0.68190625 0.7252183406113538 0.01496875 0.02065502183406114
27756 10 0.2604296875 0.4898908296943231 0.022546875 0.08921397379912664
27756 11 0.866484375 0.8807096069868996 0.026718750000000003 0.061724890829694325
27756 3 0.566640625 0.8448253275109169 0.06396874999999999 0.07109170305676857
27756 3 0.4875 0.8292139737991266 0.04009375 0.04663755458515284
27756 3 0.370375 0.8295851528384279 0.031906250000000004 0.03445414847161572
27756 3 0.43629687500000003 0.8211135371179039 0.0294375 0.034759825327510915
27756 3 0.3399375 0.8246724890829694 0.032625 0.025327510917030567
27756 10 0.40028125000000003 0.5125655021834061 0.024281249999999997 0.08115720524017468
27756 10 0.2433671875 0.5495742358078602 0.019359375 0.03390829694323144
27756 10 0.23265624999999995 0.4889410480349345 0.02640625 0.08709606986899564
