17105 63 0.249609375 0.7780164319248827 0.49921875 0.42457746478873243
17105 46 0.7525937500000001 0.45253521126760565 0.0300625 0.08389671361502347
17105 46 0.8150546875 0.28970657276995304 0.026640625 0.08035211267605633
17105 51 0.799515625 0.044941314553990606 0.11387499999999999 0.08988262910798121
17105 46 0.7756484375 0.45705399061032864 0.021640625 0.06908450704225352
17105 46 0.9605390625 0.26842723004694835 0.023765625000000002 0.08164319248826292
17105 46 0.9819765624999999 0.26469483568075114 0.021265625 0.06136150234741784
17105 46 0.8063359375000001 0.4615258215962441 0.023046875 0.06136150234741784
17105 46 0.7940390625 0.456150234741784 0.016609375000000003 0.07446009389671361
17105 46 0.775125 0.2931103286384976 0.0206875 0.07974178403755869
17105 46 0.9190624999999999 0.2508568075117371 0.0200625 0.04157276995305165
17105 46 0.9391015625 0.26901408450704223 0.017703125 0.05887323943661971
17105 46 0.7584843749999999 0.3014553990610329 0.0165 0.07704225352112676
17105 46 0.9014218749999999 0.27255868544600936 0.01875 0.0607981220657277
17105 46 0.7453125 0.3001643192488263 0.016125 0.0855868544600939
