18885 10 0.5974296874999999 0.42978124999999995 0.083859375 0.3528958333333333
18885 1 0.214015625 0.71375 0.029375000000000002 0.065125
18885 1 0.7135390625 0.7555208333333333 0.039140625 0.06129166666666667
18885 1 0.7575234375 0.7778229166666666 0.036515625 0.04672916666666667
18885 1 0.804078125 0.36478124999999995 0.0911875 0.10606249999999999
18885 1 0.142125 0.8422291666666666 0.1698125 0.31037499999999996
18885 1 0.33201562500000004 0.9086145833333333 0.27640625 0.1595625
18885 1 0.4388515625 0.8338541666666667 0.089171875 0.133375
18885 1 0.7671015625 0.718875 0.048578125 0.07495833333333332
18885 1 0.562421875 0.77446875 0.027625 0.0450625
18885 1 0.7719609375 0.6673854166666667 0.016609375000000003 0.028854166666666667
18885 10 0.67415625 0.36662500000000003 0.06403125 0.22095833333333334
18885 1 0.5005625 0.9146041666666667 0.11125 0.14383333333333334
18885 1 0.8870390625000001 0.8160520833333335 0.225921875 0.36789583333333337
18885 1 0.5131328125000001 0.79265625 0.080265625 0.09777083333333333
