15451 2 0.8289140625 0.4493333333333333 0.148734375 0.16111111111111112
15451 2 0.432921875 0.25772222222222224 0.0376875 0.19649999999999998
15451 2 0.014695312499999998 0.128 0.024609375 0.07272222222222222
15451 3 0.49024999999999996 0.12208333333333334 0.0936875 0.07644444444444444
15451 4 0.3198203125 0.2933888888888889 0.31839062500000004 0.5591111111111111
15451 4 0.5473281249999999 0.5 0.65478125 1.0
15451 4 0.2520390625 0.22833333333333333 0.260203125 0.45666666666666667
15451 1 0.086890625 0.11425 0.03209375 0.13072222222222224
15451 1 0.8319375000000001 0.17016666666666666 0.11174999999999999 0.2046111111111111
15451 1 0.110375 0.107625 0.028000000000000004 0.14097222222222222
15451 1 0.6486171875 0.12445833333333334 0.017765625 0.08719444444444445
15451 31 0.430828125 0.1514861111111111 0.02853125 0.10141666666666665
15451 1 0.6655781249999999 0.12088888888888889 0.00821875 0.07444444444444445
15451 1 0.6970468750000001 0.11572222222222221 0.02328125 0.06683333333333333
15451 1 0.1310078125 0.10615277777777776 0.021015625 0.12880555555555556
15451 1 0.42456250000000006 0.17423611111111115 0.05753125 0.2595277777777778
15451 1 0.15346875 0.07291666666666667 0.030875000000000003 0.06272222222222222
15451 1 0.5267265625 0.08788888888888889 0.010921875000000001 0.024388888888888887
15451 1 0.09464843749999999 0.10637500000000001 0.014359374999999999 0.12019444444444445
15451 1 0.7484375 0.14763888888888888 0.0303125 0.11133333333333333
15451 2 0.17264843749999997 0.17322222222222222 0.065734375 0.10333333333333335
15451 2 0.7149375 0.1562222222222222 0.04528125 0.05427777777777777
15451 2 0.1548125 0.1537361111111111 0.03671875 0.06341666666666666
15451 2 0.7472578125 0.16426388888888888 0.048796875 0.08202777777777778
15451 1 0.10028125000000002 0.08597222222222223 0.00975 0.07166666666666667
15451 2 0.6607421875 0.1403611111111111 0.046140625000000005 0.06416666666666668
15451 1 0.3859375 0.09861111111111111 0.671875 0.04722222222222222
