31536 1 0.5073046875 0.39213541666666674 0.859546875 0.7707708333333334
31536 64 0.4704921875 0.6912291666666666 0.698265625 0.6021249999999999
31536 49 0.69246875 0.909 0.13728125 0.182
31536 51 0.3160078125 0.24874999999999997 0.065734375 0.06291666666666666
31536 67 0.5 0.8271145833333333 1.0 0.31460416666666663
31536 47 0.2067890625 0.25296875 0.026265624999999997 0.05377083333333333
31536 47 0.26903125 0.26339583333333333 0.03375 0.0375
31536 50 0.8097734375 0.03941666666666666 0.010890625 0.07866666666666666
31536 50 0.8572031250000001 0.0485 0.013718749999999998 0.07033333333333333
31536 50 0.8702500000000001 0.040781250000000005 0.01175 0.07460416666666667
31536 50 0.8813671874999999 0.04903125 0.016953125 0.07072916666666668
31536 50 0.8054921875 0.13078125 0.016640625 0.10052083333333334
31536 50 0.8170859374999999 0.1466875 0.011328125 0.068
31536 50 0.8528203125000001 0.13370833333333335 0.018234375 0.090625
31536 50 0.8914140625 0.15441666666666667 0.018046875 0.06845833333333333
31536 50 0.8766640625000001 0.152125 0.015859375000000002 0.07333333333333333
31536 50 0.8328515624999999 0.0453125 0.018890625 0.071375
31536 50 0.8285546874999999 0.13660416666666667 0.012921875 0.08366666666666665
31536 50 0.8650546875 0.13625 0.013421875 0.08504166666666667
31536 47 0.23302343749999999 0.25343750000000004 0.028078125 0.04654166666666667
31536 50 0.8940703125 0.04792708333333333 0.015671875 0.06489583333333333
31536 50 0.80625 0.16041666666666668 0.1 0.32083333333333336
