4616 44 0.2677421875 0.8827916666666666 0.093546875 0.20429166666666668
4616 1 0.35615625 0.7268854166666666 0.39775 0.5462291666666667
4616 1 0.9245156250000001 0.67621875 0.15096875 0.3994375
4616 1 0.074609375 0.7209583333333333 0.08553125 0.197
4616 1 0.90490625 0.68684375 0.037593749999999995 0.04152083333333333
4616 1 0.7481953125 0.7482916666666667 0.342953125 0.5034166666666666
4616 1 0.583703125 0.7198229166666666 0.1630625 0.4907291666666667
4616 1 0.691046875 0.7951875 0.031625 0.14183333333333334
4616 1 0.6147265625 0.5751770833333334 0.054265625 0.20235416666666667
4616 1 0.8598437500000001 0.7406979166666667 0.0795 0.13747916666666665
4616 1 0.9377734375000001 0.5606875 0.039296874999999995 0.16116666666666665
4616 1 0.213140625 0.6917395833333334 0.0676875 0.1230625
4616 1 0.1289296875 0.7479479166666667 0.165515625 0.21502083333333333
