42799 21 0.8106796875000001 0.5553020833333334 0.08735937499999999 0.11110416666666666
42799 21 0.08615625 0.392625 0.0348125 0.033416666666666664
42799 21 0.5965078125 0.5324479166666667 0.07323437499999999 0.1173125
42799 1 0.7794140625 0.66315625 0.059796875000000006 0.23597916666666666
42799 1 0.6390546875 0.6753645833333334 0.057640625 0.22885416666666666
42799 1 0.3769765625 0.504875 0.008984375 0.033499999999999995
42799 1 0.3707109375 0.4699583333333333 0.008703125 0.035833333333333335
42799 1 0.36049218749999995 0.47862499999999997 0.007953125 0.028416666666666666
42799 1 0.35646093749999996 0.4650520833333333 0.009015625 0.0316875
42799 1 0.283484375 0.42309375 0.0090625 0.02314583333333333
42799 1 0.9040390625000001 0.2641875 0.009734375 0.024625
42799 27 0.6414375 0.6343020833333333 0.0445 0.07089583333333334
42799 27 0.7842265625 0.62384375 0.047140625000000005 0.07889583333333333
42799 27 0.3765390625 0.49892708333333335 0.005140625 0.006854166666666666
42799 1 0.2916640625 0.4203125 0.006953125 0.0245
