43411 77 0.7711484375 0.14951041666666667 0.013921875 0.03839583333333333
43411 3 0.42103124999999997 0.3461458333333333 0.0445 0.091
43411 10 0.5667187499999999 0.1486458333333333 0.03209375 0.15541666666666665
43411 1 0.798875 0.24157291666666666 0.18203125 0.37527083333333333
43411 1 0.43764062500000006 0.3809270833333334 0.0728125 0.15122916666666666
43411 61 0.6546015625000001 0.8724375 0.135265625 0.18383333333333332
43411 61 0.4895078125 0.8402604166666667 0.131265625 0.12852083333333333
43411 61 0.14771874999999998 0.9093645833333334 0.13709375 0.13939583333333333
43411 61 0.176234375 0.5135000000000001 0.09921875 0.06841666666666667
43411 61 0.052273437500000006 0.5150729166666667 0.102359375 0.05460416666666667
43411 27 0.4446796875 0.36631250000000004 0.034828125 0.07833333333333334
43411 61 0.7837578125 0.83840625 0.090515625 0.0784375
43411 61 0.51296875 0.5814791666666667 0.076125 0.06733333333333333
43411 61 0.10462500000000001 0.7737604166666666 0.09909375000000001 0.1226875
43411 61 0.16346875 0.87103125 0.13668750000000002 0.08385416666666666
43411 61 0.8601171875 0.7438854166666666 0.11907812499999999 0.0956875
43411 61 0.6320625 0.494375 0.12071875000000001 0.03529166666666667
43411 67 0.5645312499999999 0.6517604166666667 0.17878125 0.13402083333333334
43411 67 0.89596875 0.8108333333333334 0.20806249999999998 0.3764166666666667
43411 61 0.3277265625 0.5954166666666667 0.059421875 0.051625000000000004
43411 61 0.1813046875 0.7858333333333333 0.162453125 0.09645833333333333
43411 61 0.4671875 0.78125 0.31875 0.43333333333333335
