10205 63 0.7907734375000001 0.6685798122065728 0.345109375 0.2837793427230047
10205 62 0.5243515624999999 0.6636971830985916 0.042265625 0.17974178403755867
10205 62 0.39681249999999996 0.656431924882629 0.056374999999999995 0.19154929577464788
10205 1 0.5811484375 0.5282629107981222 0.37039062500000003 0.913849765258216
10205 1 0.7776328125 0.6663732394366197 0.141484375 0.3003521126760563
10205 75 0.393921875 0.2907394366197183 0.04659375 0.03584507042253521
10205 1 0.8618281250000001 0.5630868544600939 0.0703125 0.1330281690140845
10205 62 0.553875 0.6701408450704226 0.04553125 0.19093896713615024
10205 62 0.533 0.5820892018779342 0.01559375 0.017746478873239435
10205 62 0.939078125 0.6950586854460095 0.06999999999999999 0.2170657276995305
