45230 1 0.70462 0.5222972972972973 0.09108 0.29072072072072075
45230 44 0.10235999999999998 0.6495045045045046 0.03008 0.05210210210210211
45230 44 0.04887 0.6476576576576576 0.02838 0.053513513513513515
45230 51 0.23337 0.7527477477477478 0.1067 0.053123123123123124
45230 52 0.29935 0.3592792792792793 0.11554 0.1535135135135135
45230 52 0.59402 0.4415315315315315 0.041280000000000004 0.06642642642642643
45230 52 0.6248299999999999 0.45812312312312314 0.10529999999999999 0.12519519519519517
45230 52 0.6208 0.33147147147147143 0.07392 0.11873873873873873
45230 52 0.16041999999999998 0.5063813813813813 0.10923999999999999 0.10975975975975975
45230 52 0.35821000000000003 0.705960960960961 0.024579999999999998 0.03504504504504505
45230 52 0.43246 0.7178378378378379 0.0366 0.07183183183183184
45230 52 0.38856999999999997 0.6925525525525525 0.03954 0.03153153153153153
45230 52 0.48855 0.7309309309309309 0.02794 0.032912912912912914
45230 53 0.17552 0.757102102102102 0.01992 0.025015015015015015
45230 53 0.21806 0.6895045045045045 0.12624 0.0972072072072072
45230 53 0.16832 0.7416666666666667 0.019559999999999998 0.023153153153153153
45230 44 0.12988 0.6465315315315315 0.02732 0.05444444444444444
45230 44 0.11474 0.6304954954954954 0.017839999999999998 0.05294294294294294
45230 44 0.07334 0.6502252252252252 0.024399999999999998 0.04801801801801802
45230 44 0.09482 0.6175225225225225 0.01584 0.01948948948948949
45230 44 0.08 0.6194744744744745 0.01312 0.017987987987987987
45230 44 0.14035 0.6418768768768769 0.02126 0.06105105105105105
45230 44 0.06631000000000001 0.6473123123123123 0.01374 0.05444444444444444
