30471 13 0.6413141993957703 0.26689999999999997 0.49332326283987915 0.33784
30471 3 0.452583081570997 0.85237 0.15429003021148036 0.0873
30471 8 0.29654078549848945 0.8607100000000001 0.26583081570996975 0.10262
30471 3 0.885785498489426 0.83681 0.06262839879154079 0.03166
30471 3 0.7754682779456193 0.83626 0.10030211480362539 0.05316
30471 3 0.7481268882175226 0.8442000000000001 0.04900302114803625 0.046
30471 3 0.807190332326284 0.8319099999999999 0.09613293051359517 0.053340000000000005
30471 3 0.9637613293051359 0.8213299999999999 0.04613293051359516 0.0161
30471 3 0.5426888217522658 0.85339 0.0506344410876133 0.054979999999999994
30471 3 0.9687462235649548 0.8289099999999999 0.06250755287009063 0.0157
30471 3 0.8649093655589125 0.8414699999999999 0.023051359516616313 0.028579999999999998
30471 3 0.9280664652567976 0.90398 0.14386706948640482 0.13204
30471 3 0.9306193353474319 0.83096 0.026978851963746223 0.02564
