395 77 0.470421875 0.5185775862068966 0.031 0.03960344827586207
395 1 0.523390625 0.6134827586206897 0.6761250000000001 0.750551724137931
395 1 0.0631328125 0.5978965517241379 0.126265625 0.480896551724138
395 1 0.1848359375 0.6435344827586207 0.12898437499999998 0.35286206896551725
395 1 0.9025078125 0.6726551724137931 0.19498437500000002 0.6546896551724138
395 77 0.9796328124999999 0.5371293103448276 0.024734375 0.019982758620689656
395 1 0.20001562499999997 0.4413620689655172 0.06071875 0.08086206896551724
395 1 0.28409375 0.5078620689655172 0.1283125 0.18875862068965518
395 1 0.670171875 0.42716379310344826 0.051468749999999994 0.18270689655172415
395 1 0.7045 0.45399137931034483 0.06859375 0.19508620689655173
395 1 0.2968671875 0.6304741379310345 0.094359375 0.11546551724137931
395 1 0.12327343750000001 0.4799827586206896 0.075609375 0.21886206896551724
395 1 0.7555546875 0.5136379310344829 0.11060937500000001 0.15458620689655173
