24385 32 0.25231 0.5555466666666666 0.04186 0.35935999999999996
24385 54 0.22379000000000002 0.9198666666666666 0.05778 0.06666666666666667
24385 1 0.7084300000000001 0.54316 0.22786 0.69144
24385 47 0.21236 0.8543733333333333 0.03032 0.1056
24385 47 0.38336 0.8515333333333335 0.03668 0.11053333333333334
24385 73 0.58061 0.8071733333333333 0.28146 0.24944000000000002
24385 47 0.63638 0.8640533333333333 0.03556 0.05642666666666667
24385 47 0.6435100000000001 0.9427066666666668 0.04614 0.11224
24385 47 0.09107000000000001 0.9576933333333333 0.04478 0.08461333333333333
24385 47 0.31509 0.9688 0.0439 0.05690666666666667
24385 51 0.07916 0.9131866666666667 0.15832 0.07869333333333334
24385 51 0.18358999999999998 0.9753466666666667 0.14454 0.04104
24385 1 0.46695000000000003 0.6516933333333333 0.30018 0.44824
24385 67 0.38765999999999995 0.6576666666666666 0.19091999999999998 0.13245333333333334
24385 1 0.17143 0.53116 0.31557999999999997 0.7090933333333334
