21504 1 0.5143828125000001 0.36235362997658077 0.125296875 0.2723419203747073
21504 50 0.608640625 0.8457845433255269 0.07184375 0.21119437939110072
21504 51 0.86271875 0.7994028103044496 0.2685 0.2720140515222483
21504 51 0.6986718749999999 0.893255269320843 0.34484375 0.19100702576112413
21504 57 0.57509375 0.9039461358313817 0.01521875 0.028594847775175646
21504 57 0.56609375 0.9234777517564402 0.013375000000000001 0.028501170960187353
21504 57 0.6719296875 0.9369672131147541 0.008171875 0.009484777517564403
21504 57 0.7305859375 0.9479976580796252 0.016296875 0.031686182669789224
21504 57 0.6275000000000001 0.9810304449648711 0.004875 0.009133489461358314
21504 57 0.72428125 0.9792037470725995 0.008968750000000001 0.01971896955503513
21504 57 0.79715625 0.9795316159250586 0.00678125 0.01695550351288056
21504 57 0.6882265624999999 0.9623653395784544 0.004734375 0.014145199063231851
21504 57 0.67246875 0.8943793911007025 0.00803125 0.003934426229508197
21504 57 0.6174765625 0.977903981264637 0.009390625 0.011920374707259953
21504 57 0.6692265625 0.9438758782201405 0.002453125 0.004613583138173302
21504 57 0.707765625 0.9626697892271663 0.010781250000000001 0.003934426229508197
21504 57 0.6703125 0.9309133489461359 0.225 0.13348946135831383
