33057 44 0.8042578125000001 0.6927916666666666 0.067765625 0.13291666666666666
33057 63 0.4769609375 0.7218229166666668 0.758046875 0.5563541666666667
33057 32 0.6389609375 0.58315625 0.06879687500000001 0.17685416666666667
33057 62 0.9161093749999999 0.6724791666666666 0.16778125 0.35570833333333335
33057 1 0.477953125 0.6900208333333333 0.26575000000000004 0.6199583333333333
33057 1 0.6697656249999999 0.6385104166666667 0.28209375 0.6531458333333333
33057 1 0.22925 0.69365625 0.22721874999999997 0.6126874999999999
33057 47 0.769828125 0.9385208333333334 0.0455625 0.096
33057 75 0.8168359374999999 0.6161458333333333 0.042984375000000005 0.023875
33057 75 0.5009296875 0.7898333333333334 0.063828125 0.07162500000000001
33057 62 0.6025078125000001 0.39657291666666666 0.048265625 0.09856250000000001
33057 73 0.8261484375 0.53696875 0.113984375 0.05410416666666666
