35817 64 0.3699609375 0.49726635514018686 0.113140625 0.1435981308411215
35817 62 0.2495234375 0.8161331775700935 0.24879687499999997 0.34193925233644856
35817 67 0.2436875 0.5956658878504673 0.487375 0.3366588785046729
35817 62 0.477890625 0.7764018691588785 0.20437500000000003 0.41574766355140186
35817 46 0.47092187500000005 0.40141355140186913 0.022593750000000003 0.10226635514018692
35817 61 0.15709374999999998 0.5572663551401869 0.1675625 0.18345794392523362
35817 1 0.0694140625 0.3651285046728972 0.100484375 0.1641355140186916
35817 1 0.20825 0.40223130841121496 0.10162500000000001 0.2697429906542056
35817 1 0.27877343750000005 0.3855490654205607 0.091671875 0.28539719626168225
35817 1 0.3190625 0.4024766355140187 0.04634375 0.26425233644859814
35817 1 0.379484375 0.4844626168224299 0.0968125 0.482196261682243
35817 1 0.6409453125 0.5769626168224299 0.130734375 0.7213551401869159
35817 1 0.746890625 0.6078621495327103 0.198375 0.7617990654205608
35817 46 0.132265625 0.4157943925233644 0.0260625 0.0438785046728972
35817 64 0.026625 0.46143691588785046 0.05325 0.11212616822429906
35817 1 0.9192812499999998 0.6797780373831775 0.16143749999999998 0.5550700934579439
35817 1 0.46439062499999995 0.2798714953271028 0.06471875 0.15007009345794395
35817 67 0.0694453125 0.47622663551401867 0.082296875 0.050724299065420565
35817 67 0.05286718749999999 0.5277686915887851 0.105578125 0.11530373831775702
35817 1 0.706765625 0.27396028037383174 0.04553125 0.118107476635514
35817 1 0.4997031249999999 0.5653855140186916 0.16259375 0.6951168224299065
35817 46 0.17175781250000002 0.42720794392523365 0.022640625 0.029275700934579436
35817 62 0.2713046875 0.5280841121495328 0.08254687499999999 0.05149532710280374
35817 1 0.9029609375 0.6578504672897196 0.194078125 0.6842990654205607
35817 1 0.75853125 0.308411214953271 0.16603125000000002 0.2800934579439252
35817 1 0.72578125 0.4392523364485981 0.5296875 0.40186915887850466
