28290 1 0.5634453125 0.4724512534818942 0.060390624999999996 0.3677437325905293
28290 1 0.8167265625000001 0.459150417827298 0.095046875 0.36710306406685234
28290 1 0.7235078125000001 0.4903342618384401 0.074140625 0.3517548746518106
28290 1 0.640921875 0.4853203342618384 0.042249999999999996 0.2279108635097493
28290 42 0.299296875 0.6223119777158774 0.052531249999999995 0.03220055710306407
28290 42 0.43802343750000006 0.5938718662952647 0.144140625 0.021559888579387187
28290 42 0.21844531250000002 0.638941504178273 0.111453125 0.03181058495821727
28290 42 0.27230468750000003 0.6467409470752089 0.11964062499999999 0.019721448467966574
28290 42 0.3768984375 0.601183844011142 0.158578125 0.018356545961002786
28290 42 0.348 0.6471309192200557 0.07956250000000001 0.02629526462395543
28290 42 0.209625 0.6658356545961003 0.1285 0.022311977715877437
28290 42 0.460375 0.5817130919220056 0.11274999999999999 0.025431754874651814
28290 42 0.595046875 0.5800696378830084 0.08046875 0.01841225626740947
28290 1 0.6766640625 0.471949860724234 0.043890625 0.3103064066852368
28290 1 0.8233828125 0.5646378830083566 0.11185937500000001 0.16520891364902507
28290 1 0.753265625 0.5131894150417827 0.03996875 0.2651532033426184
28290 42 0.2356328125 0.6251810584958217 0.284140625 0.0562116991643454
28290 42 0.40573437500000004 0.6339415041782729 0.110625 0.01
28290 42 0.70703125 0.4735376044568245 0.3515625 0.3788300835654596
