2184 43 0.1927734375 0.5537236533957846 0.048296875 0.08042154566744732
2184 43 0.439703125 0.4732552693208431 0.7713125 0.3156908665105387
2184 1 0.5757343749999999 0.5438173302107728 0.1469375 0.7236065573770493
2184 37 0.896109375 0.5944262295081967 0.01628125 0.025526932084309135
2184 37 0.28642968750000003 0.5628922716627635 0.010890625 0.015433255269320843
2184 37 0.47664062499999993 0.6427634660421545 0.011 0.01737704918032787
2184 37 0.5233671875 0.7793676814988291 0.017984375 0.024168618266978924
2184 37 0.2458984375 0.5574590163934426 0.006859374999999999 0.014355971896955503
2184 37 0.0188359375 0.5743325526932084 0.012171875 0.015550351288056206
2184 37 0.9455781249999999 0.6233957845433256 0.02071875 0.03587822014051522
2184 37 0.403765625 0.5563466042154567 0.0098125 0.016440281030444964
2184 37 0.0302578125 0.5733372365339579 0.010890625 0.014918032786885246
2184 43 0.9228359375 0.5434894613583138 0.020515625000000003 0.1074473067915691
2184 1 0.44047656249999995 0.5062295081967214 0.07032812499999999 0.29180327868852457
2184 1 0.9333125000000001 0.4438290398126463 0.06446874999999999 0.15505854800936766
2184 1 0.183140625 0.48133489461358314 0.05021875 0.2835128805620609
2184 1 0.0788046875 0.49455503512880566 0.054203125 0.2660187353629977
2184 1 0.644421875 0.7047072599531615 0.12715625 0.4870725995316159
2184 1 0.371140625 0.5456674473067916 0.08709375 0.31461358313817334
2184 37 0.9605625 0.5985128805620609 0.022 0.027096018735363
2184 1 0.250765625 0.4858782201405153 0.079875 0.30449648711943794
2184 1 0.822953125 0.43886416861826694 0.06109375 0.29056206088992975
2184 1 0.9635234374999999 0.39908665105386415 0.049953125 0.11011709601873537
2184 37 0.917609375 0.6301405152224826 0.0190625 0.02857142857142857
2184 43 0.6014921875000001 0.8405386416861828 0.129609375 0.05208430913348946
2184 43 0.8907187499999999 0.8211124121779859 0.13221875 0.03932084309133489
2184 43 0.9691875 0.4540632318501171 0.0223125 0.03637002341920374
2184 37 0.4890625 0.6651053864168618 0.96875 0.2529274004683841
