47992 9 0.4139609375 0.6389206642066421 0.6308906249999999 0.5615313653136532
47992 9 0.346375 0.13391143911439113 0.2481875 0.10738007380073801
47992 9 0.5871015625 0.1382011070110701 0.27214062499999997 0.09662361623616236
47992 9 0.6965312499999999 0.2439667896678967 0.0723125 0.09214022140221402
47992 1 0.3773515625 0.43612546125461255 0.35526562500000003 0.4671217712177122
47992 1 0.42888281250000004 0.060378228782287824 0.051546875000000006 0.0898339483394834
47992 1 0.6066328125 0.07178966789667897 0.084078125 0.09538745387453874
47992 1 0.19523437500000002 0.07129151291512915 0.06021875 0.10261992619926198
47992 1 0.605171875 0.09681734317343174 0.07628125 0.07865313653136533
47992 9 0.2801484375 0.10141143911439116 0.266765625 0.07813653136531365
47992 15 0.45549999999999996 0.0372970479704797 0.11921875 0.041162361623616237
