6327 1 0.38431249999999995 0.5942500000000001 0.193 0.7426666666666667
6327 1 0.510140625 0.6272500000000001 0.15878125 0.6509166666666667
6327 1 0.7974296875 0.4200625 0.041796875 0.16858333333333334
6327 1 0.7467109375 0.5286770833333333 0.164109375 0.14027083333333332
6327 1 0.915625 0.42753125000000003 0.03490625 0.1044375
6327 1 0.054960937499999994 0.55359375 0.107203125 0.15522916666666667
6327 35 0.6045390625 0.9315625000000001 0.284203125 0.136875
6327 35 0.40649218749999994 0.9521458333333332 0.075296875 0.09570833333333333
6327 35 0.7900234375 0.5012395833333333 0.120140625 0.012770833333333334
6327 36 0.6707500000000001 0.5521458333333334 0.0863125 0.050666666666666665
6327 27 0.37321875 0.42303125 0.0963125 0.1406875
6327 31 0.5171406249999999 0.5059166666666667 0.11290625000000001 0.216625
6327 1 0.92825 0.4228229166666667 0.00415625 0.025354166666666667
6327 36 0.09722656249999999 0.5932916666666668 0.060953125 0.056666666666666664
