33756 37 0.3793828125 0.6145539906103287 0.017078125 0.02323943661971831
33756 39 0.35735937500000003 0.5838262910798122 0.08946875 0.12450704225352112
33756 1 0.49678125 0.5745070422535211 0.2093125 0.6446478873239436
33756 1 0.1774375 0.6462793427230047 0.354875 0.7074413145539906
33756 1 0.266953125 0.10991784037558686 0.04653125 0.15720657276995306
33756 40 0.8100937500000001 0.1986267605633803 0.016718749999999998 0.03612676056338028
33756 40 0.282 0.11090375586854459 0.0166875 0.028145539906103287
33756 1 0.7420546874999999 0.22291079812206574 0.181921875 0.2645070422535211
33756 1 0.1636875 0.8547300469483569 0.17528125 0.26049295774647885
33756 40 0.403125 0.515481220657277 0.032218750000000004 0.03673708920187794
