21079 46 0.6019203747072599 0.7864843749999999 0.08149882903981263 0.087
21079 47 0.5504332552693209 0.8568515624999999 0.12236533957845433 0.068859375
21079 48 0.6405269320843091 0.711296875 0.05032786885245901 0.01225
21079 48 0.2891451990632319 0.658390625 0.1394145199063232 0.02284375
21079 48 0.4920257611241217 0.562078125 0.35576112412177985 0.30928125
21079 49 0.6570608899297425 0.724015625 0.07772833723653395 0.03496875
21079 1 0.1313583138173302 0.5808984374999999 0.2627166276346604 0.406734375
21079 1 0.26620608899297427 0.416640625 0.19592505854800937 0.2745
21079 1 0.3857259953161592 0.8427031250000001 0.5674707259953161 0.31459375
21079 1 0.8368149882903981 0.7292109375 0.3263700234192038 0.541578125
21079 1 0.7925644028103045 0.4830234375 0.41487119437939113 0.23529687500000002
21079 44 0.40005854800936763 0.6384765625 0.041194379391100704 0.09476562499999999
21079 44 0.40588992974238874 0.49667187499999993 0.04156908665105386 0.087
21079 44 0.5561358313817331 0.6872734374999999 0.04861826697892272 0.103390625
21079 44 0.43975409836065577 0.4160859375 0.019929742388758782 0.051796875
21079 44 0.4362529274004684 0.47231249999999997 0.026697892271662763 0.061375
21079 44 0.4428220140515222 0.67940625 0.04981264637002342 0.0920625
21079 44 0.4515105386416862 0.55853125 0.030562060889929743 0.06340625
21079 44 0.48735362997658077 0.5289140625 0.030023419203747074 0.077328125
21079 47 0.5014754098360655 0.589140625 0.06810304449648712 0.0395625
21079 47 0.3658430913348946 0.51390625 0.03796252927400469 0.03071875
21079 47 0.41523419203747075 0.39571093749999997 0.03833723653395785 0.019828125
21079 47 0.38275175644028103 0.40628125 0.026721311475409838 0.025031249999999998
21079 49 0.5097423887587823 0.9258359375000002 0.0718032786885246 0.019796875
21079 50 0.5679508196721312 0.5181640625 0.046393442622950816 0.013234375000000001
21079 50 0.38867681498829043 0.4164609375 0.018711943793911008 0.025296875000000003
21079 51 0.6365222482435596 0.5980546875 0.18765807962529274 0.062359374999999995
21079 51 0.5544262295081968 0.4649765625000001 0.12571428571428572 0.032359375
21079 51 0.4204683840749414 0.3973671875 0.04744730679156909 0.024640625
21079 51 0.3341217798594848 0.42014843749999997 0.0794847775175644 0.025453125
21079 51 0.33071428571428574 0.486640625 0.14152224824355972 0.041875
21079 62 0.05834894613583138 0.431734375 0.030889929742388758 0.061343749999999996
21079 62 0.7638056206088992 0.3940546875 0.01810304449648712 0.021953125
21079 77 0.25708430913348945 0.6837578125 0.0948711943793911 0.019703125
21079 1 0.5857728337236534 0.3668203125 0.24414519906323184 0.120296875
21079 1 0.5899180327868851 0.3298984375 0.15346604215456675 0.11973437499999999
21079 1 0.4236651053864169 0.324359375 0.1693911007025761 0.14615625000000002
21079 1 0.7255971896955503 0.44652343749999995 0.1610304449648712 0.219484375
21079 51 0.5422014051522248 0.42957812500000003 0.09662763466042154 0.033468750000000005
21079 51 0.5022365339578454 0.5910234375000001 0.07042154566744731 0.043265625
21079 62 0.9207142857142857 0.32467968750000004 0.08953161592505854 0.10389062499999999
21079 62 0.8293793911007027 0.32082031250000004 0.09651053864168618 0.102515625
21079 62 0.7416276346604216 0.3077890625 0.08953161592505854 0.101296875
21079 62 0.6622599531615925 0.2928046875 0.07768149882903981 0.067453125
21079 62 0.06233021077283373 0.7772812499999999 0.12199063231850119 0.0135625
21079 44 0.49235362997658083 0.7032109375 0.046814988290398124 0.084234375
21079 44 0.471135831381733 0.42449218749999995 0.01702576112412178 0.034078125
21079 44 0.4041217798594848 0.6651171875 0.04622950819672131 0.039421875
21079 67 0.4660655737704918 0.6863046875000001 0.8992974238875878 0.627390625
21079 77 0.40252927400468386 0.44165625 0.049976580796252924 0.01428125
21079 50 0.16511709601873537 0.8992734375 0.12779859484777517 0.012890625
21079 47 0.39347775175644034 0.42554687500000005 0.0314519906323185 0.025
21079 47 0.4838056206088993 0.4244296875 0.018852459016393444 0.026640625
21079 47 0.4771428571428571 0.4000859375 0.02257611241217799 0.025828125
21079 47 0.45852459016393443 0.5109296875 0.04229508196721311 0.029828125
21079 44 0.5281030444964872 0.484375 0.2459016393442623 0.190625
