36542 44 0.38137 0.7121999999999999 0.03526 0.15245333333333333
36542 44 0.49948 0.9469466666666666 0.04492 0.10610666666666667
36542 3 0.17098000000000002 0.12350666666666667 0.12936 0.14605333333333334
36542 3 0.33848999999999996 0.11636000000000002 0.1103 0.08626666666666667
36542 3 0.28258999999999995 0.09686666666666667 0.046619999999999995 0.03816
36542 1 0.5596700000000001 0.5420133333333333 0.34186 0.89832
36542 1 0.33925 0.19109333333333334 0.0679 0.29450666666666664
36542 1 0.24712 0.19041333333333332 0.10436 0.29741333333333336
36542 1 0.17016000000000003 0.12578666666666666 0.0426 0.14069333333333334
36542 27 0.22119 0.17133333333333334 0.0499 0.13685333333333333
36542 33 0.83473 0.8123066666666667 0.1963 0.3534666666666667
36542 1 0.1844 0.19968 0.06036 0.27557333333333334
36542 3 0.10540999999999999 0.11579999999999999 0.06038 0.14941333333333334
36542 27 0.68932 0.7236 0.12472 0.19776
36542 31 0.33749 0.16330666666666666 0.06086 0.12789333333333333
