15851 2 0.4471015625 0.7104954954954956 0.534015625 0.5011261261261262
15851 62 0.7122265624999999 0.42746621621621617 0.081859375 0.10826576576576577
15851 62 0.8453046875 0.418018018018018 0.045265625 0.13243243243243244
15851 62 0.642890625 0.40800675675675674 0.06340625 0.10547297297297296
15851 62 0.7818046875 0.45918918918918916 0.056296875 0.06288288288288289
15851 1 0.4822109375 0.551295045045045 0.265328125 0.6374549549549549
15851 1 0.023640625000000002 0.38465090090090087 0.047281250000000004 0.2572747747747748
15851 1 0.0483203125 0.3386936936936937 0.029984375 0.2322972972972973
15851 55 0.5055078125 0.13295045045045045 0.020953125 0.035495495495495494
15851 55 0.3079765625 0.01525900900900901 0.020046875 0.028896396396396396
15851 2 0.9910078125 0.42912162162162165 0.017984375 0.0745045045045045
15851 55 0.5256875 0.11495495495495495 0.02434375 0.031486486486486484
15851 55 0.4974453125 0.17523648648648651 0.022203125 0.03240990990990991
15851 62 0.35836718749999996 0.4249887387387387 0.081765625 0.13425675675675675
15851 55 0.2809296875 0.015360360360360361 0.024203125 0.030720720720720723
