8653 1 0.55942 0.4437011494252874 0.4056 0.8220689655172414
8653 1 0.27436 0.653080459770115 0.06008 0.21751724137931036
8653 1 0.23852 0.687 0.03824 0.13694252873563217
8653 1 0.34619 0.5926666666666667 0.1341 0.33696551724137935
8653 1 0.19704 0.7196896551724138 0.027800000000000002 0.07620689655172413
8653 1 0.16714 0.7458275862068966 0.011359999999999999 0.04503448275862069
8653 27 0.53114 0.3039655172413793 0.22963999999999998 0.2843908045977011
8653 27 0.33715000000000006 0.5186551724137931 0.07146 0.08112643678160919
8653 35 0.37094 0.7598275862068965 0.08988 0.022827586206896552
8653 1 0.21264999999999998 0.714632183908046 0.027460000000000002 0.08908045977011494
8653 1 0.18353999999999998 0.7355862068965517 0.015880000000000002 0.051586206896551724
8653 27 0.27951 0.5719310344827586 0.01218 0.03885057471264367
8653 27 0.23867 0.6469770114942529 0.01706 0.05294252873563219
8653 35 0.7445999999999999 0.8356206896551724 0.05008 0.030000000000000002
