22850 1 0.3442265625 0.42398249452954045 0.214546875 0.6636761487964989
22850 1 0.95796875 0.27670678336980303 0.0840625 0.44181619256017507
22850 1 0.5746328125 0.39221006564551425 0.24339062500000003 0.7291028446389497
22850 1 0.1597734375 0.468347921225383 0.218390625 0.7172647702407002
22850 49 0.5245859374999999 0.7256017505470459 0.121953125 0.19067833698030634
22850 61 0.46227343750000005 0.8469365426695842 0.545671875 0.2834573304157549
22850 67 0.47603906249999994 0.8637417943107222 0.948859375 0.24774617067833699
22850 1 0.0424140625 0.504507658643326 0.08204687499999999 0.6832822757111597
22850 1 0.0352421875 0.5220787746170679 0.070484375 0.7532603938730854
22850 1 0.7888046875 0.4618271334792122 0.321859375 0.8743763676148796
