40341 3 0.29982031249999996 0.47161132812500006 0.430265625 0.35892578125
40341 3 0.0864140625 0.347314453125 0.167671875 0.17712890625
40341 3 0.24703124999999998 0.328857421875 0.16528125 0.10248046875
40341 3 0.3856484375 0.27724609375000003 0.141984375 0.04
40341 3 0.7808828125 0.292724609375 0.025515624999999997 0.02439453125
40341 3 0.7467421875 0.288359375 0.081609375 0.07109375
40341 1 0.5664140625 0.512685546875 0.273890625 0.83380859375
40341 1 0.8546796875 0.28068359375 0.011984375 0.0404296875
40341 35 0.5649140625 0.484501953125 0.29817187500000003 0.53408203125
40341 35 0.5981171875 0.431259765625 0.412390625 0.25919921875
40341 3 0.0365234375 0.812998046875 0.073046875 0.28158203125
40341 3 0.6097890625 0.2698828125 0.294234375 0.1711328125
