24782 3 0.048820312500000004 0.7250235294117647 0.09614062500000001 0.20289411764705884
24782 3 0.10725781250000002 0.7141882352941176 0.099703125 0.1771294117647059
24782 3 0.895734375 0.7939294117647059 0.20853125 0.25148235294117643
24782 3 0.7703203125 0.7232000000000001 0.159734375 0.10588235294117647
24782 6 0.475609375 0.5326588235294117 0.640125 0.7432470588235294
24782 10 0.8835468750000001 0.40292941176470587 0.049625 0.19856470588235295
24782 10 0.9295234375 0.44312941176470594 0.055421874999999995 0.08776470588235294
24782 1 0.44016406249999995 0.32064705882352945 0.07145312499999999 0.05329411764705882
24782 1 0.6874687500000001 0.3255058823529412 0.0491875 0.0916235294117647
24782 1 0.38496874999999997 0.35014117647058823 0.0251875 0.033976470588235295
24782 1 0.8538515624999998 0.6653764705882353 0.031421875 0.06557647058823529
24782 1 0.33981249999999996 0.3650941176470588 0.02659375 0.040494117647058826
24782 1 0.3148046875 0.37064705882352944 0.021453125 0.04487058823529412
24782 1 0.2754609375 0.3899882352941176 0.019390625 0.025200000000000004
24782 1 0.970953125 0.6531999999999999 0.0238125 0.030729411764705884
24782 1 0.6436171875 0.3258352941176471 0.054171875 0.08287058823529411
24782 1 0.591203125 0.32683529411764706 0.0578125 0.0812
24782 10 0.9778593749999999 0.5385294117647059 0.0228125 0.10567058823529411
24782 1 0.5367109375 0.32580000000000003 0.041171875000000004 0.07503529411764706
24782 1 0.795390625 0.6542588235294118 0.02415625 0.03529411764705882
24782 1 0.18806250000000002 0.38928235294117647 0.045187500000000005 0.10477647058823529
24782 1 0.36171875 0.3564705882352941 0.0203125 0.03529411764705882
