2833 28 0.6432421875000001 0.6675878220140515 0.166734375 0.32323185011709604
2833 32 0.045203125 0.3411826697892272 0.02584375 0.10822014051522248
2833 1 0.486109375 0.5484192037470726 0.22990624999999998 0.8828805620608899
2833 1 0.0372265625 0.438208430913349 0.071484375 0.6004449648711944
2833 1 0.5963984375 0.47200234192037477 0.139578125 0.5004449648711944
2833 1 0.27303125 0.2948009367681499 0.04425 0.3044496487119438
2833 1 0.20237500000000003 0.34217798594847776 0.0729375 0.3876346604215457
2833 27 0.42954687500000005 0.43370023419203746 0.1454375 0.4044964871194379
2833 1 0.8037109375 0.21766978922716626 0.062859375 0.18456674473067916
2833 1 0.738265625 0.1972599531615925 0.0681875 0.16707259953161593
2833 1 0.3582265625 0.2926580796252927 0.043046875 0.2001639344262295
2833 1 0.6617578125000001 0.2001639344262295 0.065359375 0.16304449648711944
