5699 37 0.6394916666666668 0.3927375 0.026983333333333335 0.032775
5699 39 0.21530000000000002 0.5272374999999999 0.1869 0.10067500000000001
5699 1 0.36380833333333334 0.33885000000000004 0.09455 0.35895000000000005
5699 1 0.5048416666666666 0.3313125 0.08501666666666666 0.366875
5699 1 0.5821333333333333 0.2899125 0.07383333333333333 0.278925
5699 1 0.8650249999999999 0.31457500000000005 0.08201666666666667 0.33770000000000006
5699 1 0.9218333333333334 0.2980125 0.053766666666666664 0.32752499999999996
5699 1 0.2109583333333333 0.6204875 0.17268333333333333 0.617125
5699 1 0.44754999999999995 0.2143 0.0481 0.21475000000000002
5699 37 0.29706666666666665 0.269375 0.022 0.03345
5699 37 0.603725 0.3687625 0.020916666666666667 0.034375
5699 1 0.10485 0.0760125 0.015733333333333332 0.048025000000000005
5699 1 0.07539166666666666 0.114025 0.02375 0.0944
5699 1 0.14636666666666667 0.13202499999999998 0.019366666666666664 0.03415
5699 1 0.1892 0.12330000000000002 0.0167 0.038650000000000004
5699 1 0.31575833333333336 0.2809125 0.07385 0.255675
5699 1 0.11385833333333333 0.10619999999999999 0.023683333333333334 0.0365
5699 1 0.11666666666666667 0.08875 0.23333333333333334 0.1775
