27299 46 0.7935703125 0.49579006772009027 0.039328125000000005 0.07329571106094808
27299 46 0.6573125 0.5608126410835215 0.03390625 0.11896162528216706
27299 1 0.4557578125 0.6314559819413093 0.286203125 0.723589164785553
27299 1 0.3087578125 0.6146049661399549 0.14776562499999998 0.7483069977426636
27299 1 0.10421875 0.5955079006772009 0.2084375 0.8089841986455982
27299 1 0.733609375 0.6520090293453725 0.184125 0.6925507900677201
27299 1 0.8438437499999999 0.5696613995485328 0.25665625 0.8381941309255079
27299 1 0.35671875000000003 0.2964334085778781 0.051437500000000004 0.1524604966139955
27299 1 0.5639609375 0.4912866817155756 0.143921875 0.6157110609480813
27299 1 0.4809375 0.25306997742663656 0.0984375 0.24338600451467268
27299 1 0.647453125 0.43520316027088035 0.09159375 0.6017381489841986
27299 1 0.3627265625 0.21706546275395033 0.067296875 0.13778781038374718
27299 1 0.24661718749999997 0.3536681715575621 0.078953125 0.39316027088036115
27299 31 0.6722109374999999 0.6062189616252822 0.041109375 0.09785553047404064
27299 31 0.5276171875 0.413431151241535 0.050609375 0.11697516930022574
27299 32 0.830390625 0.464627539503386 0.0225 0.06266365688487585
27299 32 0.43143750000000003 0.23872460496613995 0.0164375 0.06426636568848758
27299 67 0.9446171874999999 0.34873589164785557 0.044671875 0.18198645598194133
27299 32 0.460625 0.24 0.0038125 0.02564334085778781
27299 32 0.7960156250000001 0.174627539503386 0.0114375 0.018194130925507902
27299 46 0.5635625 0.7117832957110609 0.01628125 0.038103837471783294
27299 1 0.161515625 0.3199548532731377 0.05753125 0.29309255079006774
27299 1 0.141140625 0.26822799097065464 0.03871875 0.21641083521444696
27299 31 0.16876562499999997 0.31505643340857786 0.047531250000000004 0.10365688487584651
27299 1 0.40859375 0.25395033860045146 0.8171875 0.3002257336343115
