42529 3 0.5139765625 0.8165180265654649 0.537828125 0.28146110056926
42529 6 0.8148203125 0.7132447817836812 0.188890625 0.09411764705882353
42529 1 0.2106484375 0.7253889943074003 0.010546875 0.036774193548387096
42529 1 0.18767968750000003 0.7263092979127135 0.006828125 0.02905123339658444
42529 1 0.3457109375 0.7238899430740038 0.024140625 0.061555977229601516
42529 1 0.1591953125 0.7241745730550284 0.010765625 0.043225806451612905
42529 1 0.9640390625 0.7340796963946868 0.008796875 0.030208728652751423
42529 1 0.3624453125 0.7257210626185958 0.012796875 0.04218216318785579
42529 1 0.27130468750000003 0.7226755218216319 0.005640625 0.018330170777988614
42529 1 0.3827578125 0.7229411764705882 0.014484374999999999 0.05225806451612903
42529 3 0.924625 0.7342599620493359 0.03215625 0.031176470588235295
42529 3 0.9902421875 0.7554838709677419 0.019515625 0.05700189753320683
42529 3 0.046187500000000006 0.7239753320683112 0.037875 0.02681214421252372
42529 10 0.05884374999999999 0.5223434535104365 0.05090625 0.14294117647058824
42529 10 0.9344531249999999 0.6931593927893738 0.00703125 0.024762808349146112
42529 10 0.013828125 0.5250189753320683 0.02765625 0.13428842504743832
42529 1 0.40412499999999996 0.725967741935484 0.01925 0.044535104364326374
42529 1 0.37128125 0.7261290322580646 0.0128125 0.04914611005692599
42529 1 0.1472421875 0.7267552182163188 0.010359375 0.04185958254269449
42529 1 0.1360234375 0.7195825426944971 0.008140625 0.024060721062618595
42529 1 0.130078125 0.721888045540797 0.006 0.021081593927893737
