8074 7 0.5241015625000001 0.5156674473067916 0.564359375 0.9328805620608899
8074 1 0.847046875 0.6729508196721312 0.04328125 0.15185011709601876
8074 1 0.8780078124999999 0.6677985948477753 0.022296875 0.10730679156908665
8074 1 0.8877812500000001 0.7005620608899297 0.056499999999999995 0.10491803278688525
8074 1 0.9626406249999999 0.7069203747072599 0.027125 0.067096018735363
8074 1 0.9182500000000001 0.696615925058548 0.06596874999999999 0.1977751756440281
8074 1 0.26285156249999997 0.8080093676814988 0.084984375 0.08416861826697891
8074 7 0.07196875 0.6348243559718969 0.1409375 0.5056206088992974
8074 15 0.918796875 0.8778571428571429 0.16240625 0.22072599531615925
8074 67 0.8557734374999999 0.7780444964871195 0.142921875 0.07140515222482435
8074 67 0.8181953125 0.7347189695550351 0.023578125 0.03281030444964871
8074 15 0.8456796875 0.876615925058548 0.051984375000000006 0.059742388758782204
8074 67 0.92275 0.888864168618267 0.1545 0.21772833723653395
8074 67 0.9665468749999999 0.7627634660421545 0.06690625 0.047259953161592504
8074 67 0.9803593750000001 0.7659718969555036 0.039281250000000004 0.03236533957845433
8074 15 0.8556328125 0.8285128805620608 0.143828125 0.16484777517564403
