12238 3 0.42815624999999996 0.3741145833333333 0.23762500000000003 0.23097916666666668
12238 4 0.45992187500000004 0.5147916666666668 0.09921875 0.17937499999999998
12238 1 0.46770312500000005 0.37246875 0.15 0.31235416666666665
12238 8 0.8884140624999999 0.30859375 0.173171875 0.10606249999999999
12238 10 0.201109375 0.014343749999999999 0.03390625 0.02814583333333333
12238 10 0.329953125 0.20743750000000002 0.0040625 0.013083333333333334
12238 1 0.917140625 0.27709374999999997 0.028437499999999998 0.03647916666666667
12238 1 0.6189843749999999 0.2764375 0.02190625 0.015583333333333334
12238 3 0.21042187499999998 0.2618958333333333 0.02634375 0.03558333333333333
12238 3 0.009273437499999999 0.34888541666666667 0.018546874999999997 0.18427083333333333
12238 8 0.08151562500000001 0.31493750000000004 0.161 0.16999999999999998
12238 8 0.5823984375 0.29584375 0.19207812500000002 0.14835416666666665
12238 3 0.268703125 0.26035416666666666 0.026875 0.018458333333333334
12238 3 0.24972656250000003 0.2619375 0.017921875 0.017166666666666667
12238 3 0.2368046875 0.25908333333333333 0.020703125 0.028291666666666666
12238 10 0.3113359375 0.20735416666666667 0.007640625 0.015125
12238 10 0.26346875 0.2090625 0.00453125 0.008041666666666666
12238 10 0.249171875 0.20675 0.00590625 0.011291666666666667
12238 3 0.8413671875000001 0.28139583333333335 0.06742187499999999 0.028833333333333332
12238 8 0.80390625 0.25355208333333334 0.19037500000000002 0.06910416666666667
12238 10 0.3493984375 0.01021875 0.015921875 0.0204375
12238 10 0.2798203125 0.2107291666666667 0.009140625 0.009875
12238 10 0.24165625 0.20093750000000002 0.0053124999999999995 0.015541666666666667
12238 10 0.25553906249999997 0.20883333333333332 0.0031718749999999998 0.011583333333333333
