43961 1 0.30558593749999996 0.5155 0.31320312499999997 0.5462916666666667
43961 1 0.16396093750000001 0.5037395833333334 0.324546875 0.9731041666666667
43961 1 0.6279375 0.55796875 0.143375 0.2676458333333333
43961 47 0.5029296875 0.8199270833333333 0.10332812499999999 0.1461875
43961 47 0.9307343749999999 0.7394375 0.06059375 0.133375
43961 48 0.8936484375000001 0.6733229166666667 0.032703125 0.060770833333333336
43961 48 0.495375 0.6395000000000001 0.08653125 0.06479166666666666
43961 49 0.8426484375 0.6623437499999999 0.05795312500000001 0.06339583333333333
43961 51 0.6188125 0.95365625 0.14525 0.0926875
43961 51 0.5900078124999999 0.8178124999999999 0.077578125 0.062625
43961 51 0.612546875 0.9476145833333333 0.1950625 0.10477083333333333
43961 1 0.839609375 0.4123541666666667 0.32078125 0.4696666666666667
43961 44 0.7501093750000001 0.6648229166666667 0.06221875 0.18127083333333335
43961 47 0.7513046875 0.6629270833333334 0.06401562499999999 0.17827083333333332
43961 62 0.57990625 0.37680208333333337 0.1929375 0.0244375
43961 62 0.9786093750000001 0.4046041666666667 0.04278125 0.075375
43961 62 0.6182109375 0.38859375 0.115984375 0.030604166666666665
43961 62 0.6343203125000001 0.4041458333333333 0.090015625 0.022583333333333334
43961 67 0.537578125 0.50721875 0.31684375 0.1806875
43961 67 0.7062890625 0.43586458333333333 0.07473437499999999 0.1165625
43961 62 0.48771875 0.40272916666666664 0.186125 0.034041666666666665
43961 62 0.7208984375 0.34436458333333336 0.146890625 0.017437499999999998
43961 62 0.4874375000000001 0.42255208333333333 0.1935625 0.026104166666666664
43961 62 0.48607031250000005 0.43763541666666667 0.197453125 0.03139583333333333
43961 62 0.7216250000000001 0.35769791666666667 0.14659375 0.014354166666666666
43961 62 0.7183828125 0.36705208333333333 0.140390625 0.0123125
43961 62 0.7086875 0.37790624999999994 0.0880625 0.014895833333333334
43961 47 0.613640625 0.7079062500000001 0.05 0.10127083333333334
43961 67 0.6558437500000001 0.7826875 0.6883125 0.41300000000000003
