31736 20 0.6567109375 0.9042881355932203 0.05254687500000001 0.15698305084745764
31736 20 0.5638281249999999 0.8345593220338983 0.058062499999999996 0.11698305084745762
31736 20 0.48511718750000005 0.7372542372881357 0.043265625 0.06671186440677966
31736 20 0.406375 0.7098983050847458 0.03159375 0.054983050847457624
31736 20 0.1173515625 0.7379322033898305 0.043328125 0.08088135593220339
31736 20 0.844171875 0.7388983050847459 0.040281250000000005 0.06938983050847457
31736 20 0.14071875 0.8601016949152543 0.09934375 0.12196610169491524
31736 20 0.05553125 0.8567966101694915 0.05128125 0.13135593220338984
31736 20 0.399609375 0.7682711864406779 0.04253125 0.07227118644067797
31736 8 0.9770859375000001 0.6478644067796611 0.035859375 0.05247457627118644
31736 20 0.23117187499999997 0.7304576271186441 0.04425 0.05989830508474577
31736 20 0.6026796875 0.7019830508474576 0.024703125 0.049322033898305084
31736 20 0.6651718750000001 0.7203559322033899 0.028875 0.06877966101694916
31736 8 0.8567734375 0.6373559322033898 0.056671875000000003 0.0735593220338983
31736 20 0.8779765625 0.7099830508474576 0.024359375 0.045118644067796615
31736 8 0.9267109375 0.657271186440678 0.06085937500000001 0.03732203389830508
31736 20 0.49921875 0.8084745762711865 0.9953125 0.376271186440678
