19047 10 0.46896093750000006 0.53265625 0.075515625 0.11185416666666666
19047 3 0.7534453125 0.7607291666666668 0.066828125 0.060083333333333336
19047 3 0.678828125 0.76615625 0.0464375 0.0509375
19047 3 0.6025625 0.7639479166666666 0.08125 0.0725625
19047 3 0.5429375000000001 0.7707916666666667 0.0575625 0.052083333333333336
19047 3 0.7822421875 0.7547916666666666 0.052890625000000004 0.066875
19047 3 0.817546875 0.7563645833333333 0.027750000000000004 0.05247916666666667
19047 3 0.8424687500000001 0.757375 0.02640625 0.039
19047 3 0.9817890625000001 0.8967291666666667 0.036421875 0.20654166666666668
19047 3 0.9131640624999999 0.7498958333333333 0.022421875 0.0205
19047 3 0.7127734375 0.7559895833333333 0.045234375 0.05439583333333333
19047 3 0.859328125 0.7518229166666667 0.03390625 0.03814583333333333
19047 3 0.8973671875000001 0.7506458333333333 0.019015625 0.028333333333333332
