26609 3 0.23172916666666665 0.7936171875 0.10379166666666667 0.053421874999999994
26609 3 0.4113541666666667 0.7760078125 0.05620833333333333 0.033640625
26609 3 0.49228124999999995 0.7680546875 0.021770833333333333 0.015453125000000002
26609 3 0.6727500000000001 0.7863515624999999 0.03620833333333333 0.040296874999999996
26609 3 0.7022291666666667 0.7923984374999999 0.052958333333333336 0.06889062500000001
26609 3 0.7304999999999999 0.7989296875 0.06854166666666667 0.089703125
26609 3 0.8460520833333334 0.8285703124999999 0.2546875 0.170359375
26609 10 0.5303645833333334 0.6335546875 0.0198125 0.032515625
26609 3 0.34390625 0.785921875 0.08289583333333334 0.03959375
26609 3 0.6687708333333333 0.775171875 0.044333333333333336 0.039125
26609 10 0.51084375 0.6333593750000001 0.02014583333333333 0.02853125
26609 3 0.8992291666666666 0.8860390625000001 0.20154166666666665 0.22326562499999997
26609 3 0.44921875 0.7704609375 0.0208125 0.016265625
26609 3 0.5846874999999999 0.77059375 0.029708333333333333 0.01928125
26609 8 0.10930208333333334 0.8305468749999999 0.21860416666666668 0.18571875
26609 3 0.5625 0.76171875 0.1375 0.0234375
