16665 10 0.31508 0.35184999999999994 0.04770666666666667 0.09366
16665 10 0.3230533333333333 0.5391699999999999 0.047760000000000004 0.09298000000000001
16665 31 0.023333333333333334 0.78033 0.04666666666666667 0.07434
16665 3 0.20141333333333333 0.70201 0.0912 0.04518
16665 3 0.2820933333333333 0.70012 0.06504 0.03296
16665 3 0.37844 0.70198 0.09170666666666667 0.04392
16665 1 0.019386666666666667 0.8463999999999999 0.03269333333333333 0.14484
16665 3 0.04996 0.70525 0.048666666666666664 0.0525
16665 3 0.5265466666666667 0.69363 0.07432 0.05342
16665 3 0.9629333333333334 0.69376 0.06421333333333333 0.039520000000000007
16665 3 0.45549333333333336 0.69443 0.07370666666666667 0.032740000000000005
16665 3 0.49709333333333333 0.6865800000000001 0.02565333333333333 0.020640000000000002
16665 3 0.9047333333333333 0.69543 0.02968 0.04026
16665 3 0.7684933333333334 0.6998499999999999 0.039920000000000004 0.048100000000000004
16665 3 0.40216 0.6798599999999999 0.10165333333333333 0.01912
16665 3 0.32222666666666666 0.68492 0.049786666666666674 0.01532
16665 3 0.00724 0.6819700000000001 0.01304 0.02246
16665 1 0.026786666666666667 0.7264400000000001 0.052719999999999996 0.11188
16665 3 0.5333333333333333 0.695 0.736 0.082
