4489 2 0.5666640625 0.5289227166276347 0.16698437500000002 0.1481967213114754
4489 2 0.19468749999999999 0.43080796252927406 0.07196875 0.1017096018735363
4489 3 0.5832734375 0.2920843091334895 0.026859375 0.06295081967213115
4489 1 0.2533125 0.49010538641686185 0.046156249999999996 0.27679156908665103
4489 1 0.31960937500000003 0.5593793911007026 0.06753125 0.17754098360655737
4489 33 0.31648437500000004 0.7176580796252927 0.08953124999999999 0.16271662763466044
4489 1 0.6097265625 0.30029274004683837 0.021984375 0.0870023419203747
4489 2 0.43093750000000003 0.35236533957845434 0.054656249999999997 0.05939110070257611
4489 3 0.6540781250000001 0.28181498829039814 0.043687500000000004 0.04911007025761124
4489 28 0.2989140625 0.48192037470725996 0.101828125 0.12468384074941452
4489 2 0.3919453125 0.3797423887587822 0.048234375 0.077096018735363
4489 2 0.477234375 0.356463700234192 0.025124999999999998 0.039999999999999994
4489 2 0.30075 0.3966861826697892 0.09040625 0.07346604215456674
4489 2 0.5092187499999999 0.33194379391100703 0.0461875 0.046697892271662766
4489 2 0.5137031249999999 0.4708196721311475 0.04715625 0.0696487119437939
4489 2 0.34816406250000004 0.38796252927400465 0.060703125000000004 0.0957377049180328
4489 2 0.4749296875 0.339824355971897 0.051609375 0.058805620608899295
4489 2 0.1541796875 0.4606088992974239 0.079359375 0.07929742388758781
4489 3 0.5401015625000001 0.29463700234192036 0.072015625 0.08477751756440281
