12240 2 0.4178125 0.7795729166666666 0.0338125 0.1653125
12240 4 0.26921875 0.7509479166666666 0.11971875000000001 0.2305625
12240 1 0.4168671875 0.6674375 0.10007812499999999 0.3454583333333333
12240 1 0.164625 0.7280416666666666 0.1996875 0.5405416666666666
12240 1 0.5754375 0.356 0.09565625 0.14033333333333334
12240 1 0.5533125 0.34138541666666666 0.0418125 0.0934375
12240 28 0.5420546875 0.2844583333333333 0.128171875 0.10766666666666666
12240 28 0.1188203125 0.4050625 0.234265625 0.16179166666666667
12240 15 0.55840625 0.386125 0.1434375 0.06720833333333333
12240 22 0.5640468750000001 0.6178958333333334 0.1706875 0.44858333333333333
12240 27 0.0480234375 0.85721875 0.096046875 0.28527083333333336
12240 2 0.311640625 0.9111979166666667 0.18662499999999999 0.17760416666666667
