8114 64 0.6398199999999999 0.48535398230088495 0.13132 0.286047197640118
8114 72 0.9029599999999999 0.4123156342182891 0.08656 0.11017699115044248
8114 62 0.8073199999999999 0.6368584070796459 0.24988 0.32327433628318586
8114 62 0.7496 0.5571091445427728 0.19872 0.2629498525073746
8114 62 0.5364500000000001 0.770014749262537 0.17565999999999998 0.43041297935103245
8114 62 0.28552 0.5774926253687316 0.16036 0.2581120943952802
8114 62 0.50807 0.5384808259587021 0.15994 0.19117994100294985
8114 67 0.76881 0.8894100294985251 0.46238 0.1929203539823009
8114 1 0.5033500000000001 0.5253244837758112 0.07973999999999999 0.2837463126843658
8114 53 0.8686900000000001 0.9477433628318584 0.05342 0.07430678466076697
8114 62 0.94207 0.6666666666666666 0.11586 0.2860176991150442
8114 64 0.6975399999999999 0.5411799410029499 0.0466 0.13185840707964602
8114 51 0.85161 0.9525958702064897 0.0917 0.09480825958702065
8114 55 0.90654 0.9349410029498525 0.05024 0.049764011799410035
8114 63 0.11109000000000001 0.7496017699115044 0.22218000000000002 0.5005014749262536
