3259 77 0.970515625 0.8443528183716076 0.057999999999999996 0.08260960334029227
3259 73 0.7492734375 0.5603027139874739 0.435609375 0.4831524008350731
3259 74 0.479703125 0.6020250521920668 0.0830625 0.055490605427974946
3259 76 0.440125 0.5166283924843423 0.27453125 0.12031315240083508
3259 76 0.10670312500000001 0.4260751565762004 0.16546875 0.037369519832985386
3259 2 0.4665078125 0.2913987473903967 0.036390624999999996 0.048643006263048016
3259 2 0.5388671875 0.29454070981210856 0.030046875 0.07012526096033404
3259 47 0.6261328125000001 0.4838622129436325 0.06073437499999999 0.14801670146137788
3259 72 0.5109140625 0.26325678496868476 0.246234375 0.27202505219206685
3259 73 0.11080468749999998 0.3818162839248434 0.174953125 0.1610438413361169
3259 76 0.696453125 0.659258872651357 0.180875 0.18594989561586636
