18534 21 0.7288828125 0.8168852459016394 0.062734375 0.08899297423887588
18534 21 0.8039921875000001 0.8140046838407494 0.041453125 0.07470725995316159
18534 21 0.861828125 0.8027166276346605 0.070875 0.0746135831381733
18534 21 0.54353125 0.7901170960187354 0.058374999999999996 0.0644496487119438
18534 21 0.20484375 0.8194613583138173 0.13134375 0.11185011709601873
18534 21 0.0430234375 0.8134074941451992 0.082953125 0.1172599531615925
18534 21 0.3578828125 0.7969555035128806 0.072859375 0.08393442622950821
18534 21 0.451609375 0.7938524590163935 0.034999999999999996 0.05992974238875878
18534 21 0.11597656249999999 0.8064637002341921 0.055609375 0.0922248243559719
18534 21 0.655296875 0.7927634660421545 0.0783125 0.06988290398126464
18534 21 0.5107890625 0.787248243559719 0.026921875 0.06138173302107729
18534 21 0.42605468750000003 0.7884426229508197 0.022421875 0.057072599531615927
18534 21 0.15364843749999998 0.8103512880562062 0.09223437500000001 0.11030444964871194
18534 21 0.6828125 0.7950819672131147 0.584375 0.08665105386416862
