34279 1 0.825234375 0.49214117647058825 0.2775625 0.9797647058823529
34279 51 0.581421875 0.33990588235294117 0.320125 0.5201882352941177
34279 58 0.2361875 0.7706235294117647 0.331125 0.3272235294117647
34279 58 0.25859375 0.8858823529411765 0.2953125 0.2
34279 51 0.9629999999999999 0.18082352941176472 0.074 0.31887058823529413
34279 51 0.23904687500000002 0.7777764705882353 0.47525000000000006 0.44444705882352936
34279 58 0.6397578125000001 0.31967058823529415 0.16904687499999999 0.21934117647058823
34279 51 0.04003125 0.07096470588235294 0.07859374999999999 0.09350588235294117
34279 58 0.5509062499999999 0.3631882352941177 0.19040625 0.21992941176470587
34279 58 0.7074921875 0.23428235294117644 0.047203125 0.15261176470588236
