3602 64 0.288203125 0.7304 0.1204375 0.13976470588235293
3602 4 0.628921875 0.5785176470588236 0.04321875 0.08621176470588235
3602 1 0.6284531250000001 0.5577882352941177 0.0391875 0.09538823529411765
3602 1 0.334375 0.5338470588235295 0.013218750000000001 0.05188235294117647
3602 3 0.7074296875 0.5454117647058824 0.059578125 0.061129411764705884
3602 3 0.6706328125 0.5402 0.043359375 0.05334117647058824
3602 3 0.946703125 0.5729411764705883 0.08987500000000001 0.08414117647058823
3602 3 0.36798437500000003 0.5406588235294117 0.05796875 0.05962352941176471
3602 3 0.43055468750000003 0.5227647058823529 0.027578125 0.035647058823529414
3602 8 0.39582812500000003 0.5196705882352941 0.04775 0.053929411764705885
3602 3 0.8513671875 0.6159176470588235 0.20860937499999999 0.17042352941176472
3602 3 0.34299218750000005 0.5352235294117647 0.022421875 0.052658823529411765
3602 3 0.4161171875 0.5179529411764706 0.004546875000000001 0.023623529411764703
3602 3 0.47292968750000003 0.5305529411764707 0.013328125 0.035552941176470586
3602 3 0.4583828125 0.5290823529411764 0.016515625 0.02828235294117647
3602 3 0.5198046875 0.5384705882352941 0.077796875 0.0943529411764706
