15908 41 0.34212499999999996 0.7120491803278688 0.1355 0.06274004683840749
15908 41 0.7506640625000001 0.919695550351288 0.195140625 0.10074941451990634
15908 41 0.625109375 0.5326580796252928 0.0330625 0.036042154566744734
15908 1 0.7506171875 0.6865105386416861 0.253328125 0.5985948477751756
15908 1 0.33584375 0.5460655737704918 0.1409375 0.42248243559718973
15908 1 0.569734375 0.4764051522248244 0.1529375 0.34606557377049185
15908 1 0.47642187499999994 0.5346252927400468 0.06784375000000001 0.30629976580796253
15908 1 0.18499218750000002 0.3758313817330211 0.17670312500000002 0.6835128805620609
15908 1 0.6694140625 0.5143325526932084 0.111671875 0.31348946135831385
15908 1 0.680875 0.3396370023419204 0.025968750000000002 0.11346604215456675
15908 1 0.55575 0.32878220140515224 0.02321875 0.04576112412177986
15908 1 0.65009375 0.34660421545667447 0.0195625 0.06243559718969555
15908 1 0.49174218750000004 0.3436299765807963 0.036859375 0.0814519906323185
15908 1 0.22967187500000003 0.4601405152224825 0.1315 0.4072599531615925
