44802 62 0.7941875 0.33414519906323187 0.19290625 0.27850117096018734
44802 43 0.592328125 0.494519906323185 0.06328125 0.12131147540983606
44802 1 0.4961015625 0.6120608899297424 0.137359375 0.554519906323185
44802 1 0.4116328125 0.11272833723653397 0.051640624999999996 0.09992974238875879
44802 1 0.624921875 0.09230679156908665 0.10728125 0.18236533957845436
44802 1 0.5251171875 0.09392271662763467 0.091390625 0.1773536299765808
44802 1 0.33734375 0.08988290398126464 0.1349375 0.17976580796252928
44802 1 0.7971328124999999 0.24621779859484774 0.124890625 0.2782903981264637
44802 1 0.8663125 0.11037470725995317 0.0620625 0.1074473067915691
44802 1 0.758640625 0.09775175644028103 0.07196875 0.15503512880562062
44802 1 0.4307031250000001 0.0791569086651054 0.09953125 0.15002341920374707
44802 1 0.8598437499999999 0.0827751756440281 0.1274375 0.1618032786885246
44802 62 0.6931640625 0.1410304449648712 0.044140625 0.05967213114754098
44802 1 0.2922421875 0.0895784543325527 0.068171875 0.17330210772833723
44802 1 0.0326796875 0.08088992974238876 0.065296875 0.15517564402810305
44802 15 0.15215625 0.12378220140515224 0.13953125 0.08348946135831381
44802 1 0.9758671874999999 0.10477751756440282 0.043796875 0.15587822014051522
44802 62 0.314046875 0.14221311475409837 0.10571875 0.0724824355971897
44802 62 0.24017968750000002 0.07800936768149884 0.058765625 0.15601873536299768
44802 64 0.4541953125 0.16953161592505855 0.20129687500000001 0.057236533957845434
44802 64 0.863328125 0.29261124121779863 0.062406249999999996 0.18367681498829042
44802 64 0.70840625 0.27240046838407495 0.09684374999999999 0.24156908665105387
44802 64 0.8652890625000002 0.16973067915690865 0.036171875 0.03018735362997658
44802 64 0.8929218750000001 0.16565573770491804 0.042562499999999996 0.0568384074941452
