2536 42 0.82615625 0.4508430913348946 0.07146875 0.05451990632318501
2536 42 0.4725859375 0.46192037470726 0.033234375 0.03320843091334894
2536 1 0.2270625 0.4427400468384075 0.04865625 0.07573770491803279
2536 1 0.6699609375000001 0.4604215456674473 0.054828125000000005 0.09021077283372365
2536 1 0.40584375 0.44570257611241215 0.03621875 0.0743559718969555
2536 1 0.8926484374999999 0.44019906323185015 0.043828125 0.09018735362997658
2536 1 0.5360390625 0.44401639344262295 0.025046875000000003 0.06400468384074941
2536 1 0.8516953124999999 0.4335948477751756 0.039921875 0.06227166276346604
2536 1 0.30412500000000003 0.47880562060889925 0.04959375 0.08510538641686183
2536 1 0.5091484375 0.44199063231850116 0.045328125000000004 0.08992974238875878
2536 1 0.062734375 0.4550234192037471 0.038 0.06274004683840749
2536 42 0.28194531250000004 0.4971662763466042 0.024078125 0.028524590163934424
2536 42 0.6588125 0.5036299765807963 0.032968750000000005 0.01405152224824356
2536 42 0.3900078125 0.4635948477751757 0.017109375 0.033747072599531615
