6936 3 0.5496484374999999 0.9 0.354890625 0.17850931677018633
6936 3 0.1390625 0.8820186335403727 0.278125 0.204472049689441
6936 3 0.9457578124999999 0.8775155279503105 0.10514062500000002 0.2134782608695652
6936 3 0.9206328125000001 0.7623757763975155 0.068703125 0.08021739130434782
6936 3 0.829875 0.7404503105590062 0.04521875 0.0741304347826087
6936 3 0.7626250000000001 0.7458850931677019 0.05853125 0.085
6936 3 0.5074765625000001 0.7119409937888199 0.05682812499999999 0.08096273291925465
6936 5 0.53221875 0.520031055900621 0.33428125 0.29024844720496895
6936 15 0.8093984375 0.8447670807453416 0.093640625 0.07624223602484473
6936 15 0.39428125 0.8495186335403727 0.09959375000000001 0.10953416149068324
6936 3 0.98028125 0.6866304347826087 0.026500000000000003 0.030155279503105592
6936 3 0.5421171874999999 0.7238509316770186 0.011609375 0.052795031055900624
