22683 4 0.43646874999999996 0.6016627634660421 0.84571875 0.7709601873536299
22683 28 0.1299921875 0.057704918032786885 0.10482812500000001 0.11540983606557377
22683 28 0.432796875 0.06297423887587822 0.11290625000000001 0.12224824355971897
22683 27 0.9423671875 0.40078454332552693 0.11382812499999999 0.2625526932084309
22683 31 0.053640625 0.36488290398126466 0.06265625 0.14770491803278687
22683 31 0.6188359375 0.3339110070257611 0.078953125 0.13597189695550352
22683 31 0.3413203125 0.2744730679156908 0.042390625 0.13747072599531618
22683 1 0.20465625000000004 0.17334894613583138 0.1271875 0.12585480093676815
22683 1 0.29546875 0.21028103044496485 0.06853125 0.3188758782201405
22683 1 0.9317968750000001 0.5224707259953161 0.13640625 0.7348243559718969
22683 1 0.3742109375 0.27113583138173303 0.089921875 0.2559016393442623
22683 1 0.42230468749999994 0.18990632318501172 0.048890625 0.20121779859484779
22683 1 0.766890625 0.28989461358313817 0.09746875 0.35056206088992975
22683 1 0.8452500000000001 0.4076580796252927 0.16078125000000001 0.5202810304449649
22683 1 0.6708046874999999 0.28401639344262297 0.10714062499999999 0.39833723653395786
22683 1 0.3636875 0.48622950819672134 0.43415625 0.764496487119438
22683 1 0.08672656249999999 0.3466627634660422 0.132015625 0.5780093676814988
22683 1 0.6009921874999999 0.3115573770491803 0.114484375 0.3388992974238876
22683 1 0.9439765625 0.173056206088993 0.11204687499999999 0.24644028103044496
22683 1 0.1342890625 0.18497658079625293 0.043859375 0.14850117096018733
22683 31 0.158625 0.19662763466042157 0.038125 0.05194379391100702
