46149 28 0.45253125 0.2038125 0.11965624999999999 0.107875
46149 1 0.42307812499999997 0.32003125000000004 0.06015625 0.11564583333333332
46149 1 0.48471093750000005 0.3074791666666667 0.05248437500000001 0.13370833333333335
46149 1 0.34644531250000005 0.3911979166666667 0.073890625 0.14464583333333333
46149 1 0.1116484375 0.6735729166666666 0.035296875 0.08922916666666666
46149 22 0.6674218749999999 0.7258437499999999 0.24943749999999998 0.5213541666666667
46149 22 0.3766875 0.5966354166666666 0.35225 0.4202291666666667
46149 1 0.555140625 0.4987291666666666 0.058562499999999997 0.19941666666666666
46149 1 0.61246875 0.4610416666666667 0.1383125 0.263375
46149 1 0.3340859375 0.7098229166666667 0.06085937500000001 0.23927083333333332
