5459 1 0.31189062500000003 0.5316393442622951 0.055125 0.2297423887587822
5459 1 0.0956328125 0.8665105386416861 0.182234375 0.22346604215456675
5459 1 0.07365625 0.48905152224824355 0.038125 0.16559718969555035
5459 1 0.5378359374999999 0.45909836065573767 0.023484375 0.08297423887587822
5459 1 0.8324999999999999 0.5443559718969555 0.044125 0.07583138173302108
5459 1 0.9637265625000001 0.5736885245901638 0.045609375 0.1373536299765808
5459 1 0.92753125 0.5383840749414519 0.031 0.1568149882903981
5459 1 0.3436484375 0.46127634660421546 0.014796875000000001 0.037400468384074945
5459 43 0.3437109375 0.5792271662763465 0.028546875 0.08028103044496487
5459 1 0.5949765625 0.9005269320843091 0.180546875 0.19496487119437939
5459 1 0.7234296875 0.9422131147540983 0.061921875 0.11557377049180328
5459 1 0.7431640625 0.48802107728337235 0.017296875 0.023770491803278688
5459 1 0.29807812499999997 0.9352341920374708 0.08559375 0.12953161592505855
5459 1 0.24651562499999996 0.4059250585480094 0.026125 0.0955503512880562
5459 1 0.57578125 0.607728337236534 0.8171875 0.747072599531616
