40428 19 0.6483203124999999 0.8194936708860758 0.703359375 0.3610126582278481
40428 19 0.5469453124999999 0.7830696202531645 0.6305156249999999 0.4143987341772152
40428 9 0.2801875 0.4468354430379746 0.038843749999999996 0.039778481012658226
40428 9 0.54103125 0.5083227848101266 0.1664375 0.035949367088607596
40428 9 0.7462421874999999 0.5272784810126582 0.130328125 0.025981012658227852
40428 9 0.118984375 0.4731250000000001 0.1075625 0.029382911392405064
40428 9 0.5486484375 0.47601265822784816 0.030859375 0.01870253164556962
40428 9 0.5150937499999999 0.4549208860759493 0.13953125 0.035664556962025314
40428 9 0.7746875 0.49723101265822783 0.10809375000000002 0.0384493670886076
40428 1 0.38275781249999996 0.448876582278481 0.007078125 0.0189873417721519
40428 1 0.27642187500000004 0.45045886075949365 0.00659375 0.013892405063291138
40428 19 0.24320312500000002 0.6374287974683545 0.12459374999999999 0.13365506329113924
40428 1 0.71065625 0.5135601265822785 0.027875 0.03509493670886076
40428 1 0.522203125 0.495245253164557 0.01315625 0.016882911392405064
40428 1 0.9152421875 0.4694224683544304 0.029671874999999997 0.04185126582278481
40428 1 0.5030468750000001 0.49615506329113923 0.034499999999999996 0.03142405063291139
40428 19 0.065484375 0.7957199367088608 0.13096875 0.23181962025316455
40428 19 0.191953125 0.7404509493670886 0.37946875 0.3617879746835443
40428 19 0.4586875 0.6021044303797468 0.0630625 0.03996835443037975
40428 19 0.7138203125 0.6135443037974684 0.054109375 0.02677215189873418
40428 19 0.965796875 0.7172231012658228 0.06840625 0.1259018987341772
40428 1 0.54078125 0.47185917721518994 0.00653125 0.012231012658227848
40428 1 0.5038984375 0.45753955696202525 0.005234375 0.018275316455696203
40428 1 0.6812890625 0.4602373417721519 0.018015625 0.014493670886075949
40428 1 0.778171875 0.4854905063291139 0.0084375 0.014240506329113924
40428 1 0.48167968749999995 0.45109968354430374 0.005078125 0.013275316455696204
40428 9 0.6611484375 0.4586471518987342 0.025171875 0.033623417721518986
40428 9 0.9135546875000001 0.5004746835443038 0.17289062500000002 0.027658227848101267
40428 9 0.949015625 0.47248417721518987 0.08815625 0.03651898734177215
40428 9 0.6810937499999999 0.47153481012658227 0.02271875 0.0076582278481012655
40428 9 0.37306249999999996 0.4567405063291139 0.04184375 0.027183544303797467
