9800 32 0.598546875 0.5677880184331797 0.061750000000000006 0.2247926267281106
9800 32 0.84196875 0.31717741935483873 0.02809375 0.10352534562211982
9800 32 0.21736718749999998 0.4351152073732719 0.007171874999999999 0.017235023041474656
9800 1 0.6597500000000001 0.5016935483870968 0.48984375 0.9684101382488479
9800 1 0.34133593749999996 0.5941820276497696 0.306453125 0.7897004608294931
9800 1 0.1282890625 0.608110599078341 0.22604687499999998 0.7545161290322581
9800 1 0.206953125 0.44615207373271887 0.07296875 0.21714285714285714
9800 1 0.416796875 0.39207373271889406 0.1119375 0.1828110599078341
9800 1 0.1551015625 0.42488479262672807 0.042328125 0.10589861751152074
9800 1 0.9290703125 0.5880069124423963 0.141859375 0.3982718894009216
9800 31 0.041007812500000004 0.762684331797235 0.07964062499999999 0.39020737327188937
9800 1 0.87775 0.31422811059907835 0.23771874999999998 0.5213594470046083
9800 1 0.349921875 0.3337442396313364 0.0504375 0.11679723502304147
9800 75 0.4632578124999999 0.5512327188940093 0.046546875 0.07370967741935483
9800 75 0.64615625 0.7332949308755761 0.05671875 0.34483870967741936
9800 1 0.4654375 0.3645967741935484 0.06696875 0.08808755760368663
9800 1 0.16897656249999998 0.3972235023041475 0.054140625 0.10564516129032259
9800 32 0.15690625 0.49410138248847923 0.045 0.12709677419354837
