20253 32 0.7006406249999999 0.24161971830985918 0.029187499999999998 0.17384976525821597
20253 32 0.4872734375 0.3298943661971831 0.019140625 0.13570422535211268
20253 73 0.528453125 0.5247769953051643 0.1154375 0.0945774647887324
20253 1 0.34328906249999996 0.6108568075117371 0.360484375 0.7550469483568074
20253 1 0.1114375 0.6651760563380282 0.219875 0.6247183098591549
20253 1 0.4621015625 0.32447183098591553 0.191703125 0.31241784037558684
20253 1 0.3581796875 0.4027230046948357 0.06489062500000001 0.2924413145539906
20253 1 0.6202109375 0.3642488262910798 0.10989062499999999 0.5457276995305164
20253 1 0.7251875 0.3782981220657277 0.151875 0.7337793427230046
20253 1 0.871984375 0.3732981220657277 0.1746875 0.7137323943661972
20253 1 0.958984375 0.32416666666666666 0.08203125 0.5059389671361503
20253 1 0.5470234375 0.3585446009389672 0.06967187500000001 0.30126760563380284
20253 32 0.8752812499999999 0.25440140845070425 0.042312499999999996 0.18194835680751176
20253 62 0.5200234375 0.8384859154929577 0.162765625 0.3159389671361502
20253 1 0.06446093750000001 0.5033802816901408 0.12892187500000002 0.4008920187793427
20253 1 0.4262578125 0.3601291079812207 0.077421875 0.2817605633802817
