19236 1 0.7685831381733021 0.5109140625 0.031124121779859484 0.025140625
19236 1 0.48998829039812647 0.6870546875 0.16325526932084308 0.45723437499999997
19236 1 0.36626463700234185 0.7252265625 0.2666744730679157 0.515765625
19236 1 0.8287470725995316 0.559375 0.05285714285714286 0.10734375
19236 27 0.9295550351288056 0.6004453125 0.04519906323185012 0.052703124999999997
19236 1 0.8751405152224825 0.6075625 0.08199063231850116 0.23703124999999997
19236 1 0.22350117096018735 0.6724921875 0.1982903981264637 0.38342187499999997
19236 1 0.9357962529274005 0.6093203125 0.04728337236533958 0.196734375
19236 1 0.16847775175644028 0.599984375 0.13208430913348945 0.22999999999999998
19236 1 0.056791569086651054 0.5184609375 0.11358313817330211 0.07257812500000001
19236 1 0.9140983606557377 0.5967421875000001 0.10608899297423886 0.22317187500000002
19236 31 0.927751756440281 0.6051796875 0.05662763466042155 0.057234375000000004
19236 1 0.7165807962529275 0.7157265625 0.21344262295081967 0.5375156249999999
19236 1 0.9604332552693209 0.562171875 0.04620608899297424 0.12115625000000001
