41826 21 0.4328229166666667 0.519984375 0.09331249999999999 0.12203125
41826 21 0.7154062500000001 0.5849453125 0.1634375 0.215046875
41826 21 0.56846875 0.5038906249999999 0.09402083333333335 0.08190625
41826 21 0.6079270833333332 0.59753125 0.09856250000000001 0.1531875
41826 21 0.8088333333333334 0.58875 0.07508333333333334 0.17228125
41826 21 0.8866041666666667 0.5851171875000001 0.11237499999999999 0.140984375
41826 21 0.9211354166666667 0.6062031250000001 0.09043749999999999 0.13996875
41826 21 0.49146874999999995 0.5837031250000001 0.11047916666666667 0.17059375000000002
41826 1 0.8670520833333334 0.459453125 0.0708125 0.09140625
41826 19 0.8689375 0.49153125 0.07675000000000001 0.08149999999999999
41826 21 0.32229166666666664 0.6320390625 0.16187500000000002 0.274921875
41826 21 0.4687083333333334 0.6371796875 0.08875000000000001 0.149578125
41826 21 0.39734375 0.5656015625 0.06497916666666667 0.16404687499999998
