28575 77 0.2601015625 0.7309133489461359 0.070515625 0.06459016393442622
28575 1 0.297609375 0.49437939110070256 0.59221875 0.9842622950819672
28575 1 0.47228125 0.49213114754098364 0.794625 0.9797658079625293
28575 1 0.4985625000000001 0.3043911007025761 0.4604375 0.6087822014051522
28575 1 0.4936249999999999 0.3896370023419204 0.488375 0.493231850117096
28575 73 0.49060156250000003 0.5559367681498829 0.454171875 0.23777517564402811
28575 73 0.39281249999999995 0.7134894613583137 0.34184375 0.21348946135831381
28575 73 0.5154921875 0.47781030444964867 0.202921875 0.12915690866510537
28575 1 0.6396171875000001 0.17724824355971897 0.323234375 0.3514051522248244
28575 1 0.2833046875 0.5464168618266979 0.211046875 0.19039812646370022
28575 1 0.7240234375 0.13085480093676816 0.199328125 0.2567915690866511
28575 62 0.9107109375 0.4026814988290398 0.053015625 0.2106088992974239
28575 1 0.83921875 0.15207259953161592 0.0758125 0.30414519906323184
28575 1 0.86371875 0.5247892271662764 0.26549999999999996 0.8837236533957846
