328 77 0.7066484375 0.595661914460285 0.054703125 0.037963340122199596
328 1 0.24485937500000002 0.5021283095723015 0.34968750000000004 0.7269042769857434
328 1 0.46949218750000005 0.5808350305498982 0.32051562499999997 0.7929531568228105
328 1 0.7216015625 0.5529531568228105 0.390484375 0.8676985743380856
328 15 0.4600546875 0.594969450101833 0.9182343749999999 0.7632179226069247
328 3 0.6265156249999999 0.22426680244399186 0.15784375 0.13362525458248473
328 32 0.7362734375 0.4062016293279022 0.028609375 0.08922606924643585
328 32 0.51034375 0.4087576374745418 0.03515625 0.11808553971486761
328 27 0.11211718749999999 0.43009164969450103 0.186640625 0.16217922606924642
328 27 0.143890625 0.37631364562118125 0.13325 0.09743380855397149
