46106 28 0.19530468750000002 0.4664895833333334 0.033390625 0.19618750000000001
46106 28 0.1891328125 0.29401041666666666 0.026703125 0.05714583333333333
46106 77 0.150078125 0.2539375 0.01578125 0.012750000000000001
46106 3 0.6676953125 0.37768750000000006 0.6646093750000001 0.701125
46106 1 0.44999218750000003 0.24936458333333336 0.097578125 0.22889583333333335
46106 1 0.61875 0.19522916666666665 0.07403125 0.18041666666666664
46106 8 0.661515625 0.3692916666666667 0.6758437500000001 0.7348333333333333
46106 31 0.16398437500000002 0.26634375 0.0246875 0.10777083333333333
46106 1 0.573875 0.11572916666666666 0.06909375 0.092125
46106 1 0.137328125 0.43083333333333335 0.14478125 0.6036666666666667
46106 1 0.504609375 0.11623958333333334 0.0463125 0.09452083333333333
46106 31 0.44030468749999996 0.23704166666666668 0.035609375 0.08495833333333333
