35945 62 0.6245520833333332 0.20171875 0.3110625 0.35365625
35945 62 0.18101041666666665 0.1580078125 0.26010416666666664 0.255109375
35945 67 0.48366666666666663 0.0950703125 0.26145833333333335 0.154828125
35945 11 0.44367708333333333 0.46554687499999997 0.39439583333333333 0.6285624999999999
35945 1 0.27421875 0.128046875 0.20347916666666668 0.25609375
35945 47 0.5574166666666667 0.016078125 0.029833333333333333 0.02040625
35945 62 0.33231250000000007 0.067953125 0.021458333333333336 0.04009375
35945 62 0.8636354166666665 0.1352890625 0.1839375 0.268265625
35945 1 0.77878125 0.0843046875 0.32585416666666667 0.168171875
35945 47 0.4836458333333333 0.018320312499999998 0.02975 0.034546875
35945 1 0.393 0.1044375 0.18591666666666665 0.208875
