48753 1 0.7276117647058824 0.23010156249999997 0.14496470588235294 0.10595312500000001
48753 1 0.5581176470588235 0.2040078125 0.08988235294117648 0.110078125
48753 1 0.6506588235294118 0.21105468749999998 0.08644705882352942 0.169015625
48753 1 0.6092352941176471 0.1745078125 0.04745882352941177 0.072203125
48753 1 0.9743764705882353 0.1585703125 0.048799999999999996 0.045015625
48753 53 0.31032941176470585 0.4798984375 0.44484705882352943 0.277796875
48753 53 0.8447058823529412 0.3675859375 0.08465882352941176 0.057671875
48753 53 0.9113529411764706 0.3983203125 0.10087058823529411 0.052109375
48753 53 0.8515529411764706 0.4613125 0.09675294117647058 0.058374999999999996
48753 53 0.9399764705882353 0.4542265625 0.0952 0.058046875
48753 53 0.7518941176470588 0.5794296875 0.12251764705882354 0.096078125
48753 53 0.6773882352941176 0.3179765625 0.09976470588235294 0.058296875000000005
48753 53 0.7257058823529411 0.29003125 0.0827529411764706 0.03815625
48753 53 0.8235411764705882 0.4141640625 0.09230588235294117 0.061953125
48753 53 0.7956941176470589 0.32003906249999997 0.09355294117647059 0.055859375
48753 1 0.9353294117647059 0.1719453125 0.12614117647058823 0.087109375
48753 1 0.9792941176470588 0.2626328125 0.041411764705882356 0.122890625
48753 1 0.8993882352941177 0.2252890625 0.15938823529411764 0.156484375
48753 53 0.8720705882352942 0.6317187499999999 0.10385882352941177 0.06218749999999999
48753 53 0.8977529411764705 0.3202890625 0.16454117647058825 0.094109375
48753 1 0.5475058823529412 0.18820312499999997 0.12094117647058823 0.1153125
48753 53 0.7427764705882351 0.356140625 0.08512941176470588 0.05109375000000001
48753 53 0.40705882352941175 0.4359375 0.8141176470588235 0.409375
