40839 28 0.459390625 0.6787291666666667 0.12728124999999998 0.171125
40839 28 0.7373593749999999 0.5936875 0.08934375 0.042708333333333334
40839 28 0.15575 0.6217708333333333 0.040749999999999995 0.02704166666666667
40839 28 0.85690625 0.5188958333333333 0.1074375 0.06645833333333333
40839 1 0.187765625 0.7076458333333332 0.06453125 0.20504166666666668
40839 1 0.9725937499999999 0.7035833333333332 0.0548125 0.20758333333333334
40839 1 0.092625 0.70125 0.0575625 0.16158333333333333
40839 1 0.72646875 0.7039791666666667 0.0326875 0.19029166666666666
40839 1 0.3660625 0.6726041666666667 0.0335625 0.13170833333333334
40839 1 0.79403125 0.7077083333333333 0.0421875 0.21858333333333332
40839 1 0.573359375 0.5154375 0.013718749999999998 0.07279166666666666
40839 1 0.0720625 0.66025 0.017625 0.07375
40839 15 0.672015625 0.6755 0.032968750000000005 0.05525
40839 15 0.690984375 0.6022083333333333 0.08659375 0.06458333333333334
40839 28 0.1821875 0.5382291666666666 0.10387500000000001 0.06704166666666667
40839 28 0.9721093749999999 0.5714583333333334 0.055781250000000004 0.04841666666666666
40839 31 0.425484375 0.8178958333333334 0.08196875 0.11029166666666666
40839 31 0.81365625 0.7238125 0.048375 0.11812500000000001
40839 1 0.43793750000000004 0.8038333333333334 0.0860625 0.3923333333333333
40839 1 0.029890624999999997 0.655625 0.021406249999999998 0.08416666666666667
40839 1 0.98925 0.6319791666666666 0.0215 0.05479166666666667
40839 1 0.556828125 0.513125 0.01871875 0.07808333333333332
40839 1 0.149171875 0.6775625000000001 0.02909375 0.08879166666666666
40839 1 0.7484375 0.6916666666666667 0.246875 0.45
