44312 6 0.9010625000000001 0.4966276346604215 0.197875 0.9842622950819672
44312 1 0.16428125 0.6682786885245902 0.25109375 0.6473302107728338
44312 1 0.4584218750000001 0.3844028103044496 0.11046875 0.42365339578454336
44312 1 0.76553125 0.30837236533957846 0.078875 0.24100702576112412
44312 1 0.829265625 0.2824707259953162 0.0689375 0.18864168618266977
44312 1 0.2781171875 0.33228337236533956 0.050234375 0.1264871194379391
44312 2 0.4638671875 0.5231381733021078 0.066109375 0.3109133489461358
44312 1 0.2158359375 0.2865807962529274 0.039109375 0.14163934426229507
44312 1 0.0490234375 0.4237587822014051 0.048515625 0.18180327868852458
44312 1 0.6367499999999999 0.22868852459016395 0.07178124999999999 0.15943793911007026
44312 2 0.852890625 0.41711943793911005 0.047125 0.11466042154566745
44312 1 0.037296875 0.33932084309133487 0.0306875 0.10088992974238875
44312 1 0.1003203125 0.3285714285714286 0.056609374999999997 0.09002341920374707
