44080 44 0.07072916666666668 0.37160156250000004 0.14145833333333335 0.42026562500000003
44080 44 0.8432291666666667 0.43075 0.10225 0.18865625
44080 47 0.6713749999999999 0.790640625 0.3328333333333333 0.41871875000000003
44080 55 0.5470624999999999 0.33203125 0.2693333333333333 0.19593750000000001
44080 55 0.2343541666666667 0.42653125000000003 0.23625000000000002 0.18640625
44080 44 0.7739583333333333 0.3953984375 0.05991666666666667 0.10032812499999999
44080 51 0.5127812500000001 0.5378281250000001 0.6582708333333334 0.24543750000000003
44080 52 0.5143854166666667 0.3761953125 0.3089791666666667 0.255109375
44080 44 0.10665625 0.283078125 0.12947916666666667 0.27809375
44080 44 0.20643749999999997 0.210984375 0.07704166666666666 0.2603125
44080 55 0.5720937500000001 0.4881484374999999 0.2358125 0.11026562499999999
