6233 2 0.5666953125 0.5738958333333333 0.013671875 0.05945833333333333
6233 2 0.7013671875 0.7169791666666667 0.130171875 0.24837499999999998
6233 2 0.8193125 0.75028125 0.0955 0.24147916666666666
6233 4 0.8951015625000001 0.7686145833333333 0.101703125 0.21214583333333334
6233 10 0.051070312500000006 0.40647916666666667 0.042484375000000005 0.09029166666666667
6233 10 0.339546875 0.43395833333333333 0.008906250000000001 0.026375
6233 1 0.6649296875 0.5429375000000001 0.031609375 0.10475
6233 1 0.6295390624999999 0.5335729166666667 0.030921874999999998 0.13022916666666667
6233 1 0.8716406250000001 0.5214687499999999 0.02853125 0.08052083333333333
6233 1 0.831203125 0.5532291666666667 0.0350625 0.11966666666666666
6233 1 0.6038828125 0.5320416666666667 0.025171875 0.09291666666666668
6233 1 0.5024296875 0.5270729166666667 0.037828125000000004 0.06614583333333333
6233 1 0.9640390625 0.5924895833333333 0.056140625 0.1645625
6233 1 0.9842500000000001 0.5471041666666667 0.0315 0.0935
6233 1 0.568953125 0.5415729166666666 0.0306875 0.1038125
6233 1 0.5926640625 0.5193749999999999 0.013703125 0.09129166666666667
6233 1 0.788421875 0.5021770833333333 0.0238125 0.04939583333333333
6233 3 0.41011718750000004 0.5780729166666667 0.271046875 0.13827083333333334
6233 3 0.06393750000000001 0.5958020833333333 0.12787500000000002 0.11647916666666666
6233 10 0.8281328125 0.45545833333333335 0.009734375 0.024083333333333335
6233 2 0.9606484375 0.64659375 0.078703125 0.11239583333333333
6233 2 0.1830703125 0.5216770833333333 0.028640624999999996 0.0393125
6233 3 0.129125 0.5295208333333333 0.10653125000000001 0.08004166666666666
6233 3 0.5738671875000001 0.48463541666666665 0.026890625 0.025604166666666664
6233 3 0.29011718750000004 0.48728124999999994 0.030953124999999998 0.030104166666666664
6233 3 0.207296875 0.4904791666666667 0.0213125 0.014875
6233 3 0.23298437500000002 0.48661458333333335 0.0170625 0.026395833333333334
6233 3 0.40581249999999996 0.5015520833333333 0.030843749999999996 0.015979166666666666
6233 3 0.33567187499999995 0.49918749999999995 0.091625 0.016291666666666666
6233 3 0.38035156249999996 0.48871875000000004 0.037828125000000004 0.03222916666666667
6233 3 0.030328125 0.4970520833333333 0.05915625 0.0471875
6233 10 0.329578125 0.46172916666666663 0.007000000000000001 0.017374999999999998
6233 10 0.0052578125 0.42081250000000003 0.010515625 0.05379166666666667
6233 1 0.5424140625 0.52146875 0.017984375 0.07981250000000001
6233 3 0.531078125 0.48679166666666673 0.05609375 0.03170833333333333
6233 10 0.8092578125 0.43930208333333337 0.009765625 0.013020833333333334
6233 10 0.339234375 0.46209375 0.009218750000000001 0.0165625
6233 1 0.8502656250000001 0.5361354166666668 0.020624999999999998 0.10456249999999999
6233 2 0.6479843750000001 0.7143958333333332 0.10796874999999999 0.22825
6233 2 0.048828125 0.5371874999999999 0.038375 0.049708333333333334
6233 3 0.7462578125 0.54834375 0.140234375 0.0948125
6233 1 0.434375 0.5354166666666667 0.44375 0.11666666666666667
6233 3 0.55625 0.5052083333333334 0.284375 0.08541666666666667
