43383 20 0.7494609375 0.7228155339805824 0.059609375 0.1445631067961165
43383 20 0.6655234375 0.6263106796116505 0.014609374999999999 0.04339805825242718
43383 20 0.5196406250000001 0.7650728155339807 0.017499999999999998 0.048106796116504855
43383 20 0.67925 0.7657038834951457 0.0204375 0.08548543689320388
43383 20 0.3173359375 0.8679126213592234 0.017796875 0.043300970873786405
43383 20 0.278828125 0.8982524271844661 0.029218749999999998 0.05446601941747573
43383 20 0.46032812500000003 0.7897572815533981 0.01971875 0.05776699029126214
43383 20 0.6693046874999999 0.7858980582524272 0.044203124999999996 0.09985436893203883
43383 20 0.3408203125 0.8688834951456311 0.013828125 0.04067961165048544
43383 20 0.7999921875 0.5541504854368932 0.015046875000000001 0.02529126213592233
43383 20 0.778828125 0.4937864077669903 0.00653125 0.016019417475728156
43383 20 0.9110781249999998 0.5668203883495145 0.01571875 0.01820388349514563
43383 20 0.946875 0.5315533980582524 0.103125 0.16990291262135923
