46564 3 0.6766484375 0.8373437499999999 0.157484375 0.15039583333333334
46564 4 0.80915625 0.8654583333333333 0.0311875 0.07162500000000001
46564 1 0.5911796874999999 0.8513958333333334 0.031890625 0.183625
46564 1 0.7431328125000001 0.83615625 0.06364062499999999 0.12202083333333333
46564 1 0.8057343749999999 0.8230416666666667 0.035625000000000004 0.09141666666666667
46564 1 0.7654062500000001 0.7846041666666667 0.01675 0.02625
46564 1 0.959359375 0.7983958333333334 0.0238125 0.05616666666666667
46564 1 0.8718046875000001 0.7933333333333333 0.015203125000000001 0.035916666666666666
46564 1 0.9930312499999999 0.8062291666666667 0.013250000000000001 0.06979166666666667
46564 1 0.8198593750000001 0.7859583333333333 0.0108125 0.028833333333333332
46564 1 0.7851640625 0.8114062499999999 0.018203125 0.0743125
46564 4 0.743453125 0.8985833333333334 0.066125 0.17254166666666665
