15653 44 0.786109375 0.28675 0.04203125 0.16355555555555557
15653 67 0.44603125000000005 0.7352916666666668 0.8894062500000001 0.5058611111111111
15653 55 0.7288984375 0.4059027777777778 0.087328125 0.12819444444444444
15653 57 0.40499999999999997 0.3376527777777778 0.42353125 0.3223611111111111
15653 57 0.503734375 0.564 0.369625 0.137
15653 57 0.49516406249999995 0.45422222222222225 0.345953125 0.1385
15653 55 0.628828125 0.4281805555555555 0.0854375 0.17891666666666667
15653 57 0.574890625 0.6414444444444444 0.25793750000000004 0.11916666666666666
15653 57 0.45896875000000004 0.38308333333333333 0.1558125 0.08294444444444445
15653 57 0.48742187500000006 0.3949027777777778 0.11925 0.07702777777777778
15653 57 0.54096875 0.524375 0.11474999999999999 0.03980555555555555
