22652 35 0.7252500000000001 0.7312763466042155 0.02496875 0.4260655737704918
22652 35 0.30196093749999997 0.7511241217798595 0.10392187500000001 0.3385948477751757
22652 1 0.5405390625 0.7168032786885246 0.11276562500000001 0.45070257611241216
22652 1 0.7136640625 0.2 0.08395312499999999 0.3505386416861827
22652 1 0.3894375 0.34104215456674475 0.026750000000000003 0.045925058548009365
22652 1 0.49078906250000004 0.6167330210772834 0.110515625 0.4799765807962529
22652 1 0.5758359375000001 0.39017564402810306 0.068171875 0.1748711943793911
22652 1 0.234484375 0.6758665105386418 0.0994375 0.4936065573770492
22652 1 0.7494765624999999 0.6249063231850118 0.156296875 0.5254566744730679
22652 1 0.6730781250000001 0.48131147540983604 0.07825 0.277751756440281
22652 1 0.42160937499999995 0.5995433255269321 0.07375000000000001 0.4783372365339578
22652 1 0.3083203125 0.5895901639344262 0.11942187500000001 0.5008196721311475
22652 31 0.5474296875 0.5113466042154566 0.016328125 0.05182669789227166
22652 35 0.173359375 0.8038290398126464 0.1839375 0.029718969555035127
22652 1 0.716296875 0.7530093676814987 0.1605625 0.3705620608899297
22652 1 0.6235078125 0.478384074941452 0.064609375 0.2783606557377049
22652 35 0.48801562499999995 0.6699414519906323 0.033687499999999995 0.3120608899297424
22652 1 0.626171875 0.37462529274004686 0.06021875 0.12531615925058548
22652 31 0.3088359375 0.559648711943794 0.065015625 0.13625292740046838
22652 35 0.6253203125 0.5988875878220141 0.036171875 0.34859484777517563
22652 35 0.555046875 0.6266393442622951 0.21800000000000003 0.055386416861826694
22652 1 0.39140625 0.5339578454332553 0.3140625 0.4964871194379391
