3983 6 0.2351484375 0.3025729166666667 0.470296875 0.36114583333333333
3983 1 0.255046875 0.44309375 0.09031249999999999 0.35518750000000004
3983 1 0.9577734375 0.35922916666666665 0.081078125 0.33558333333333334
3983 1 0.8636328124999999 0.38184375 0.10995312500000001 0.3028958333333333
3983 27 0.21544531249999999 0.7166770833333334 0.24898437499999998 0.18647916666666667
3983 27 0.542796875 0.5449583333333333 0.07696875 0.14670833333333333
3983 27 0.5277109375 0.61871875 0.081328125 0.10768749999999999
3983 27 0.7021640625000001 0.33919791666666665 0.043078125 0.1129375
3983 27 0.7918359374999999 0.4229895833333333 0.043421875 0.03789583333333334
3983 33 0.7106953125000001 0.43040625 0.032921875 0.06931250000000001
3983 35 0.3115625 0.8765208333333334 0.39387500000000003 0.08304166666666667
3983 35 0.491046875 0.768625 0.308125 0.09770833333333333
3983 35 0.9374609375 0.4475729166666666 0.11570312499999999 0.0163125
3983 1 0.3540078125 0.4384166666666667 0.080828125 0.285125
3983 1 0.30972656249999997 0.4159583333333333 0.057796875000000004 0.23324999999999999
3983 1 0.454390625 0.39325 0.0515625 0.194
3983 1 0.76715625 0.3502291666666667 0.04475 0.14770833333333336
3983 1 0.4964921875 0.3482291666666667 0.031140624999999998 0.14975
3983 1 0.46753125000000006 0.3168125 0.029281249999999998 0.05533333333333333
3983 1 0.527484375 0.36365625 0.029031249999999998 0.14581249999999998
3983 1 0.581453125 0.4166875 0.06159375 0.22129166666666666
3983 1 0.6863046875000001 0.39573958333333337 0.074359375 0.22535416666666666
3983 27 0.44184375 0.6170625 0.0985 0.16779166666666667
3983 27 0.7437968749999999 0.42221875 0.05159375000000001 0.0864375
3983 27 0.4738125 0.5284166666666666 0.06975 0.100875
3983 1 0.469796875 0.29822916666666666 0.0116875 0.02175
3983 35 0.651609375 0.40880208333333334 0.0350625 0.20702083333333335
3983 35 0.6090859375 0.5671041666666667 0.089234375 0.03191666666666667
3983 1 0.50625 0.39895833333333336 0.278125 0.26458333333333334
