36911 1 0.3458046875 0.5299651972157773 0.494859375 0.8539443155452436
36911 1 0.7362421875 0.2179814385150812 0.140734375 0.4359628770301624
36911 1 0.406640625 0.16990719257540604 0.0465 0.1051972157772622
36911 1 0.37115624999999997 0.16776102088167055 0.08271875 0.14494199535962876
36911 1 0.27496875 0.1999767981438515 0.0886875 0.19331786542923432
36911 1 0.2237734375 0.20525522041763342 0.082140625 0.19552204176334106
36911 1 0.54765625 0.11419953596287703 0.031468750000000004 0.17865429234338748
36911 15 0.18839062499999998 0.21284222737819022 0.06909375 0.0819721577726218
36911 15 0.32723437499999997 0.17295823665893267 0.02309375 0.038677494199535964
36911 40 0.04065625 0.9622273781902553 0.06484375 0.07554524361948957
36911 1 0.041015625 0.06973317865429235 0.08203125 0.1394663573085847
36911 1 0.0492421875 0.036125290023201855 0.038671875 0.0560092807424594
36911 39 0.11179687499999999 0.30143851508120656 0.1310625 0.18004640371229697
36911 40 0.18927343749999997 0.3962180974477958 0.06364062499999999 0.06890951276102088
36911 1 0.4680703125 0.08618329466357308 0.042703124999999995 0.04252900232018561
36911 1 0.31882031250000004 0.19533642691415312 0.074078125 0.18988399071925754
36911 1 0.5845312500000001 0.12653132250580046 0.04296875 0.17241299303944316
