32102 28 0.43915625 0.2743723849372385 0.1320625 0.15271966527196654
32102 28 0.65034375 0.38069037656903765 0.12240625000000001 0.13778242677824268
32102 28 0.6701796875 0.3255753138075314 0.098421875 0.05320083682008368
32102 28 0.5399609375000001 0.33691422594142256 0.12823437499999998 0.13901673640167364
32102 28 0.5509921875 0.5942468619246862 0.084734375 0.1002092050209205
32102 28 0.3972109375 0.4218305439330544 0.13273437500000002 0.13215481171548119
32102 28 0.3500546875 0.5419874476987447 0.069890625 0.038702928870292884
32102 28 0.422875 0.5361924686192469 0.06899999999999999 0.04129707112970711
32102 28 0.4513828125 0.4614644351464435 0.09929687499999999 0.09874476987447699
32102 28 0.7342265625 0.4001882845188285 0.119796875 0.12418410041841003
32102 28 0.22734375 0.4219142259414226 0.09225 0.08905857740585774
32102 28 0.6275703125 0.5896129707112971 0.087296875 0.08311715481171547
32102 28 0.44375 0.47489539748953974 0.771875 0.5104602510460251
