21447 52 0.4645625 0.15065217391304347 0.21600000000000003 0.22608695652173913
21447 53 0.2258359375 0.46849637681159423 0.108515625 0.2609057971014493
21447 53 0.33732812500000003 0.38027173913043477 0.10653125000000001 0.2827173913043478
21447 53 0.25 0.7223550724637682 0.11403125 0.2593478260869565
21447 53 0.28689062499999995 0.5932065217391305 0.07003125 0.13880434782608697
21447 53 0.163875 0.6835326086956521 0.10046875 0.2893840579710145
21447 53 0.12987500000000002 0.6069021739130435 0.093875 0.2742391304347826
21447 62 0.9219531250000002 0.20775362318840582 0.15609375 0.41550724637681163
21447 67 0.5 0.7802173913043478 1.0 0.3977536231884058
21447 62 0.6776875 0.15983695652173913 0.0765625 0.31967391304347825
