25853 2 0.3778671875 0.6654270833333332 0.502859375 0.44477083333333334
25853 3 0.341109375 0.29542708333333334 0.05175 0.0456875
25853 3 0.26046875 0.2749375 0.02759375 0.028333333333333332
25853 3 0.4081015625 0.27789583333333334 0.049890625 0.03275
25853 3 0.084734375 0.2843125 0.0411875 0.020874999999999998
25853 6 0.60253125 0.27078125 0.33203125 0.19102083333333333
25853 15 0.6095859375 0.6109791666666666 0.5162656250000001 0.24887499999999999
25853 13 0.3962265625 0.18439583333333331 0.032828125 0.043458333333333335
25853 15 0.21297656250000002 0.69128125 0.189171875 0.3326458333333333
25853 2 0.23273437500000002 0.2906041666666666 0.009156250000000001 0.009166666666666667
