32134 37 0.7810538641686182 0.5333593750000001 0.06440281030444965 0.04178125
32134 1 0.45469555035128806 0.532578125 0.8420374707259953 0.72359375
32134 43 0.5066861826697892 0.4894453125 0.19351288056206087 0.187796875
32134 3 0.8732552693208431 0.20081249999999998 0.19597189695550352 0.06484375
32134 3 0.3078688524590164 0.278546875 0.20533957845433257 0.146375
32134 3 0.13603044496487118 0.24224218749999998 0.2665807962529274 0.099765625
32134 3 0.27769320843091333 0.2333359375 0.2514519906323185 0.11560937499999999
32134 3 0.7739461358313816 0.2311953125 0.1777751756440281 0.081296875
32134 3 0.12482435597189695 0.179203125 0.2496487119437939 0.053031249999999995
32134 3 0.026721311475409838 0.3350625 0.053442622950819675 0.07471875
