32067 1 0.30403125000000003 0.9448829039812646 0.012 0.04831381733021077
32067 1 0.43403125 0.9518501170960187 0.01859375 0.08468384074941451
32067 1 0.390875 0.9474473067915691 0.02678125 0.05831381733021077
32067 1 0.637796875 0.9758548009367681 0.031968750000000004 0.04313817330210773
32067 42 0.0690390625 0.9583489461358313 0.051796875 0.03730679156908665
32067 38 0.5741640625 0.44216627634660416 0.116203125 0.2346838407494145
32067 38 0.1248984375 0.6787002341920375 0.046546875 0.10217798594847775
32067 38 0.041312499999999995 0.9572833723653396 0.03775 0.03166276346604215
32067 38 0.19758593750000003 0.9699180327868853 0.093578125 0.04995316159250585
32067 38 0.3458046875 0.9737002341920376 0.15914062499999998 0.040562060889929745
32067 1 0.0649296875 0.9581264637002342 0.030390624999999998 0.0781264637002342
32067 38 0.4573203125 0.9832435597189695 0.029953125000000004 0.010327868852459017
32067 38 0.5384218749999999 0.9799531615925059 0.07953125 0.035081967213114754
32067 1 0.18559375 0.9858313817330211 0.024906249999999998 0.028337236533957845
