42849 16 0.49522656249999997 0.7142499999999999 0.020265625000000002 0.025055555555555553
42849 16 0.757890625 0.7901388888888888 0.04215625 0.0685
42849 3 0.21803124999999998 0.5527222222222222 0.1525 0.10883333333333334
42849 3 0.10132812499999999 0.5736388888888889 0.1423125 0.1113888888888889
42849 3 0.68834375 0.5495416666666667 0.0926875 0.06086111111111111
42849 3 0.8304921875 0.5600833333333333 0.041015625 0.04
42849 1 0.3916875 0.5523194444444445 0.02009375 0.08241666666666667
42849 1 0.773203125 0.5568611111111111 0.0094375 0.043888888888888894
42849 1 0.8860078124999999 0.5569305555555556 0.013734374999999998 0.04669444444444444
42849 3 0.8826484375 0.5544722222222221 0.042078125 0.03266666666666666
42849 3 0.02253125 0.5915972222222222 0.0450625 0.07436111111111111
42849 3 0.31172656249999997 0.5418472222222223 0.12142187499999998 0.1076388888888889
42849 1 0.577046875 0.5672777777777778 0.00803125 0.03861111111111111
42849 1 0.809484375 0.5549444444444445 0.01128125 0.03777777777777778
42849 3 0.8515312499999999 0.5579861111111111 0.021625 0.029194444444444443
42849 3 0.9548828125 0.5599305555555556 0.036828125 0.02752777777777778
42849 8 0.4143671875 0.5430694444444444 0.09814062500000001 0.09052777777777779
42849 16 0.9083203125000001 0.6219166666666667 0.009359375 0.014833333333333334
42849 38 0.7819453125000001 0.24627777777777776 0.021203125 0.03205555555555555
42849 38 0.6021484375 0.22113888888888888 0.049546875000000004 0.11061111111111112
42849 38 0.7457109375 0.18963888888888888 0.015234375 0.027944444444444445
42849 38 0.6202265625 0.3431527777777778 0.017515625 0.03980555555555555
42849 38 0.7655000000000001 0.4725 0.018187500000000002 0.03155555555555555
42849 1 0.6678828125 0.5853472222222222 0.013109375000000001 0.02386111111111111
42849 1 0.41048437500000007 0.5442083333333333 0.026875 0.08347222222222223
42849 1 0.6336171875000001 0.572513888888889 0.020640625000000003 0.022861111111111113
42849 38 0.7469140624999999 0.41304166666666664 0.011359375 0.029916666666666664
42849 38 0.8217656249999999 0.4691111111111111 0.016875 0.02
42849 38 0.6505078125 0.4430972222222222 0.008859375 0.019694444444444445
42849 38 0.6571093749999999 0.4546805555555556 0.00690625 0.024972222222222222
42849 38 0.46332812500000004 0.29354166666666665 0.011625 0.019194444444444445
42849 38 0.8688359374999999 0.4078888888888889 0.008203125 0.016666666666666666
42849 1 0.9119296875 0.5646666666666667 0.007359375 0.02377777777777778
42849 1 0.015312500000000001 0.53675 0.01578125 0.033555555555555554
42849 1 0.7523046874999999 0.5389305555555555 0.008296874999999999 0.021194444444444443
42849 1 0.5674218750000001 0.5560694444444444 0.017093749999999998 0.04608333333333333
42849 3 0.7974921875 0.5506944444444445 0.037296875 0.05077777777777778
42849 38 0.7125 0.32222222222222224 0.521875 0.3333333333333333
