36447 67 0.5003671875 0.7531546134663342 0.997796875 0.4660598503740648
36447 1 0.12396093749999999 0.4731172069825436 0.24523437499999998 0.6838902743142145
36447 1 0.31469531249999994 0.39325436408977554 0.412546875 0.6876558603491272
36447 1 0.31822656250000003 0.2522568578553616 0.371140625 0.5045137157107232
36447 1 0.6272656249999999 0.2636658354114713 0.30553125 0.5235910224438903
36447 1 0.8595859375 0.21796758104738154 0.10279687500000001 0.41798004987531173
36447 1 0.0756953125 0.3111845386533666 0.151390625 0.6219201995012469
36447 50 0.42662500000000003 0.25099750623441397 0.03096875 0.07192019950124688
36447 61 0.8674921874999999 0.6996259351620948 0.26501562500000003 0.5640399002493766
36447 61 0.459484375 0.2964089775561097 0.07518749999999999 0.07625935162094763
36447 1 0.9271953125 0.21547381546134664 0.143296875 0.430498753117207
36447 47 0.17999218749999998 0.8909102244389028 0.134203125 0.2176309226932668
36447 18 0.40756250000000005 0.7858478802992519 0.25359375 0.12775561097256857
36447 50 0.4123671875 0.3103491271820449 0.025328125 0.05117206982543641
