1947 62 0.75977 0.49356 0.04058 0.22130666666666665
1947 62 0.8957900000000001 0.9516933333333333 0.20394 0.07415999999999999
1947 62 0.78166 0.49216 0.038799999999999994 0.2501333333333333
1947 1 0.13842 0.5205599999999999 0.27684 0.61968
1947 1 0.82162 0.5590400000000001 0.35675999999999997 0.88192
1947 1 0.41975999999999997 0.32282666666666665 0.15456 0.18384
1947 1 0.6497200000000001 0.37716 0.23428 0.37751999999999997
1947 47 0.62407 0.47603999999999996 0.07246 0.13053333333333333
1947 47 0.38419 0.5711866666666666 0.09126000000000001 0.11634666666666667
1947 73 0.6412100000000001 0.57076 0.27534 0.22461333333333333
1947 74 0.26262 0.6204133333333334 0.06736 0.03832
1947 51 0.48233000000000004 0.5032133333333334 0.04222 0.03730666666666667
1947 51 0.51735 0.531 0.07462 0.06653333333333333
1947 62 0.18238 0.4482933333333333 0.062119999999999995 0.10517333333333333
1947 67 0.46264 0.7314666666666667 0.83088 0.31237333333333334
1947 73 0.3396 0.51124 0.17696 0.15954666666666667
1947 74 0.3568 0.41489333333333334 0.02016 0.01784
1947 74 0.3733699999999999 0.46918666666666675 0.03918 0.020773333333333335
1947 77 0.26750999999999997 0.49518666666666666 0.03678 0.03469333333333333
1947 73 0.37387 0.3965333333333333 0.10546 0.14357333333333333
1947 73 0.45508 0.37444000000000005 0.10392 0.10392
1947 73 0.41220999999999997 0.43729333333333337 0.0385 0.09298666666666666
1947 73 0.5405 0.38992 0.102 0.12512
1947 62 0.11299000000000001 0.8584399999999999 0.21818 0.28312
