7500 1 0.3731640625 0.47613317757009344 0.128859375 0.6870794392523364
7500 1 0.2336328125 0.21036214953271026 0.022671875 0.030397196261682243
7500 1 0.1973984375 0.23200934579439256 0.029203125000000003 0.0836448598130841
7500 38 0.2412578125 0.6037967289719625 0.336921875 0.7620327102803738
7500 38 0.5643046875 0.3869509345794392 0.536515625 0.6898831775700934
7500 1 0.44632812499999996 0.3286682242990654 0.04575 0.30873831775700933
7500 1 0.5128671875 0.19667056074766354 0.011234375000000001 0.0522196261682243
7500 38 0.065359375 0.3095677570093458 0.13071875 0.03483644859813084
7500 1 0.2941640625 0.4999065420560747 0.11664062500000001 0.6000467289719627
7500 1 0.241609375 0.24866822429906543 0.06775 0.04453271028037383
7500 1 0.159578125 0.25171728971962615 0.039375 0.08558411214953271
7500 1 0.142921875 0.27102803738317754 0.05065625 0.11644859813084113
