12069 37 0.21875 0.6870078125 0.06474806201550387 0.036953124999999996
12069 1 0.5964631782945736 0.5235937500000001 0.585329457364341 0.7460625000000001
12069 1 0.7713662790697674 0.2915234375 0.27281007751937986 0.583046875
12069 1 0.4738372093023256 0.133859375 0.2874031007751938 0.175375
12069 1 0.5470251937984496 0.011546875 0.11273255813953488 0.02309375
12069 39 0.5008914728682171 0.6460781250000001 0.1585658914728682 0.23224999999999998
12069 1 0.15926356589147286 0.131171875 0.2779457364341085 0.19521875
12069 1 0.6190310077519379 0.0969609375 0.07906976744186046 0.105515625
12069 1 0.21609496124031008 0.0541796875 0.15474806201550387 0.108359375
12069 1 0.33334302325581394 0.1012734375 0.18660852713178297 0.08707812499999999
12069 31 0.41381782945736434 0.143171875 0.17162790697674418 0.0853125
12069 1 0.3710368217054264 0.052625 0.15939922480620156 0.100875
12069 31 0.06473837209302326 0.0880078125 0.12947674418604652 0.113015625
