37478 5 0.5214218749999999 0.6247083333333333 0.86334375 0.5528055555555556
37478 1 0.195796875 0.7989861111111111 0.01759375 0.08324999999999999
37478 1 0.2195859375 0.7963194444444445 0.015421874999999998 0.07836111111111112
37478 1 0.0663359375 0.8225277777777779 0.036640624999999996 0.08261111111111111
37478 1 0.036625000000000005 0.7848888888888889 0.014624999999999999 0.023555555555555555
37478 1 0.2963828125 0.8264166666666668 0.018828125 0.049166666666666664
37478 1 0.2814453125 0.8174166666666666 0.012734375000000001 0.03127777777777778
37478 1 0.0265546875 0.8004305555555555 0.014859375 0.07825
37478 8 0.9297734375000001 0.7624722222222222 0.060046875 0.03283333333333333
37478 1 0.31534375000000003 0.8226250000000002 0.01128125 0.03908333333333333
