10138 44 0.30821875 0.15260416666666668 0.01990625 0.058666666666666666
10138 44 0.3315546875 0.16632291666666668 0.030390624999999998 0.10722916666666667
10138 1 0.48707812500000003 0.3550625 0.3539375 0.4719166666666667
10138 47 0.249703125 0.62371875 0.0693125 0.1028125
10138 47 0.303078125 0.21372916666666664 0.026718750000000003 0.05366666666666667
10138 50 0.36540625000000004 0.5488125 0.01909375 0.013416666666666667
10138 51 0.34866406250000004 0.5572916666666666 0.094828125 0.09504166666666666
10138 61 0.5184140625 0.7096458333333333 0.20232812500000003 0.18408333333333332
10138 47 0.86965625 0.6898854166666666 0.10112499999999999 0.1393125
10138 51 0.9922968749999999 0.7233020833333333 0.01540625 0.07893750000000001
10138 62 0.843421875 0.4692187500000001 0.25134375000000003 0.3173958333333333
10138 64 0.9394765625 0.39077083333333335 0.118234375 0.47912499999999997
10138 67 0.5 0.7562604166666667 1.0 0.4874791666666667
10138 79 0.462828125 0.27449999999999997 0.20534375 0.12358333333333334
10138 44 0.345921875 0.16665625 0.01328125 0.08810416666666666
10138 44 0.09371093750000001 0.21028125 0.029390624999999997 0.0998125
10138 77 0.058320312500000006 0.9531875 0.11664062500000001 0.093625
10138 49 0.20897656250000002 0.14160416666666667 0.0045156250000000005 0.034541666666666665
10138 49 0.20863281250000001 0.13892708333333334 0.0054531250000000005 0.029187499999999998
10138 49 0.21839843750000001 0.13788541666666668 0.005171875 0.0295625
10138 49 0.224921875 0.16511458333333334 0.00678125 0.02822916666666667
