28378 9 0.262109375 0.6669479166666666 0.22878125 0.1004375
28378 9 0.6709765625 0.73034375 0.285921875 0.07277083333333333
28378 9 0.7041406250000001 0.6713541666666667 0.359125 0.09270833333333334
28378 9 0.77909375 0.6268958333333334 0.2680625 0.08379166666666667
28378 9 0.8652734375 0.6286041666666666 0.141796875 0.05191666666666667
28378 9 0.8887890625000001 0.5928124999999999 0.130453125 0.047
28378 9 0.2670703125 0.58096875 0.122234375 0.07310416666666668
28378 9 0.1230859375 0.5766666666666667 0.245359375 0.06958333333333333
28378 9 0.23098437500000002 0.5392916666666667 0.01875 0.0125
28378 9 0.80325 0.5967604166666667 0.066125 0.020770833333333336
28378 9 0.3483359375 0.5735937500000001 0.072171875 0.0449375
28378 9 0.9019140625000001 0.5803124999999999 0.147984375 0.042791666666666665
28378 9 0.42034374999999996 0.5741354166666668 0.06975 0.035562500000000004
