7207 1 0.35323000000000004 0.6843731343283582 0.23098 0.6312537313432836
7207 1 0.134 0.6282388059701491 0.265 0.7213731343283581
7207 1 0.59551 0.5910149253731343 0.32354 0.8179701492537312
7207 1 0.86648 0.6528059701492537 0.26048000000000004 0.644955223880597
7207 57 0.34433 0.6090000000000001 0.02158 0.09549253731343284
7207 57 0.36915 0.6023880597014926 0.024739999999999998 0.0693731343283582
7207 57 0.3707 0.5784925373134329 0.02876 0.05662686567164179
7207 50 0.5544600000000001 0.4370597014925373 0.04496 0.026477611940298504
7207 57 0.39069000000000004 0.6605373134328358 0.02194 0.059283582089552235
7207 57 0.35823 0.6069253731343284 0.03294 0.1053134328358209
