35176 8 0.451015625 0.382875 0.90203125 0.5810833333333334
35176 1 0.45739843750000003 0.6915937499999999 0.11770312499999999 0.5762291666666666
35176 1 0.6396015625 0.6797708333333332 0.284828125 0.5954999999999999
35176 1 0.88375 0.6663020833333333 0.23140624999999998 0.6586458333333333
35176 1 0.90184375 0.4992395833333333 0.08146875 0.31985416666666666
35176 27 0.6354921875 0.7617916666666668 0.187390625 0.35408333333333336
35176 1 0.347125 0.6790520833333333 0.1233125 0.42793749999999997
35176 1 0.674671875 0.46840625 0.08509375 0.16939583333333333
35176 31 0.329171875 0.6331770833333333 0.037875 0.059604166666666666
35176 1 0.7360703125000001 0.47628125000000004 0.07860937500000001 0.23535416666666667
35176 1 0.8045390625 0.5602395833333332 0.12032812500000001 0.3728125
35176 1 0.851359375 0.4627395833333333 0.06884375000000001 0.15889583333333332
35176 47 0.34375781250000004 0.39017708333333334 0.025546875000000004 0.0463125
35176 1 0.279546875 0.7519479166666667 0.21234375 0.4701458333333333
