24520 67 0.5020625 0.8200000000000001 0.98646875 0.36000000000000004
24520 1 0.29374218750000003 0.44187499999999996 0.46557812500000006 0.8758333333333332
24520 1 0.42639843749999995 0.4466354166666667 0.286515625 0.48314583333333333
24520 1 0.5929062500000001 0.3536041666666667 0.3141875 0.5653333333333334
24520 54 0.47659375000000004 0.7340625000000001 0.13568750000000002 0.09000000000000001
24520 49 0.8098124999999999 0.6867395833333334 0.1405 0.04027083333333333
24520 49 0.409765625 0.7697291666666667 0.1980625 0.056749999999999995
24520 51 0.74896875 0.9571458333333334 0.28403125 0.08570833333333333
24520 51 0.9194609374999999 0.8525625 0.16107812500000002 0.26845833333333335
24520 52 0.5689921874999999 0.9240520833333333 0.135171875 0.09372916666666667
24520 54 0.5763984375000001 0.7501875000000001 0.138203125 0.08091666666666668
24520 57 0.78659375 0.8873333333333334 0.0851875 0.025166666666666667
24520 57 0.46875 0.7365104166666667 0.0551875 0.02002083333333333
24520 57 0.6876640625 0.9007604166666667 0.079703125 0.04689583333333334
24520 57 0.7520625000000001 0.8793854166666666 0.21221874999999998 0.14510416666666667
24520 57 0.41874218750000003 0.73528125 0.025703125 0.024979166666666667
24520 49 0.8179218749999999 0.5487500000000001 0.0114375 0.05508333333333334
24520 54 0.5978515625 0.6654374999999999 0.101828125 0.07087500000000001
24520 46 0.059046875 0.63159375 0.031 0.0738125
