5260 1 0.377828125 0.632576112412178 0.12893749999999998 0.2943793911007026
5260 1 0.1201796875 0.4608430913348946 0.067328125 0.28318501170960186
5260 1 0.20540624999999996 0.5348360655737705 0.13193749999999999 0.4224590163934426
5260 1 0.5747109375 0.47192037470725995 0.12989062499999998 0.3851990632318501
5260 1 0.34953124999999996 0.434192037470726 0.07284375 0.2615925058548009
5260 1 0.0290390625 0.4665222482435597 0.025828125 0.25562060889929744
5260 39 0.617140625 0.4344847775175644 0.01825 0.06100702576112412
5260 40 0.412875 0.5700234192037471 0.04484375 0.06379391100702576
5260 1 0.6742578125 0.5718969555035128 0.114203125 0.4127868852459016
5260 39 0.92015625 0.6024121779859485 0.047593750000000004 0.11142857142857142
5260 1 0.4529375 0.48566744730679157 0.06725 0.32276346604215456
5260 1 0.090796875 0.395655737704918 0.042125 0.14447306791569087
5260 1 0.9299765625 0.5228571428571428 0.061984375 0.2786885245901639
5260 1 0.8649296874999999 0.4393091334894614 0.045015625 0.12362997658079625
5260 1 0.29160937500000006 0.4311709601873537 0.04478125 0.1991569086651054
