13489 3 0.47908 0.6442319277108434 0.14136 0.20430722891566264
13489 6 0.73945 0.49417168674698797 0.23602 0.27490963855421685
13489 6 0.35679999999999995 0.3999548192771084 0.032920000000000005 0.07039156626506024
13489 1 0.04059 0.5062650602409638 0.0295 0.10506024096385543
13489 1 0.15449 0.469066265060241 0.01002 0.05566265060240964
13489 1 0.225 0.49000000000000005 0.02736 0.08626506024096385
13489 1 0.25562999999999997 0.48783132530120477 0.01534 0.08234939759036145
13489 1 0.6248 0.4777259036144579 0.01292 0.060572289156626505
13489 1 0.5621900000000001 0.4587349397590362 0.011980000000000001 0.05795180722891566
13489 3 0.42379999999999995 0.42881024096385545 0.0258 0.03454819277108434
13489 6 0.47522000000000003 0.41573795180722894 0.05008 0.08852409638554216
13489 10 0.43391 0.39683734939759036 0.0211 0.03771084337349397
13489 15 0.91365 0.6103614457831326 0.04382 0.023855421686746987
13489 1 0.60273 0.46637048192771086 0.01046 0.05406626506024096
13489 1 0.13329 0.4902861445783132 0.01402 0.07593373493975904
13489 1 0.76837 0.5181024096385541 0.024739999999999998 0.03144578313253012
13489 10 0.13336 0.3877861445783133 0.01192 0.03653614457831326
13489 1 0.16541999999999998 0.4770331325301205 0.01684 0.061596385542168675
