23807 9 0.8570156250000001 0.6622708333333333 0.27890625 0.11016666666666668
23807 9 0.785390625 0.4908854166666667 0.16228125 0.2736458333333333
23807 1 0.3506171875 0.5504479166666667 0.691140625 0.8766875
23807 1 0.5662890624999999 0.6664479166666666 0.40785937499999997 0.6449374999999999
23807 1 0.8499140625000001 0.6337604166666666 0.030015625 0.04172916666666667
23807 54 0.5960703125 0.6003958333333334 0.034234375 0.07045833333333333
23807 54 0.5167109375000001 0.6442395833333333 0.042109375 0.051604166666666666
23807 1 0.923828125 0.6312604166666667 0.02378125 0.025104166666666667
23807 49 0.5379609375 0.7801666666666666 0.031296875 0.056625
23807 1 0.7956484374999999 0.5970624999999999 0.006828125 0.016458333333333335
