2525 1 0.5525078125 0.5 0.352765625 1.0
2525 1 0.7146484375 0.4292505854800937 0.06185937500000001 0.2340046838407494
2525 1 0.756875 0.3782786885245902 0.044937500000000005 0.10217798594847775
2525 61 0.3429375 0.9186533957845433 0.09246875 0.16269320843091334
2525 61 0.427921875 0.9074824355971897 0.08659375 0.15688524590163933
2525 61 0.1963359375 0.7394730679156909 0.094578125 0.16461358313817331
2525 61 0.41168750000000004 0.7077751756440281 0.1066875 0.1304449648711944
2525 61 0.32015625 0.730374707259953 0.08696875 0.14679156908665106
2525 61 0.360546875 0.5448126463700235 0.05284375 0.17281030444964873
2525 61 0.224375 0.9141100702576113 0.094625 0.1717798594847775
2525 61 0.2255390625 0.5477985948477752 0.078796875 0.1589695550351288
2525 61 0.1203671875 0.8870257611241218 0.090953125 0.16866510538641685
2525 61 0.30421093750000006 0.5415690866510539 0.087953125 0.14192037470725996
2525 61 0.2940234375 0.3722248243559719 0.12464062499999999 0.15648711943793908
2525 61 0.76353125 0.8892857142857143 0.07246875 0.1623185011709602
2525 61 0.840359375 0.9110655737704919 0.08106250000000001 0.17707259953161592
2525 61 0.703125 0.8875878220140515 0.55 0.22014051522248243
