15976 64 0.179515625 0.8845316159250586 0.1855 0.181615925058548
15976 64 0.2049375 0.5784660421545668 0.368 0.6636768149882903
15976 6 0.5472421875 0.5190983606557377 0.299859375 0.4314519906323185
15976 1 0.708140625 0.5794613583138173 0.02753125 0.10295081967213116
15976 1 0.709171875 0.6594028103044497 0.0228125 0.1264871194379391
15976 1 0.7304765625 0.6550702576112413 0.021140625 0.12840749414519906
15976 1 0.540640625 0.39188524590163937 0.031656250000000004 0.0494847775175644
15976 1 0.7714687499999999 0.6222248243559719 0.028999999999999998 0.15990632318501172
15976 1 0.807203125 0.6094847775175644 0.0386875 0.13002341920374708
15976 1 0.785671875 0.5677868852459016 0.012375 0.08306791569086651
15976 1 0.8338593750000001 0.5985948477751756 0.0385 0.15428571428571428
15976 1 0.7237421875 0.5647658079625293 0.012953125 0.059367681498829046
15976 1 0.8933359375000001 0.6095433255269321 0.029296875 0.16512880562060891
15976 1 0.914625 0.6033723653395784 0.02853125 0.1737704918032787
15976 1 0.5434609375 0.5638875878220141 0.045171875 0.06557377049180328
15976 15 0.9366328125000001 0.6502107728337236 0.066796875 0.08735362997658079
15976 1 0.9584374999999999 0.5158313817330211 0.01803125 0.04955503512880562
15976 1 0.56640625 0.5398126463700235 0.3828125 0.36768149882903983
