28072 1 0.5122109375 0.7252196652719665 0.159796875 0.5180125523012553
28072 1 0.39340625 0.41563807531380753 0.03896875 0.13085774058577404
28072 1 0.520140625 0.37939330543933053 0.06403125 0.19518828451882844
28072 43 0.572015625 0.7506799163179917 0.02165625 0.12671548117154813
28072 37 0.4596484375 0.48963389121338907 0.007796875 0.010230125523012551
28072 37 0.63634375 0.5252301255230125 0.007000000000000001 0.008828451882845189
28072 37 0.45442968749999996 0.4766108786610879 0.007265625 0.008577405857740585
28072 37 0.7715 0.4083682008368201 0.006687500000000001 0.0067364016736401675
28072 37 0.4426796875 0.412489539748954 0.005515625 0.005690376569037658
28072 37 0.311875 0.41236401673640166 0.00440625 0.00602510460251046
28072 37 0.16032031249999998 0.4490062761506276 0.006515625 0.009309623430962343
28072 37 0.6377578125 0.440428870292887 0.005953125 0.007217573221757322
28072 37 0.13075781250000001 0.39376569037656906 0.004328125 0.007196652719665272
28072 37 0.8112734374999999 0.483336820083682 0.008703125 0.010983263598326359
28072 43 0.38053125000000004 0.3964644351464435 0.019 0.04313807531380753
28072 37 0.8820546874999999 0.4435146443514644 0.005078125 0.0064853556485355655
28072 37 0.48828125 0.4581589958158996 0.9546875 0.34309623430962344
