30565 16 0.92809375 0.8934374999999999 0.051125 0.022500000000000003
30565 1 0.2721796875 0.36685416666666665 0.011265625 0.010458333333333332
30565 22 0.6234999999999999 0.5499375 0.193625 0.22079166666666666
30565 22 0.46678125000000004 0.56409375 0.10506249999999999 0.17781249999999998
30565 22 0.42128125 0.5207291666666667 0.09796875000000001 0.20495833333333333
30565 22 0.1018125 0.909125 0.203625 0.18175
30565 16 0.2697578125 0.84771875 0.025984374999999997 0.020104166666666666
30565 22 0.651484375 0.6113020833333334 0.05178125 0.08002083333333333
30565 16 0.33970312500000005 0.8452083333333333 0.033937499999999995 0.023
30565 16 0.301734375 0.8431145833333333 0.01884375 0.018020833333333333
