8649 1 0.7695208333333333 0.3308984375 0.057791666666666665 0.11195312500000001
8649 1 0.8456979166666667 0.3348125 0.04852083333333333 0.09759375
8649 1 0.6943125000000001 0.3261328125 0.042583333333333334 0.040015625
8649 1 0.2944270833333333 0.3045234375 0.09727083333333333 0.108671875
8649 1 0.6493854166666666 0.3237578125 0.017979166666666668 0.040796874999999996
8649 64 0.23436458333333335 0.27760937500000005 0.09685416666666667 0.1438125
8649 15 0.71965625 0.7240859374999999 0.5606875 0.522203125
8649 64 0.5599270833333333 0.3142421875 0.8801458333333334 0.628484375
8649 1 0.6854479166666666 0.32715625 0.0311875 0.0400625
8649 1 0.7831770833333334 0.32952343749999996 0.04064583333333334 0.101515625
8649 1 0.6341249999999999 0.33104687499999996 0.011833333333333333 0.023375
8649 1 0.450125 0.37382031250000003 0.3917083333333334 0.662390625
8649 1 0.5931458333333333 0.321171875 0.013875 0.05015625
