24105 63 0.5 0.6251041666666667 1.0 0.685875
24105 77 0.37546875 0.59596875 0.036875000000000005 0.028104166666666666
24105 1 0.5781640625 0.478 0.20823437500000003 0.5643333333333334
24105 1 0.7567109375 0.49575 0.48657812500000003 0.7539166666666667
24105 1 0.16024218750000002 0.3425 0.263421875 0.4250416666666667
24105 46 0.3220859375 0.62315625 0.051171875 0.16402083333333334
24105 47 0.25168749999999995 0.9087916666666668 0.11487499999999999 0.16216666666666668
24105 73 0.7483124999999999 0.4202291666666666 0.198875 0.22920833333333332
24105 73 0.334546875 0.46629166666666666 0.15 0.14608333333333334
24105 31 0.39928125 0.6494583333333334 0.15184375 0.14870833333333333
24105 44 0.771796875 0.2521979166666667 0.03528125 0.06860416666666666
24105 48 0.168078125 0.7584062500000001 0.10943750000000001 0.028604166666666667
24105 64 0.9736875000000002 0.12669791666666666 0.052625 0.12985416666666666
24105 75 0.8971953124999998 0.5873020833333332 0.110359375 0.016145833333333335
24105 50 0.168125 0.75859375 0.11003125 0.036562500000000005
24105 51 0.45799218750000004 0.887125 0.33664062499999997 0.21029166666666665
