40987 37 0.2766171875 0.2100469483568075 0.014765625 0.02103286384976526
40987 37 0.8274453124999999 0.09773474178403757 0.008390625 0.012934272300469483
40987 37 0.7808671875 0.11380281690140845 0.033140625 0.04868544600938967
40987 37 0.239875 0.1601056338028169 0.01328125 0.0202112676056338
40987 1 0.5983124999999999 0.8348356807511736 0.1555625 0.30338028169014086
40987 1 0.45247656249999996 0.7910093896713615 0.148078125 0.39549295774647886
40987 1 0.47715625 0.9359507042253522 0.09275 0.10561032863849766
40987 1 0.2081015625 0.4565492957746479 0.199828125 0.474037558685446
40987 1 0.537875 0.05857981220657277 0.0660625 0.11715962441314554
40987 39 0.49214843750000004 0.18217136150234742 0.123046875 0.014530516431924883
40987 39 0.6904062499999999 0.2011619718309859 0.07234375 0.03157276995305164
40987 1 0.311625 0.0831455399061033 0.0395625 0.1662910798122066
40987 1 0.27398437500000006 0.8554460093896714 0.11715625 0.2863849765258216
40987 37 0.239109375 0.20088028169014085 0.009281250000000001 0.01692488262910798
40987 40 0.2929296875 0.4266901408450704 0.056078125 0.08483568075117372
40987 40 0.27655468749999995 0.18632629107981222 0.037734375 0.040258215962441314
