30787 1 0.91521875 0.5486150234741785 0.10571875 0.37295774647887325
30787 1 0.8758203124999999 0.47325117370892017 0.038328125000000005 0.1766431924882629
30787 1 0.8189609375 0.48873239436619714 0.072921875 0.18976525821596246
30787 1 0.7637890625 0.4233685446009389 0.019953125 0.025375586854460095
30787 3 0.36571875 0.5382042253521127 0.40834374999999995 0.447206572769953
30787 8 0.37028906250000004 0.539413145539906 0.413765625 0.4684507042253521
30787 8 0.1828984375 0.4031455399061033 0.365796875 0.34460093896713617
30787 1 0.8439921874999999 0.48742957746478877 0.033609375000000004 0.19509389671361502
30787 1 0.692265625 0.454612676056338 0.0195625 0.09166666666666666
30787 1 0.9725468749999999 0.4949882629107981 0.0546875 0.23913145539906105
30787 1 0.7531796875000001 0.42335680751173715 0.013609375000000002 0.035586854460093895
30787 1 0.7932265625 0.42271126760563377 0.014171875 0.03227699530516432
30787 1 0.7046015625 0.44800469483568073 0.015296874999999998 0.09920187793427229
30787 6 0.6369921875 0.40316901408450706 0.130265625 0.18577464788732395
30787 1 0.6911640625 0.41269953051643193 0.009046875 0.02323943661971831
30787 1 0.7131953125 0.4458568075117371 0.013421875 0.08119718309859156
