18614 11 0.33109 0.8669850746268657 0.18053999999999998 0.26602985074626867
18614 1 0.81529 0.4943731343283582 0.36286 0.984268656716418
18614 1 0.62236 0.6425671641791044 0.17696 0.6911641791044776
18614 1 0.48601 0.5751044776119403 0.01598 0.060895522388059696
18614 1 0.46120000000000005 0.5682238805970149 0.019440000000000002 0.06623880597014926
18614 31 0.631 0.6514179104477612 0.1188 0.2988358208955224
18614 31 0.6938500000000001 0.6524477611940298 0.07342 0.31791044776119404
18614 1 0.37533 0.5896119402985074 0.01954 0.07188059701492537
18614 1 0.7431899999999999 0.2438955223880597 0.06858 0.12940298507462686
18614 1 0.26679 0.6178805970149254 0.01898 0.07982089552238805
18614 31 0.72485 0.7493731343283582 0.0915 0.2521194029850746
18614 1 0.50471 0.5792537313432835 0.01002 0.036417910447761194
