46630 39 0.579953125 0.1749077868852459 0.25278125 0.09141393442622951
46630 40 0.5744374999999999 0.5457786885245901 0.08121874999999999 0.10163934426229508
46630 1 0.3272734375 0.49550204918032786 0.332421875 0.6494467213114754
46630 1 0.1281328125 0.3204713114754098 0.08842187500000001 0.2660245901639344
46630 1 0.023515625000000002 0.3156352459016393 0.047031250000000004 0.26471311475409837
46630 1 0.769625 0.6475204918032788 0.46075 0.5427868852459017
46630 1 0.6963828125 0.025901639344262296 0.097890625 0.049549180327868855
46630 1 0.6186796875 0.027797131147540982 0.064609375 0.05239754098360656
46630 1 0.7827578125000001 0.01478483606557377 0.08395312499999999 0.027684426229508195
46630 1 0.882171875 0.016311475409836067 0.0885625 0.03016393442622951
46630 1 0.9510078125 0.01548155737704918 0.07229687500000001 0.03096311475409836
46630 1 0.74871875 0.2913729508196721 0.14221875 0.18004098360655738
46630 1 0.40837500000000004 0.026721311475409838 0.07725 0.05290983606557377
46630 1 0.6498515625 0.02494877049180328 0.059453124999999996 0.04989754098360656
46630 15 0.576328125 0.4 0.11487499999999999 0.1194672131147541
46630 1 0.5186328124999999 0.026875 0.090109375 0.05375
46630 1 0.51015625 0.4344262295081967 0.9765625 0.8688524590163934
