9420 32 0.9096689497716896 0.8258844339622642 0.011255707762557077 0.05808962264150943
9420 1 0.5855707762557079 0.7161674528301886 0.11036529680365298 0.18525943396226413
9420 1 0.848892694063927 0.6221816037735849 0.11883561643835616 0.1871933962264151
9420 1 0.6709817351598173 0.2744221698113207 0.10908675799086759 0.2072877358490566
9420 1 0.7782762557077625 0.8390094339622641 0.18015981735159817 0.24372641509433962
9420 1 0.963310502283105 0.7488679245283019 0.07337899543378995 0.2342452830188679
9420 1 0.5963812785388127 0.6148938679245284 0.11897260273972603 0.20030660377358492
9420 1 0.5289041095890411 0.5848702830188679 0.0873972602739726 0.24516509433962264
9420 1 0.3699657534246576 0.4438915094339622 0.10979452054794521 0.16650943396226414
9420 1 0.6515296803652968 0.4011320754716981 0.10223744292237444 0.15056603773584906
9420 1 0.7281506849315069 0.38698113207547175 0.09397260273972602 0.16863207547169812
9420 32 0.918824200913242 0.5520400943396226 0.014817351598173517 0.03959905660377358
9420 1 0.3331849315068493 0.8447759433962263 0.11787671232876713 0.2360141509433962
9420 1 0.18591324200913242 0.5405306603773585 0.07890410958904111 0.13016509433962264
9420 32 0.6367009132420092 0.8282311320754716 0.018333333333333333 0.03518867924528302
9420 32 0.5406050228310503 0.8177122641509434 0.014726027397260274 0.026132075471698112
9420 32 0.4299543378995434 0.8187971698113208 0.020639269406392692 0.03259433962264151
9420 32 0.44611872146118725 0.2757429245283019 0.014931506849315069 0.05082547169811321
9420 32 0.1303538812785388 0.6219693396226416 0.014452054794520549 0.05780660377358491
9420 32 0.5514497716894977 0.2560259433962264 0.013310502283105022 0.056108490566037734
9420 32 0.7203652968036529 0.6168867924528302 0.027671232876712328 0.033773584905660375
9420 32 0.9303196347031963 0.17142688679245283 0.01506849315068493 0.03634433962264151
9420 32 0.5840867579908676 0.7238915094339623 0.011643835616438355 0.02599056603773585
9420 32 0.3537328767123288 0.625872641509434 0.019703196347031965 0.05509433962264151
9420 1 0.8024086757990867 0.4182900943396226 0.09993150684931508 0.22728773584905662
9420 32 0.6526826484018264 0.39495283018867927 0.012671232876712329 0.036556603773584904
9420 32 0.4657534246575342 0.33490566037735847 0.863013698630137 0.4669811320754717
9420 1 0.4988584474885845 0.4893867924528302 0.997716894977169 0.9787735849056604
