641 2 0.20075781250000002 0.6254906542056075 0.040734375 0.14009345794392525
641 2 0.8968671875 0.644696261682243 0.027328124999999998 0.050981308411214954
641 6 0.54853125 0.5011214953271028 0.6522187500000001 0.5348130841121496
641 1 0.9123203125 0.5608878504672897 0.017484375 0.0305607476635514
641 1 0.8968281250000001 0.6030607476635514 0.02728125 0.08032710280373832
641 1 0.94021875 0.5595560747663552 0.01521875 0.030887850467289722
641 1 0.8737578125000001 0.5678855140186916 0.010984375000000001 0.05338785046728972
641 1 0.7284375 0.5578971962616822 0.007875 0.06149532710280374
641 1 0.9533984375000001 0.558679906542056 0.011140625 0.03376168224299065
641 1 0.06500781250000001 0.5117990654205608 0.045921875 0.053738317757009345
641 1 0.02190625 0.5172429906542056 0.031875 0.05364485981308412
641 1 0.0049375 0.538411214953271 0.009875 0.044252336448598134
