39099 44 0.5292265625 0.18497652582159627 0.034953125 0.18018779342723007
39099 1 0.514546875 0.16066901408450704 0.1974375 0.2089906103286385
39099 51 0.627703125 0.19037558685446007 0.08199999999999999 0.0412206572769953
39099 77 0.5001953125 0.22055164319248827 0.021546875 0.026830985915492957
39099 77 0.41128906249999997 0.2524530516431925 0.022734375 0.02011737089201878
39099 52 0.2963125 0.6600586854460094 0.23403125 0.25133802816901407
39099 52 0.4321796875 0.6176408450704226 0.117109375 0.2309154929577465
39099 52 0.3470703125 0.29923708920187797 0.20989062500000003 0.15593896713615024
39099 52 0.49119531250000004 0.5345305164319248 0.157453125 0.17976525821596243
39099 52 0.144015625 0.28292253521126765 0.2051875 0.17711267605633804
39099 52 0.0286015625 0.48437793427230047 0.029453125000000004 0.06509389671361503
39099 52 0.7071328125 0.3292018779342723 0.17579687500000002 0.1651643192488263
39099 52 0.6153515625000001 0.289518779342723 0.062828125 0.10274647887323944
39099 52 0.7074843749999999 0.23137323943661972 0.0570625 0.05575117370892019
39099 52 0.166125 0.8321948356807511 0.1375 0.33561032863849766
39099 52 0.359859375 0.538838028169014 0.14546874999999998 0.16185446009389673
39099 52 0.09682031249999999 0.7013028169014084 0.190171875 0.39481220657276994
39099 52 0.2965078125 0.785281690140845 0.188453125 0.17403755868544601
39099 1 0.9544609375 0.2626525821596244 0.091078125 0.5253051643192488
39099 52 0.5015625 0.36619718309859156 0.9625 0.5211267605633803
