23954 16 0.1548203125 0.10500000000000001 0.037015625 0.07854166666666668
23954 16 0.749765625 0.11739583333333332 0.049812499999999996 0.06641666666666667
23954 16 0.8148671875 0.10213541666666666 0.035328125 0.0428125
23954 16 0.064515625 0.17419791666666667 0.0419375 0.10322916666666666
23954 16 0.09343749999999999 0.09041666666666666 0.02628125 0.03183333333333333
23954 16 0.101546875 0.06327083333333333 0.03621875 0.032875
23954 16 0.06271875 0.10670833333333334 0.02634375 0.04125
23954 16 0.14459375000000002 0.06755208333333333 0.02728125 0.0299375
23954 16 0.7895234375 0.15601041666666668 0.057203125 0.07960416666666667
23954 16 0.29219531249999997 0.07467708333333332 0.030109375 0.01914583333333333
23954 16 0.7859375 0.045729166666666675 0.02371875 0.037000000000000005
23954 16 0.6540312500000001 0.06129166666666667 0.066125 0.04945833333333333
23954 16 0.8347109375 0.11952083333333334 0.034765625 0.07058333333333335
23954 16 0.20535156250000003 0.08931249999999999 0.021546875 0.047
23954 24 0.4862421875 0.44825 0.736515625 0.6786666666666666
23954 16 0.8876953125 0.10229166666666667 0.064328125 0.0495
23954 24 0.633703125 0.3910104166666667 0.62021875 0.7281041666666667
23954 16 0.5 0.103125 0.996875 0.20208333333333334
