2211 19 0.465734375 0.6212419006479482 0.6209687500000001 0.7360475161987041
2211 19 0.11764843750000001 0.4819330453563715 0.078546875 0.04399568034557236
2211 1 0.10300000000000001 0.40156587473002164 0.09568750000000001 0.1861123110151188
2211 1 0.15234375 0.38031317494600425 0.029031249999999998 0.08753779697624191
2211 1 0.27453906250000004 0.39458963282937365 0.035828125 0.08667386609071275
2211 1 0.0298828125 0.3882937365010799 0.046046875 0.09611231101511879
2211 19 0.16081249999999997 0.4286609071274298 0.0471875 0.13628509719222462
2211 19 0.273671875 0.4017170626349892 0.03771875 0.0716414686825054
2211 19 0.03628125 0.4285421166306696 0.0558125 0.12036717062634988
2211 1 0.475875 0.33817494600431963 0.15125 0.4760907127429806
