32739 72 0.8669921875 0.35784374999999996 0.18657812499999998 0.19014583333333332
32739 44 0.41250781250000007 0.70784375 0.022171875 0.10856249999999999
32739 44 0.4402421875 0.7550000000000001 0.022359375 0.11870833333333333
32739 62 0.18038281250000002 0.6860729166666667 0.288609375 0.4405208333333333
32739 1 0.3062890625 0.5848541666666667 0.44242187499999996 0.22316666666666668
32739 1 0.2026328125 0.4852708333333334 0.128046875 0.22941666666666669
32739 1 0.30140625 0.44297916666666665 0.09234375 0.212375
32739 63 0.286515625 0.8838958333333333 0.56965625 0.2
32739 47 0.5127578125 0.7923229166666667 0.031921875 0.09302083333333333
32739 1 0.8564765624999999 0.36304166666666665 0.025265625000000003 0.08195833333333334
32739 47 0.40610937500000005 0.7892291666666666 0.02553125 0.049958333333333334
32739 63 0.11734375 0.54334375 0.22331249999999997 0.2510208333333333
32739 77 0.9152421875 0.7263958333333332 0.024890625 0.020166666666666666
