28480 4 0.2215390625 0.6528138075313806 0.302109375 0.6179707112970712
28480 4 0.6910859375 0.5652196652719665 0.321484375 0.573702928870293
28480 1 0.5169374999999999 0.4150418410041841 0.21484375 0.7685355648535566
28480 1 0.8563750000000001 0.38491631799163184 0.22084375 0.6720502092050209
28480 1 0.59884375 0.15990585774058577 0.12784374999999998 0.2860460251046025
28480 1 0.2356328125 0.39544979079497905 0.22023437499999998 0.5978451882845188
28480 1 0.051773437500000005 0.44779288702928866 0.10301562500000001 0.7871757322175732
28480 1 0.73740625 0.21007322175732215 0.1095 0.32186192468619246
28480 1 0.7998203125 0.11329497907949791 0.027046874999999998 0.0759205020920502
28480 1 0.335640625 0.36956066945606697 0.03625 0.06861924686192468
28480 1 0.055367187500000005 0.2612133891213389 0.084546875 0.20351464435146444
28480 1 0.41500000000000004 0.37302301255230125 0.1428125 0.619602510460251
28480 31 0.07740625 0.25028242677824264 0.034 0.06102510460251046
