13720 44 0.631453125 0.4440833333333334 0.18225 0.5612916666666667
13720 3 0.9434687499999999 0.3472708333333333 0.1130625 0.20445833333333333
13720 67 0.4994375 0.8051979166666666 0.998875 0.36322916666666666
13720 1 0.38178125 0.29975 0.026000000000000002 0.09208333333333334
13720 47 0.1443046875 0.5101249999999999 0.193671875 0.37216666666666665
13720 47 0.8249921875 0.5641145833333333 0.228484375 0.40447916666666667
13720 48 0.65034375 0.7745624999999999 0.4364375 0.28520833333333334
13720 50 0.1593046875 0.38157291666666665 0.114484375 0.27839583333333334
13720 54 0.37584375000000003 0.8164791666666668 0.39437500000000003 0.298875
13720 44 0.1451328125 0.5103854166666667 0.188953125 0.36622916666666666
