43657 37 0.43405999999999995 0.6169066666666666 0.01756 0.021066666666666668
43657 1 0.5967100000000001 0.5559333333333333 0.1087 0.3230133333333333
43657 1 0.68871 0.4606133333333334 0.057460000000000004 0.23845333333333335
43657 1 0.28989 0.5966400000000001 0.1045 0.24944000000000002
43657 1 0.16249 0.5265599999999999 0.13794 0.41578666666666664
43657 1 0.79662 0.4560266666666667 0.08056 0.20277333333333336
43657 39 0.5704100000000001 0.42384 0.07066 0.10890666666666668
43657 40 0.33065 0.6125333333333334 0.032619999999999996 0.07680000000000001
43657 39 0.39450999999999997 0.5602533333333334 0.013859999999999999 0.11661333333333332
43657 39 0.49425 0.56388 0.0119 0.09362666666666666
43657 1 0.96123 0.42619999999999997 0.07754000000000001 0.28930666666666666
