26713 18 0.9385399999999999 0.7434534534534535 0.09028 0.05801801801801802
26713 16 0.41195 0.73490990990991 0.0689 0.10129129129129129
26713 16 0.45116 0.7278378378378378 0.03388 0.08732732732732733
26713 16 0.1597 0.7505405405405405 0.02148 0.10324324324324326
26713 16 0.1435 0.5784534534534534 0.02308 0.06543543543543544
26713 16 0.48727 0.7158258258258259 0.047060000000000005 0.12846846846846846
26713 1 0.60227 0.6623123123123122 0.11618 0.2622222222222222
26713 65 0.7910999999999999 0.7559459459459459 0.25683999999999996 0.1566966966966967
26713 65 0.60315 0.7285435435435436 0.25742000000000004 0.15054054054054056
26713 16 0.55498 0.7169519519519519 0.0308 0.11264264264264263
