13372 9 0.2514453125 0.7213411764705883 0.502890625 0.4808941176470588
13372 9 0.49245312499999994 0.7269647058823531 0.313375 0.3663058823529412
13372 9 0.6068671875 0.5640823529411765 0.530359375 0.3087294117647059
13372 9 0.7764843750000001 0.5445764705882353 0.2788125 0.10609411764705882
13372 9 0.109078125 0.43137647058823525 0.21815625 0.11550588235294118
13372 9 0.06967187500000001 0.4595529411764706 0.1388125 0.14607058823529412
13372 9 0.1915703125 0.4240705882352941 0.135296875 0.09312941176470588
13372 9 0.24244531249999998 0.4222705882352941 0.129109375 0.09451764705882354
13372 9 0.3551953125 0.43868235294117647 0.125265625 0.05887058823529412
13372 9 0.10788281250000001 0.35343529411764707 0.071578125 0.02235294117647059
13372 3 0.7586640625000001 0.3938235294117647 0.021703125 0.026517647058823528
13372 3 0.717 0.39338823529411765 0.0165 0.02164705882352941
13372 3 0.8453671875 0.3617411764705882 0.016390625 0.014305882352941177
13372 3 0.7451953125 0.38889411764705883 0.013328125 0.024094117647058825
13372 3 0.753203125 0.36176470588235293 0.016718749999999998 0.0128
13372 3 0.7726328124999999 0.38983529411764706 0.012203124999999999 0.0184
13372 3 0.7216640624999999 0.36168235294117645 0.013359375000000001 0.014611764705882354
13372 3 0.7006015624999999 0.3608 0.021671875 0.016611764705882354
13372 3 0.5925468749999999 0.38509411764705886 0.028187499999999997 0.028494117647058823
