28525 3 0.026046875000000004 0.5655312499999999 0.05209375000000001 0.08622916666666666
28525 1 0.579765625 0.6130625 0.1951875 0.753625
28525 1 0.8983203125000001 0.5960625 0.084265625 0.36854166666666666
28525 1 0.9731015625000001 0.5841666666666666 0.053796875 0.374625
28525 1 0.9472578125 0.5697604166666667 0.031296875 0.23885416666666667
28525 1 0.8431640625 0.5425104166666667 0.030328125 0.16518750000000001
28525 1 0.8103046874999998 0.521375 0.011515625 0.06066666666666667
28525 8 0.3386875 0.43131250000000004 0.434125 0.617125
28525 8 0.68615625 0.46471875 0.16671875 0.2725208333333333
28525 31 0.847859375 0.5169583333333333 0.029031249999999998 0.059416666666666666
28525 31 0.9484296875 0.5870520833333333 0.029046875 0.0690625
28525 1 0.5125859375 0.6703333333333333 0.064171875 0.5062083333333333
28525 32 0.5229296875 0.5150104166666666 0.068765625 0.24377083333333335
