17578 1 0.18907812499999999 0.446061320754717 0.2739375 0.6808962264150943
17578 1 0.6376250000000001 0.39011792452830185 0.15284375 0.5070283018867924
17578 1 0.39392187500000003 0.35360849056603777 0.20590625 0.5247641509433962
17578 1 0.5858281249999999 0.4292216981132076 0.19503125 0.5258490566037736
17578 58 0.5152500000000001 0.6373113207547171 0.033125 0.024339622641509434
17578 1 0.7014765625 0.29911556603773587 0.074578125 0.34544811320754715
17578 1 0.8737734375 0.676804245283019 0.252453125 0.621627358490566
17578 1 0.45824999999999994 0.20987028301886793 0.1084375 0.19507075471698113
17578 58 0.39021875 0.6463797169811321 0.11084374999999999 0.030542452830188676
17578 1 0.7359609375 0.41865566037735846 0.071859375 0.25268867924528304
17578 58 0.5878671875 0.7061438679245282 0.037859375 0.026674528301886793
17578 58 0.5317890625 0.6989268867924529 0.022828124999999998 0.02563679245283019
17578 58 0.52625 0.6261792452830188 0.027750000000000004 0.021084905660377358
17578 58 0.38182031250000004 0.614929245283019 0.073140625 0.0439622641509434
17578 58 0.50828125 0.7024528301886792 0.029281249999999998 0.024858490566037734
