17696 1 0.414359375 0.5180913348946136 0.078 0.15482435597189695
17696 1 0.5149609374999999 0.4226229508196721 0.045859375 0.09868852459016393
17696 1 0.6448046875 0.5231030444964871 0.029015625 0.10185011709601874
17696 1 0.690578125 0.6534309133489461 0.03203125 0.08423887587822014
17696 1 0.24820312500000002 0.6811592505854801 0.07965625 0.1606791569086651
17696 1 0.165671875 0.6477166276346604 0.01178125 0.02259953161592506
17696 35 0.2551953125 0.7503747072599533 0.128859375 0.07016393442622951
17696 1 0.157875 0.6467798594847776 0.0108125 0.02124121779859485
17696 1 0.5865546875 0.423711943793911 0.038921875 0.11875878220140515
17696 35 0.527359375 0.4661475409836066 0.0590625 0.05646370023419204
17696 35 0.44450781250000004 0.5878337236533958 0.053953125000000005 0.07229508196721311
17696 35 0.4238515625 0.5880444964871194 0.062171875 0.06817330210772833
17696 35 0.5785546874999999 0.4784426229508197 0.065484375 0.05060889929742388
17696 35 0.676625 0.6915105386416861 0.030406250000000003 0.014355971896955503
17696 35 0.6379531249999999 0.5665690866510539 0.0379375 0.009484777517564403
