48743 1 0.17805 0.5024474474474474 0.3561 0.9686786786786786
48743 1 0.65704 0.48381381381381383 0.12704000000000001 0.6543543543543544
48743 1 0.44824 0.4988738738738739 0.32176 0.9662762762762762
48743 1 0.07932 0.20223723723723724 0.05988 0.17528528528528528
48743 39 0.6353199999999999 0.8940090090090089 0.06136 0.18429429429429428
48743 40 0.5424300000000001 0.448033033033033 0.039979999999999995 0.08321321321321322
48743 40 0.03367 0.8842792792792794 0.05838 0.19102102102102103
48743 1 0.92435 0.070015015015015 0.04814 0.1343243243243243
48743 1 0.32552 0.5917567567567568 0.22 0.7932432432432431
48743 1 0.03007 0.46385885885885886 0.05958 0.6003903903903904
48743 1 0.5864299999999999 0.5576726726726727 0.17298 0.7428528528528529
