37015 1 0.256296875 0.5745520833333333 0.03909375 0.14285416666666664
37015 1 0.2751640625 0.5656979166666667 0.034171875000000004 0.13027083333333334
37015 1 0.32734375 0.5831770833333334 0.07309375 0.1333541666666667
37015 1 0.8108437499999999 0.6609791666666667 0.059750000000000004 0.2607083333333333
37015 1 0.8481015624999999 0.6290104166666667 0.048484375 0.23618750000000002
37015 1 0.9677031249999999 0.7109687499999999 0.06459375 0.3546458333333333
37015 1 0.792828125 0.6097395833333332 0.038093749999999996 0.1699375
37015 31 0.9736640624999999 0.7087916666666667 0.052671875 0.07229166666666667
37015 51 0.359390625 0.64040625 0.031406250000000004 0.025645833333333333
37015 1 0.90190625 0.6623854166666666 0.08006250000000001 0.3217291666666667
37015 51 0.435859375 0.5709791666666667 0.02265625 0.009416666666666665
37015 51 0.5052031250000001 0.5814583333333334 0.01984375 0.007291666666666667
37015 51 0.5068203125 0.6074375 0.019578125 0.0034583333333333332
37015 51 0.5319921875 0.5925624999999999 0.009640625 0.08762500000000001
37015 51 0.2910390625 0.6381979166666666 0.043328125 0.028729166666666663
37015 77 0.989875 0.5921562499999999 0.005625 0.019354166666666665
37015 51 0.3842578125 0.6318541666666667 0.025171875 0.034375
37015 51 0.43376562500000004 0.58915625 0.02315625 0.004604166666666667
37015 1 0.1928125 0.5854791666666668 0.021875 0.1275
