29075 1 0.7031171875 0.34461458333333334 0.026734374999999998 0.0696875
29075 1 0.9771953124999999 0.42647916666666663 0.045609375 0.11175
29075 1 0.92496875 0.2405 0.01509375 0.02745833333333333
29075 1 0.8955 0.2196875 0.012625 0.019083333333333334
29075 22 0.1073125 0.3953333333333333 0.14965625 0.12225
29075 22 0.3754453125 0.7908020833333335 0.196453125 0.28377083333333336
29075 22 0.84084375 0.36113541666666665 0.21496875000000001 0.1890625
29075 22 0.240765625 0.7293541666666666 0.1333125 0.2748333333333333
29075 22 0.37584375000000003 0.4134895833333333 0.27640625 0.21572916666666667
29075 22 0.139140625 0.8277395833333334 0.2765 0.2865625
29075 22 0.26478125 0.3878541666666667 0.07634375 0.11845833333333333
29075 22 0.8568359375 0.4791666666666667 0.143828125 0.3164166666666667
29075 22 0.9677031249999999 0.3355520833333333 0.06459375 0.17485416666666667
29075 22 0.2665390625 0.6093020833333332 0.256453125 0.14902083333333332
29075 22 0.424296875 0.30051041666666667 0.07190625 0.03227083333333333
29075 22 0.6737500000000001 0.4852708333333334 0.12784374999999998 0.26
29075 22 0.9022421875 0.34272916666666664 0.060265625 0.13075
29075 22 0.50703125 0.48020833333333335 0.9828125 0.5104166666666666
