4736 37 0.4026328125 0.4166901408450704 0.012390624999999999 0.015305164319248825
4736 3 0.8604296874999999 0.30166666666666664 0.104671875 0.06568075117370892
4736 3 0.5862734375 0.30089201877934274 0.108765625 0.056478873239436615
4736 1 0.6366171875 0.6031924882629108 0.218515625 0.32103286384976526
4736 1 0.661125 0.41104460093896716 0.1139375 0.20946009389671363
4736 1 0.07896875 0.45240610328638503 0.1579375 0.22734741784037557
4736 1 0.5340703124999999 0.46913145539906104 0.051859375 0.09197183098591549
4736 39 0.6575 0.40955399061032866 0.12903125 0.08577464788732395
4736 3 0.11077343750000002 0.295293427230047 0.072359375 0.033169014084507044
4736 3 0.690140625 0.30496478873239435 0.07468749999999999 0.0526056338028169
4736 1 0.9653124999999999 0.33342723004694835 0.0164375 0.06769953051643192
4736 1 0.9747734375 0.45095070422535216 0.030921874999999998 0.07744131455399061
4736 1 0.7441015625 0.35579812206572775 0.017765625 0.035586854460093895
4736 1 0.459171875 0.2914788732394366 0.017656250000000002 0.05408450704225352
4736 1 0.7896640625 0.5825821596244132 0.21798437499999998 0.39854460093896715
4736 1 0.776046875 0.35423708920187796 0.02028125 0.038849765258215964
4736 3 0.3302265625 0.3009976525821596 0.063578125 0.048755868544600935
4736 3 0.219875 0.30077464788732394 0.08603125 0.04699530516431925
4736 3 0.46558593749999994 0.29435446009389676 0.113890625 0.05359154929577464
4736 3 0.7925546875 0.30219483568075123 0.046046875 0.04631455399061033
4736 40 0.5312890625 0.49727699530516434 0.008828125000000001 0.011408450704225352
4736 1 0.72753125 0.395 0.014093749999999999 0.04784037558685446
