48334 37 0.07077343750000001 0.35043325526932084 0.018296875 0.02667447306791569
48334 39 0.20678125 0.3938173302107728 0.20206249999999998 0.053442622950819675
48334 40 0.504515625 0.5303278688524591 0.04946875 0.09437939110070256
48334 1 0.33658593750000004 0.558208430913349 0.254921875 0.6029742388758783
48334 1 0.6151640625 0.6764051522248243 0.283640625 0.4602576112412178
48334 1 0.8134609375 0.645632318501171 0.27164062499999997 0.5301873536299766
48334 1 0.186 0.4276580796252928 0.06899999999999999 0.16955503512880563
48334 1 0.1423046875 0.27170960187353627 0.017140625 0.04861826697892272
48334 1 0.9318515625000001 0.42872365339578455 0.021296875 0.03702576112412178
48334 1 0.609296875 0.41016393442622956 0.023 0.027025761124121778
48334 1 0.49518749999999995 0.2596370023419204 0.0170625 0.023723653395784545
48334 1 0.4571406250000001 0.43744730679156907 0.034687499999999996 0.08318501170960188
48334 1 0.6582109375 0.41096018735363005 0.019765625000000002 0.03798594847775175
48334 1 0.7201796875 0.4153161592505855 0.026171875 0.0336768149882904
48334 1 0.70965625 0.4124590163934426 0.01865625 0.034379391100702573
48334 1 0.6333828125 0.3143793911007026 0.019421874999999998 0.0414519906323185
48334 1 0.5 0.24707259953161592 0.996875 0.48009367681498827
