22979 6 0.1520737704918033 0.3179765625 0.3041475409836066 0.631453125
22979 31 0.5528770491803279 0.610859375 0.09195081967213116 0.16628125
22979 31 0.7743032786885246 0.462578125 0.04686885245901639 0.0359375
22979 1 0.5505245901639344 0.6460625 0.17209836065573772 0.5460625
22979 1 0.8853196721311477 0.5934375000000001 0.18608196721311476 0.5075000000000001
22979 1 0.7871311475409837 0.47532812500000005 0.09236065573770492 0.2435625
22979 1 0.7203114754098361 0.45679687500000005 0.05232786885245902 0.263125
22979 1 0.6844262295081968 0.466890625 0.0780655737704918 0.27531249999999996
22979 1 0.44367213114754095 0.525625 0.06511475409836065 0.242625
22979 1 0.35745081967213116 0.5510390625 0.11781967213114755 0.257421875
22979 1 0.2904098360655738 0.509765625 0.07819672131147541 0.25428125
22979 1 0.4781967213114754 0.4165234375 0.05232786885245902 0.099328125
22979 1 0.28320491803278686 0.3810234375 0.05981967213114754 0.115203125
22979 1 0.35430327868852457 0.424828125 0.05473770491803279 0.12893749999999998
22979 1 0.6136803278688525 0.495875 0.06719672131147542 0.25603125000000004
22979 1 0.40452459016393444 0.50459375 0.07118032786885246 0.30978125
