35897 10 0.21070999999999998 0.5870844686648502 0.01634 0.05095367847411444
35897 10 0.54753 0.4665803814713896 0.02246 0.05201634877384196
35897 10 0.7541800000000001 0.6283242506811989 0.0094 0.02215258855585831
35897 1 0.6694500000000001 0.7072207084468665 0.01614 0.08212534059945505
35897 3 0.32325 0.7061716621253407 0.07806 0.09337874659400545
35897 3 0.40646000000000004 0.6816893732970027 0.046560000000000004 0.06724795640326975
35897 3 0.43672000000000005 0.6750953678474115 0.02748 0.038746594005449594
35897 3 0.46256 0.666607629427793 0.02532 0.030653950953678476
35897 3 0.75624 0.7178610354223433 0.08023999999999999 0.10024523160762942
35897 10 0.20665 0.6326021798365122 0.012060000000000001 0.01757493188010899
35897 10 0.50412 0.6211307901907357 0.00544 0.00782016348773842
35897 3 0.38809 0.6755858310626703 0.02754 0.03525885558583106
35897 3 0.43298999999999993 0.6870980926430518 0.01306 0.04525885558583106
35897 3 0.3781 0.7060490463215259 0.05464 0.06692098092643052
35897 3 0.36277 0.6677929155313351 0.034659999999999996 0.022615803814713897
35897 8 0.46301 0.6666485013623978 0.02234 0.03111716621253406
35897 8 0.5675399999999999 0.71641689373297 0.12712 0.12727520435967302
35897 8 0.97222 0.7598092643051771 0.055560000000000005 0.19242506811989102
35897 8 0.21425999999999998 0.7264986376021798 0.12308 0.13653950953678473
35897 10 0.38371 0.47000000000000003 0.01578 0.0350408719346049
35897 11 0.15869999999999998 0.7225885558583106 0.012960000000000001 0.037765667574931876
35897 15 0.90187 0.7300136239782017 0.01626 0.021062670299727523
35897 8 0.94455 0.7515531335149863 0.09398000000000001 0.1817983651226158
35897 10 0.13706000000000002 0.5836920980926431 0.01896 0.04814713896457766
35897 3 0.606 0.6989100817438693 0.28 0.12806539509536785
