12145 3 0.51153125 0.66834375 0.61471875 0.6629791666666667
12145 4 0.065734375 0.6505624999999999 0.12809375 0.4516666666666667
12145 1 0.3380078125 0.3030625 0.17489062500000002 0.43720833333333337
12145 1 0.2015625 0.4666354166666667 0.07534375 0.32764583333333336
12145 1 0.415921875 0.2088125 0.09096875 0.2592083333333333
12145 1 0.5046875 0.21717708333333335 0.09740625 0.2584375
12145 1 0.5903671875 0.24085416666666667 0.161390625 0.3550833333333333
12145 1 0.9050625 0.6022500000000001 0.07415625 0.26066666666666666
12145 1 0.97809375 0.5341666666666666 0.0438125 0.4328333333333333
12145 1 0.021351562499999997 0.34984375 0.041078125 0.1623541666666667
12145 1 0.059265625 0.38403124999999994 0.034687499999999996 0.1536875
12145 1 0.3793515625 0.475 0.19232812500000002 0.16058333333333333
12145 1 0.5723359375 0.4613645833333333 0.12045312500000001 0.10939583333333333
12145 1 0.8425546875000001 0.6292395833333334 0.064171875 0.16902083333333331
12145 4 0.1245859375 0.56378125 0.08529687500000001 0.1371875
