12109 3 0.575984375 0.5353333333333334 0.6644687499999999 0.6460833333333333
12109 14 0.1542109375 0.5460729166666667 0.234265625 0.6561875
12109 1 0.24814843749999999 0.29328125 0.016203125 0.0483125
12109 4 0.047359375 0.40678125 0.02765625 0.10089583333333334
12109 15 0.3311953125 0.2995729166666667 0.056171875 0.0374375
12109 15 0.2628359375 0.29990625 0.025515624999999997 0.03402083333333333
12109 1 0.0481796875 0.29828125 0.0073281250000000004 0.03510416666666667
12109 1 0.8832265625 0.26355208333333335 0.011703125 0.044187500000000005
12109 1 0.949578125 0.21583333333333335 0.022093750000000002 0.04991666666666667
12109 3 0.631125 0.31286458333333333 0.12521875 0.10685416666666667
