21469 62 0.515890625 0.7621456692913386 0.1231875 0.27212598425196854
21469 62 0.9722109375000001 0.8961909448818898 0.055046874999999995 0.1812007874015748
21469 67 0.67871875 0.7166633858267717 0.22103125 0.083248031496063
21469 47 0.6212734375 0.6565846456692913 0.039015625 0.059153543307086616
21469 47 0.455984375 0.6129330708661417 0.0348125 0.026692913385826772
21469 47 0.5844609375 0.5652854330708662 0.012921875 0.025846456692913387
21469 73 0.7075781250000001 0.6414566929133857 0.15684375 0.09976377952755905
21469 1 0.6375624999999999 0.5759153543307086 0.14068750000000002 0.20588582677165354
21469 1 0.7420703124999999 0.5301181102362205 0.08545312499999999 0.1250787401574803
21469 1 0.8341640625 0.7122047244094487 0.331109375 0.5755905511811024
21469 1 0.4529921874999999 0.6490944881889764 0.133015625 0.39318897637795275
21469 1 0.691984375 0.5280216535433071 0.05275 0.1077755905511811
21469 62 0.6099296875 0.8768503937007874 0.09867187499999999 0.20661417322834644
21469 73 0.5184765625 0.5830708661417323 0.101640625 0.0878740157480315
21469 73 0.82553125 0.5842618110236221 0.0724375 0.06230314960629921
21469 1 0.345734375 0.4588484251968504 0.0400625 0.10391732283464566
21469 1 0.22477343750000003 0.5265354330708661 0.059765625 0.2537007874015748
21469 1 0.40465625000000005 0.4782972440944882 0.04440625 0.173248031496063
21469 67 0.44915625 0.6283070866141732 0.08321875 0.04846456692913386
21469 73 0.6033125 0.5575984251968503 0.038343749999999996 0.04602362204724409
21469 1 0.98896875 0.5980019685039369 0.0220625 0.09281496062992126
21469 62 0.456359375 0.7423228346456693 0.08465625 0.10007874015748032
21469 62 0.749984375 0.9276771653543308 0.0228125 0.04543307086614173
21469 62 0.8138125 0.9631692913385828 0.03309375 0.07200787401574803
