23051 7 0.4968032786885246 0.5932578125 0.9936065573770492 0.588765625
23051 1 0.35813817330210773 0.5979296875 0.07084309133489461 0.134953125
23051 1 0.9221662763466043 0.6423046875 0.11112412177985949 0.080453125
23051 1 0.5920843091334894 0.5931171875 0.10149882903981265 0.16704687499999998
23051 1 0.07288056206088993 0.595265625 0.11358313817330211 0.0925625
23051 1 0.7992974238875878 0.6021484375 0.0263231850117096 0.053203125
23051 31 0.5438758782201405 0.59575 0.038758782201405155 0.0364375
23051 31 0.37855971896955504 0.5807968750000001 0.05585480093676815 0.055781250000000004
23051 31 0.1285831381733021 0.615984375 0.047939110070257605 0.017218749999999998
23051 1 0.15840749414519906 0.570125 0.05765807962529274 0.03334375
23051 1 0.16278688524590162 0.613453125 0.03747072599531616 0.06331250000000001
