3134 6 0.294546875 0.43595794392523357 0.58909375 0.7191121495327102
3134 1 0.3775 0.48667056074766357 0.035875000000000004 0.06642523364485982
3134 1 0.33231249999999996 0.46665887850467286 0.06790625 0.10504672897196261
3134 8 0.7401640625000001 0.5250233644859813 0.060265625 0.10112149532710281
3134 10 0.6027890625000001 0.27172897196261686 0.016734375000000003 0.06364485981308411
3134 10 0.8157578125 0.3835280373831776 0.018640625 0.07929906542056074
3134 10 0.8196406250000001 0.49189252336448597 0.01834375 0.023504672897196262
3134 11 0.8314375 0.5820210280373832 0.01378125 0.03670560747663552
3134 14 0.8152109375000001 0.559661214953271 0.014703125000000001 0.03880841121495327
3134 11 0.9892187499999998 0.6373014018691588 0.0204375 0.048761682242990656
