43331 6 0.78690625 0.6339921875 0.24181249999999999 0.189453125
43331 3 0.8533854166666667 0.7208125 0.1976875 0.09446875
43331 53 0.4228645833333333 0.4089921875 0.010270833333333333 0.007171874999999999
43331 53 0.26516666666666666 0.37922656250000003 0.010166666666666666 0.007609375
43331 53 0.51215625 0.516015625 0.012020833333333333 0.00559375
43331 53 0.6520104166666666 0.361703125 0.005520833333333333 0.00621875
43331 53 0.6436979166666666 0.5032890625 0.014145833333333333 0.011859375
43331 53 0.5970937499999999 0.470984375 0.0159375 0.00715625
43331 53 0.658625 0.482828125 0.014833333333333334 0.0094375
43331 53 0.5292916666666666 0.6621875 0.012041666666666668 0.0071874999999999994
