42209 1 0.74559375 0.5609166666666667 0.18615625 0.37937499999999996
42209 1 0.4794921875 0.5153020833333334 0.093953125 0.2651875
42209 1 0.39775 0.5112395833333333 0.07753125 0.22247916666666667
42209 1 0.34775 0.46466666666666673 0.0546875 0.23666666666666666
42209 1 0.123 0.7065104166666667 0.15825 0.5869791666666667
42209 1 0.02134375 0.3847916666666667 0.04146875 0.123
42209 1 0.3049765625 0.45827083333333335 0.101734375 0.19325
42209 79 0.5624140625 0.3926041666666667 0.158984375 0.09916666666666667
42209 51 0.5471250000000001 0.74159375 0.10409375000000001 0.06139583333333333
42209 49 0.482453125 0.6911875000000001 0.0984375 0.044458333333333336
42209 51 0.5384140625 0.7638125 0.08645312499999999 0.025333333333333333
42209 51 0.53903125 0.7803333333333333 0.08562499999999999 0.025500000000000002
42209 79 0.8843593750000001 0.6417916666666666 0.1796875 0.18308333333333332
