35707 44 0.052960937500000006 0.6397887323943661 0.10592187500000001 0.7204225352112675
35707 62 0.9184140625000001 0.7797652582159623 0.161546875 0.3325821596244132
35707 62 0.19553125 0.4953521126760564 0.23321874999999997 0.29370892018779343
35707 67 0.416015625 0.8106572769953052 0.63115625 0.35136150234741786
35707 1 0.5900859374999999 0.49791079812206573 0.525015625 0.9685446009389672
35707 59 0.40746093749999995 0.747593896713615 0.27926562499999996 0.12007042253521126
35707 59 0.34627343749999995 0.6033802816901409 0.049359375 0.15056338028169014
35707 1 0.875046875 0.9427112676056338 0.24990625 0.11354460093896714
35707 1 0.1316875 0.2298004694835681 0.1555625 0.30119718309859156
35707 44 0.1341171875 0.7215023474178404 0.058578125 0.2796713615023474
35707 46 0.135140625 0.722218309859155 0.0640625 0.28293427230046947
35707 47 0.127484375 0.6589553990610328 0.0705 0.14917840375586855
