673 1 0.9669765625 0.19611226611226612 0.011265625 0.03305613305613306
673 1 0.9870624999999998 0.19386694386694386 0.01184375 0.036881496881496875
673 1 0.9036796874999998 0.1805301455301455 0.0044843750000000005 0.009417879417879419
673 42 0.9203750000000002 0.5937629937629938 0.15925 0.22548856548856547
673 42 0.8025625 0.6848024948024948 0.18690625 0.34103950103950104
673 42 0.7936562500000001 0.27726611226611225 0.1524375 0.016153846153846154
673 42 0.717421875 0.44363825363825365 0.08209375 0.10611226611226611
673 42 0.5589765625 0.3768503118503118 0.10792187499999999 0.08634095634095634
673 42 0.49165624999999996 0.46980249480249486 0.11725000000000001 0.14130977130977132
673 42 0.27931249999999996 0.5193035343035344 0.12437499999999999 0.2162785862785863
673 42 0.756609375 0.37185031185031187 0.13315625 0.11908523908523909
673 42 0.0821796875 0.5305093555093555 0.164359375 0.22555093555093553
673 42 0.866125 0.3088149688149688 0.13 0.06627858627858628
673 42 0.893359375 0.3030769230769231 0.15 0.03725571725571726
