3860 19 0.4507890625 0.53825 0.092515625 0.12645833333333334
3860 19 0.760125 0.5421041666666666 0.050375 0.11791666666666667
3860 1 0.9122109375 0.5446666666666666 0.044421875 0.12104166666666667
3860 1 0.47679687499999995 0.53659375 0.0268125 0.1239375
3860 1 0.70846875 0.5375625 0.029031249999999998 0.09808333333333333
3860 1 0.991546875 0.5257708333333333 0.015875 0.07512500000000001
3860 1 0.8685234375 0.5612708333333333 0.022671875 0.08566666666666665
3860 1 0.844921875 0.5456875 0.0206875 0.07925
3860 15 0.24478125000000003 0.5503750000000001 0.0660625 0.034874999999999996
3860 15 0.5411484375000001 0.5435 0.062453125 0.034833333333333334
3860 1 0.7231171875 0.5210520833333334 0.018046875 0.08652083333333334
3860 15 0.0106171875 0.5594583333333334 0.020296875 0.0315
3860 1 0.5024921875 0.5409166666666666 0.014171875 0.03841666666666667
3860 1 0.0572109375 0.5397916666666666 0.009984375 0.025125
