5131 32 0.138640625 0.9410187353629976 0.0568125 0.11791569086651055
5131 32 0.6703046875 0.8183138173302107 0.021421875 0.14590163934426228
5131 32 0.4771328125 0.8915690866510538 0.016765625 0.05278688524590164
5131 32 0.8759296875 0.7221311475409836 0.002796875 0.03133489461358314
5131 1 0.21007812499999998 0.7027283372365339 0.42015624999999995 0.5945433255269321
5131 1 0.5150078125 0.8101170960187353 0.169421875 0.3797658079625293
5131 1 0.8241328125 0.7407025761124122 0.07373437499999999 0.2194847775175644
5131 1 0.43479687499999997 0.7892037470725995 0.245875 0.39325526932084304
5131 1 0.6298046875 0.7061124121779859 0.05682812499999999 0.11864168618266978
5131 1 0.960140625 0.7631147540983606 0.0473125 0.18861826697892273
5131 1 0.7875390625 0.8302341920374707 0.131171875 0.33953161592505854
5131 1 0.2905625 0.7330327868852459 0.0701875 0.12002341920374707
5131 1 0.5868984375 0.7464168618266979 0.080078125 0.12131147540983606
5131 1 0.745421875 0.6362763466042155 0.061281249999999995 0.07437939110070257
5131 1 0.6900781250000001 0.7983723653395783 0.16321875 0.4032552693208431
5131 1 0.0595078125 0.7350351288056206 0.119015625 0.4078688524590164
5131 31 0.9435078125 0.7707611241217799 0.018953125 0.0631615925058548
5131 32 0.026468750000000003 0.846639344262295 0.05290625 0.15763466042154567
5131 32 0.8417656250000001 0.7001170960187353 0.0052812499999999995 0.011241217798594848
5131 1 0.8803671874999999 0.7904683840749415 0.042265625 0.24468384074941452
5131 10 0.642578125 0.5975175644028103 0.006937500000000001 0.03667447306791569
5131 32 0.8103671875 0.7308196721311475 0.007140625 0.02674473067915691
