18201 62 0.266140625 0.6509551886792453 0.04928125 0.14360849056603775
18201 34 0.8732734375 0.6409198113207547 0.06023437499999999 0.0405188679245283
18201 34 0.689265625 0.5435141509433963 0.03209375 0.03915094339622642
18201 34 0.43475 0.5769457547169812 0.0373125 0.025683962264150945
18201 34 0.28156250000000005 0.6898231132075471 0.02321875 0.012476415094339622
18201 1 0.11936718750000001 0.5934669811320754 0.110421875 0.3378301886792453
18201 1 0.1657578125 0.5271462264150943 0.055765625 0.20410377358490567
18201 1 0.24576562500000004 0.6160023584905661 0.08384375 0.26549528301886793
18201 1 0.3704140625 0.6048231132075471 0.079359375 0.34304245283018864
18201 1 0.50915625 0.6707783018867925 0.11315625 0.4247169811320755
18201 1 0.8098828125 0.7359551886792454 0.226296875 0.5280896226415094
18201 1 0.628125 0.6612264150943397 0.18084375 0.5304716981132075
18201 1 0.43003125 0.6371580188679246 0.09946875 0.335683962264151
18201 34 0.26053125 0.7102830188679244 0.028687499999999998 0.014764150943396226
