13517 24 0.458828125 0.52246875 0.1535625 0.12514583333333335
13517 24 0.2906796875 0.5310416666666666 0.041515625 0.063
13517 24 0.60253125 0.52134375 0.15 0.12135416666666667
13517 24 0.1199140625 0.5379895833333334 0.11585937500000001 0.13956249999999998
13517 24 0.6665859375000001 0.5078020833333333 0.172296875 0.11552083333333334
13517 24 0.8399843749999999 0.5150625 0.103125 0.11762500000000001
13517 24 0.9692890625 0.5344895833333333 0.061421875 0.08514583333333332
13517 24 0.41039062499999995 0.51609375 0.13174999999999998 0.16297916666666667
13517 24 0.9239921875 0.5089583333333334 0.088484375 0.11699999999999999
13517 24 0.7728046875000001 0.50559375 0.036453124999999996 0.11418750000000001
13517 24 0.5058984375 0.4704583333333333 0.025609375 0.022291666666666664
13517 24 0.7315390625 0.47728125 0.036671875 0.0389375
13517 24 0.8358359375 0.462375 0.030890624999999998 0.019708333333333335
13517 24 0.4359375 0.4979166666666667 0.78125 0.16666666666666666
