23201 19 0.5139140624999999 0.6865 0.648828125 0.5802916666666668
23201 6 0.1314609375 0.37571875 0.259546875 0.31235416666666665
23201 1 0.5100390625 0.4577916666666667 0.178515625 0.51775
23201 1 0.45396093750000005 0.35615624999999995 0.087296875 0.16139583333333332
23201 1 0.9057109375 0.7200416666666667 0.18857812499999999 0.5599166666666666
23201 10 0.6488750000000001 0.25955208333333335 0.050562499999999996 0.11910416666666666
23201 10 0.5809218749999999 0.25875 0.037343749999999995 0.09958333333333333
23201 10 0.301734375 0.251375 0.03525 0.09958333333333333
23201 1 0.8106718749999999 0.4741666666666667 0.02359375 0.098875
23201 1 0.8587265624999999 0.46248958333333334 0.030953124999999998 0.07364583333333334
23201 1 0.6830703124999999 0.455875 0.017234375 0.052333333333333336
23201 1 0.7630468749999999 0.4619895833333334 0.0268125 0.0871875
23201 1 0.8834921875000001 0.46321875 0.030015625 0.09097916666666667
23201 10 0.85625 0.36471875 0.01603125 0.046187500000000006
23201 19 0.324703125 0.3973020833333333 0.128375 0.06160416666666667
23201 27 0.9339531249999998 0.7712083333333334 0.12984374999999998 0.36779166666666663
23201 1 0.790484375 0.47465624999999995 0.020999999999999998 0.059812500000000005
23201 6 0.60796875 0.40854166666666664 0.04184375 0.08833333333333333
23201 10 0.3772265625 0.34331249999999996 0.019578125 0.04
