14036 44 0.0860390625 0.7280776173285199 0.140984375 0.0617870036101083
14036 1 0.723578125 0.5801083032490975 0.337125 0.5596389891696751
14036 1 0.5103359375 0.4914981949458483 0.176640625 0.39122743682310474
14036 1 0.42075000000000007 0.4944314079422382 0.12259374999999999 0.33842960288808666
14036 1 0.3349921875 0.42191335740072206 0.089890625 0.1756317689530686
14036 1 0.3462734375 0.4594223826714801 0.11954687500000001 0.1936101083032491
14036 1 0.2852421875 0.38454873646209387 0.044890625 0.075956678700361
14036 52 0.90015625 0.7839981949458483 0.19337500000000002 0.1701985559566787
14036 52 0.063046875 0.8366335740072203 0.12609375 0.09731046931407941
14036 52 0.73315625 0.8251895306859206 0.1678125 0.15788808664259926
14036 52 0.5313671875 0.6536552346570397 0.08345312499999999 0.07218411552346571
14036 1 0.29943749999999997 0.4139620938628159 0.09328125000000001 0.15294223826714803
14036 1 0.9811015624999999 0.39941335740072204 0.037421875 0.13041516245487364
14036 52 0.1339296875 0.5740703971119134 0.059515625 0.05001805054151625
14036 52 0.883234375 0.6782671480144405 0.0870625 0.029675090252707585
14036 1 0.28484374999999995 0.303014440433213 0.0673125 0.15050541516245486
14036 1 0.8810156250000001 0.4032851985559567 0.08015625 0.09259927797833935
14036 49 0.796765625 0.7617148014440434 0.0374375 0.03357400722021661
14036 1 0.7180000000000001 0.44985559566787003 0.3891875 0.37725631768953066
