9041 16 0.31960156250000005 0.36405817174515237 0.114015625 0.14296398891966758
9041 16 0.5926328125 0.07434903047091412 0.06442187499999999 0.09052631578947368
9041 16 0.18761718749999998 0.5567036011080332 0.134015625 0.2721329639889197
9041 16 0.5488984375 0.33225761772853185 0.052171875 0.16130193905817172
9041 16 0.291734375 0.4268836565096953 0.110375 0.251606648199446
9041 16 0.6054843750000001 0.31155124653739613 0.1266875 0.11445983379501386
9041 16 0.3898125 0.27724376731301936 0.1064375 0.11210526315789474
9041 16 0.41851562499999995 0.13189750692520774 0.06159375 0.10922437673130193
9041 16 0.37184375000000003 0.1809556786703601 0.038656249999999996 0.14346260387811635
9041 16 0.20057031250000001 0.35644044321329643 0.089234375 0.15537396121883656
9041 17 0.8354296875000001 0.5800692520775623 0.329140625 0.47188365650969527
9041 16 0.652171875 0.24059556786703598 0.059843749999999994 0.10684210526315789
9041 16 0.6933125 0.18418282548476453 0.09284375 0.09207756232686981
9041 16 0.5775625 0.20753462603878117 0.050062499999999996 0.09324099722991688
9041 16 0.4265625 0.3808864265927978 0.640625 0.7229916897506925
