7455 9 0.858046875 0.4921650717703349 0.28390624999999997 0.3765311004784689
7455 9 0.861703125 0.6119377990430622 0.17093750000000002 0.05483253588516747
7455 9 0.813671875 0.5746052631578947 0.14540625000000001 0.07227272727272728
7455 9 0.5906484375 0.35655502392344496 0.064671875 0.19894736842105262
7455 9 0.544296875 0.435944976076555 0.0311875 0.03614832535885167
7455 9 0.667703125 0.4189832535885168 0.09928125 0.07547846889952153
7455 9 0.26175781249999996 0.4388277511961723 0.051796875 0.0515311004784689
7455 9 0.2023359375 0.4396052631578947 0.049234375000000004 0.04456937799043062
7455 9 0.110109375 0.4467344497607656 0.08178125 0.045
7455 9 0.49940625 0.42004784688995217 0.06325 0.06306220095693779
7455 9 0.5160859375 0.6924282296650717 0.109203125 0.11648325358851674
7455 9 0.685375 0.7980143540669856 0.42575 0.37282296650717706
7455 9 0.03315625 0.4297846889952153 0.04659375 0.06564593301435406
7455 9 0.2375 0.6997607655502392 0.475 0.5956937799043063
