13420 3 0.99241 0.882731343283582 0.014539999999999999 0.03662686567164179
13420 3 0.9940899999999999 0.8478656716417909 0.01182 0.03853731343283582
13420 9 0.73665 0.6433134328358209 0.1881 0.10214925373134329
13420 9 0.78098 0.8457014925373134 0.298 0.13044776119402987
13420 9 0.79065 0.8641492537313431 0.23474 0.08035820895522389
13420 9 0.1819 0.9232985074626866 0.09456 0.03364179104477612
13420 9 0.17164 0.7820298507462687 0.19876 0.06740298507462686
13420 9 0.06174 0.820865671641791 0.12348 0.06047761194029851
13420 9 0.15849000000000002 0.6913432835820895 0.11286 0.06519402985074627
13420 9 0.48290000000000005 0.5718805970149253 0.04008 0.04
13420 9 0.52042 0.5739850746268657 0.0722 0.04779104477611941
13420 9 0.08439 0.5877761194029851 0.16878 0.07226865671641791
13420 9 0.71678 0.7484328358208955 0.20163999999999999 0.060805970149253735
13420 9 0.21293 0.6228805970149254 0.07062 0.024328358208955226
13420 9 0.592 0.5828955223880598 0.054079999999999996 0.03838805970149253
13420 9 0.5 0.7597014925373134 0.996 0.4746268656716418
