5237 3 0.7410937499999999 0.3820172910662824 0.02096875 0.02610951008645533
5237 3 0.778328125 0.39234870317002885 0.029312500000000002 0.04089337175792507
5237 3 0.816390625 0.39997118155619593 0.01809375 0.035734870317002884
5237 3 0.6192890625 0.3762103746397694 0.074359375 0.04527377521613833
5237 3 0.7035390625 0.3870172910662824 0.028734375 0.040028818443804036
5237 3 0.7603906250000001 0.3828818443804035 0.01853125 0.029855907780979827
5237 3 0.73103125 0.37005763688760807 0.030906250000000003 0.018731988472622477
5237 9 0.49132031249999997 0.5206772334293949 0.068234375 0.06060518731988473
5237 9 0.5697421874999999 0.5458069164265129 0.066359375 0.07103746397694524
5237 9 0.65671875 0.5548559077809798 0.05559375 0.05438040345821326
5237 9 0.7087265625 0.5663976945244956 0.063328125 0.06
5237 9 0.813265625 0.592492795389049 0.11365624999999999 0.05760806916426513
5237 9 0.0907734375 0.8213400576368876 0.181546875 0.10561959654178674
5237 9 0.1419453125 0.8752881844380405 0.283890625 0.1325936599423631
5237 9 0.9069296874999999 0.7212824207492796 0.172828125 0.09086455331412104
5237 9 0.8836015625 0.9205331412103747 0.23279687500000001 0.1589337175792507
5237 9 0.19410937499999997 0.9246974063400577 0.3668125 0.12593659942363114
5237 9 0.6211328125 0.5481123919308358 0.047859374999999996 0.07322766570605187
5237 9 0.919046875 0.8259221902017292 0.1593125 0.12590778097982708
5237 3 0.6730546875 0.3676801152737752 0.023328124999999998 0.017953890489913547
5237 3 0.6555234375000001 0.3716138328530259 0.017546875 0.016541786743515852
5237 3 0.9854218750000001 0.3920605187319885 0.02915625 0.025850144092219023
5237 9 0.7958828125 0.950792507204611 0.236765625 0.09841498559077809
5237 9 0.4703125 0.6239193083573487 0.940625 0.3256484149855908
