47242 1 0.0390390625 0.6427529411764706 0.078078125 0.7144941176470588
47242 1 0.842125 0.5106235294117647 0.10834375 0.38181176470588235
47242 60 0.15275 0.6831058823529411 0.04740625 0.05336470588235294
47242 60 0.1953125 0.683470588235294 0.04475 0.05249411764705882
47242 60 0.11785937500000002 0.7255058823529411 0.046125 0.039482352941176475
47242 60 0.16023437499999998 0.7266588235294117 0.041749999999999995 0.03670588235294118
47242 60 0.6659375 0.664435294117647 0.03596875 0.025388235294117645
47242 60 0.730140625 0.6223176470588235 0.03325 0.05070588235294118
47242 60 0.33075 0.45001176470588233 0.04578125 0.058752941176470584
47242 60 0.37946093750000004 0.44935294117647057 0.037953125 0.04675294117647059
47242 60 0.5176328125 0.4399294117647059 0.039265625 0.050447058823529414
47242 60 0.50353125 0.655035294117647 0.03609375 0.04131764705882353
47242 60 0.8117656249999999 0.755764705882353 0.0414375 0.05223529411764706
47242 60 0.67009375 0.6246705882352942 0.043125000000000004 0.049341176470588236
47242 60 0.46953125 0.6023529411764705 0.8578125 0.6964705882352941
