11619 77 0.1968 0.9337087087087087 0.16612000000000002 0.12807807807807808
11619 3 0.71075 0.4924474474474475 0.06722 0.08651651651651651
11619 3 0.5373100000000001 0.483018018018018 0.1123 0.13018018018018018
11619 3 0.74836 0.4697447447447447 0.02492 0.0696996996996997
11619 62 0.24037 0.6442942942942943 0.47858 0.7114114114114114
11619 1 0.20525 0.5593393393393394 0.4105 0.8813213213213213
11619 1 0.77451 0.5337087087087087 0.4445 0.9011111111111111
11619 3 0.5 0.4966216216216216 1.0 0.9797897897897897
11619 8 0.5563199999999999 0.4026726726726727 0.13047999999999998 0.1436036036036036
11619 8 0.65747 0.4271171171171171 0.05314 0.06444444444444444
