20702 1 0.6952083333333333 0.47133593749999997 0.34900000000000003 0.185015625
20702 1 0.32259375 0.38382031250000004 0.6434375 0.303328125
20702 58 0.25514583333333335 0.8438203125000001 0.19349999999999998 0.182828125
20702 44 0.23530208333333333 0.6028203124999999 0.21960416666666666 0.275296875
20702 46 0.4071145833333334 0.152828125 0.03902083333333333 0.060312500000000005
20702 46 0.4400729166666667 0.15103125 0.04060416666666666 0.0685
20702 46 0.4794583333333334 0.19009375 0.11887500000000001 0.11590625000000002
20702 50 0.6711979166666667 0.4466875 0.0719375 0.03440625
20702 50 0.5537916666666667 0.5431015625 0.152375 0.093609375
20702 62 0.82246875 0.4539375 0.3445625 0.2516875
20702 62 0.8654583333333332 0.4099453125 0.26908333333333334 0.24729687500000003
20702 46 0.5004375 0.139453125 0.05495833333333333 0.0755625
20702 67 0.43636458333333333 0.7727265624999999 0.8727291666666667 0.412984375
20702 51 0.04015625 0.560890625 0.0803125 0.05646875
