39632 3 0.28814 0.5132133333333333 0.03792 0.04253333333333333
39632 3 0.30511999999999995 0.48624 0.03056 0.029386666666666665
39632 3 0.27785000000000004 0.47874666666666665 0.027579999999999997 0.03744
39632 10 0.13534000000000002 0.4658933333333334 0.04224 0.14448
39632 10 0.01678 0.4543466666666667 0.03356 0.12528
39632 10 0.04381 0.4494 0.012539999999999999 0.06050666666666667
39632 1 0.68848 0.63752 0.02528 0.13034666666666667
39632 1 0.7508400000000001 0.6824533333333334 0.038759999999999996 0.14831999999999998
39632 1 0.78855 0.6867733333333333 0.02554 0.12602666666666665
39632 1 0.80549 0.6364533333333333 0.0257 0.08085333333333333
39632 1 0.38792000000000004 0.5806666666666667 0.026760000000000003 0.09301333333333334
39632 1 0.40962 0.579 0.013519999999999999 0.09085333333333333
39632 1 0.609 0.6120133333333333 0.02856 0.10648
39632 1 0.6625899999999999 0.6497066666666667 0.0381 0.13578666666666667
39632 1 0.98804 0.6868533333333333 0.02392 0.1656
39632 3 0.17292000000000002 0.5771733333333333 0.06684 0.07472
39632 3 0.22973000000000002 0.45608 0.030420000000000003 0.04277333333333333
39632 3 0.21298999999999998 0.5247333333333334 0.0589 0.062373333333333336
39632 3 0.27029000000000003 0.44580000000000003 0.02462 0.028133333333333337
39632 10 0.60485 0.5134133333333334 0.04038 0.11594666666666666
39632 27 0.3887 0.56288 0.01348 0.03344
39632 31 0.6029800000000001 0.59904 0.01292 0.04512000000000001
39632 3 0.21242 0.7664666666666667 0.42484 0.46472
39632 3 0.29291999999999996 0.43748000000000004 0.022920000000000003 0.023013333333333337
39632 3 0.06192 0.49654666666666664 0.030440000000000002 0.03288
39632 64 0.89187 0.6147199999999999 0.0693 0.09189333333333334
39632 64 0.95463 0.6300266666666666 0.07673999999999999 0.10485333333333334
39632 27 0.40593 0.5623466666666667 0.0075 0.02666666666666667
39632 1 0.40038999999999997 0.52192 0.01222 0.040959999999999996
39632 1 0.64223 0.6284933333333333 0.02922 0.15864
