7621 21 0.6957578124999999 0.5668618266978923 0.391453125 0.5824355971896955
7621 21 0.16859375000000001 0.409672131147541 0.17075 0.380655737704918
7621 1 0.6724375 0.25954332552693204 0.08846875 0.267423887587822
7621 1 0.8435859375 0.24322014051522245 0.079484375 0.29098360655737704
7621 1 0.0421953125 0.38525761124121777 0.041109375 0.09880562060889929
7621 1 0.9853046875 0.29703747072599535 0.029390624999999997 0.19758782201405153
7621 1 0.9346875000000001 0.3402107728337236 0.01934375 0.08070257611241217
7621 1 0.9098203125000002 0.3441217798594848 0.011171875000000001 0.0663231850117096
7621 31 0.8630546875 0.19156908665105385 0.032671875 0.09878220140515222
7621 1 0.769953125 0.22282201405152227 0.07840625 0.19791569086651056
7621 1 0.87715625 0.32048009367681496 0.0095 0.042131147540983606
7621 1 0.8887500000000002 0.33230679156908666 0.013218750000000001 0.0602576112412178
7621 1 0.19868750000000002 0.3148594847775176 0.04265625 0.0788056206088993
7621 21 0.4178671875 0.4007494145199063 0.369640625 0.4208430913348946
