13944 3 0.0390234375 0.8563888888888889 0.019921875 0.02622222222222222
13944 3 0.09532812500000001 0.858375 0.023375 0.021916666666666664
13944 3 0.12067187500000001 0.8604583333333333 0.02275 0.01591666666666667
13944 3 0.1453671875 0.8638055555555556 0.022171875 0.01688888888888889
13944 3 0.174578125 0.866736111111111 0.017625 0.022361111111111113
13944 3 0.1975625 0.8630416666666666 0.02484375 0.022194444444444444
13944 1 0.42368749999999994 0.15958333333333335 0.041031250000000005 0.06722222222222222
13944 8 0.45875000000000005 0.8737916666666666 0.3740625 0.2524166666666667
13944 8 0.8359062500000001 0.9269583333333334 0.2388125 0.14608333333333334
13944 10 0.782578125 0.13194444444444445 0.05171875 0.1917222222222222
13944 10 0.558203125 0.17009722222222223 0.0473125 0.16697222222222222
