38465 3 0.6252500000000001 0.7701719901719901 0.31796875 0.3565110565110565
38465 3 0.20996874999999998 0.6789434889434889 0.12528125 0.15174447174447173
38465 3 0.2931796875 0.6732063882063882 0.090203125 0.11206388206388206
38465 10 0.63815625 0.4348280098280099 0.037593749999999995 0.10882063882063882
38465 10 0.7938203125000001 0.460061425061425 0.014359374999999999 0.0385995085995086
38465 10 0.7451171875 0.46976658476658484 0.017171875 0.021597051597051595
38465 3 0.087734375 0.7177764127764128 0.17525 0.2137837837837838
38465 10 0.5502890625 0.40168304668304666 0.032484374999999996 0.06867321867321867
38465 10 0.5544921875 0.47316953316953314 0.015546874999999998 0.04845208845208845
38465 10 0.6804296875 0.48394348894348893 0.010890625 0.02027027027027027
