31081 44 0.26675 0.2735981308411215 0.13674999999999998 0.0786448598130841
31081 62 0.10403906250000002 0.8346261682242991 0.059796875000000006 0.09869158878504673
31081 67 0.57553125 0.7490186915887851 0.8489375000000001 0.47766355140186917
31081 3 0.475171875 0.3307126168224299 0.078875 0.0683411214953271
31081 3 0.35684375 0.34386682242990657 0.19265625 0.17376168224299066
31081 1 0.5790390624999999 0.390035046728972 0.22107812500000001 0.376285046728972
31081 1 0.9410781250000001 0.46056074766355143 0.11784375 0.44644859813084115
31081 1 0.1931171875 0.5224766355140187 0.344140625 0.7258411214953272
31081 1 0.14351562499999998 0.5348364485981308 0.28703124999999996 0.925841121495327
31081 59 0.6326015625 0.638516355140187 0.331359375 0.1666588785046729
31081 27 0.8828671874999999 0.5710514018691589 0.181234375 0.1966355140186916
31081 31 0.8827421875000001 0.56303738317757 0.179140625 0.19261682242990655
31081 3 0.23374999999999999 0.347196261682243 0.0605625 0.06037383177570094
31081 59 0.27618750000000003 0.9244042056074766 0.07078124999999999 0.09175233644859813
31081 67 0.912484375 0.7683878504672897 0.17503125 0.30672897196261684
