39321 28 0.25320312500000003 0.4895537757437071 0.29253125 0.32455377574370714
39321 28 0.12467187500000002 0.4186270022883295 0.23690625 0.1065903890160183
39321 2 0.275375 0.8030778032036614 0.03959375 0.08281464530892448
39321 10 0.41303906250000005 0.35451945080091535 0.032171875 0.10839816933638444
39321 1 0.37510937499999997 0.743329519450801 0.05878124999999999 0.21617848970251716
39321 1 0.511453125 0.664187643020595 0.055343750000000004 0.12851258581235697
39321 1 0.0705859375 0.7322082379862701 0.101265625 0.2831350114416476
39321 1 0.32840625 0.6796796338672768 0.048843750000000005 0.15276887871853548
39321 31 0.8311953124999999 0.8094622425629291 0.120890625 0.26606407322654463
39321 1 0.012125 0.7552517162471395 0.02425 0.21462242562929063
39321 1 0.044656249999999995 0.6308695652173913 0.01759375 0.031212814645308926
39321 28 0.3649375 0.4983638443935927 0.10306249999999999 0.04469107551487415
39321 31 0.1411796875 0.7864759725400458 0.045296875 0.09048054919908467
39321 1 0.80815625 0.7804576659038902 0.160375 0.4382608695652174
39321 2 0.40739843750000004 0.7400686498855834 0.024984375 0.06324942791762014
39321 10 0.44476562500000005 0.48935926773455374 0.03728125 0.08013729977116706
39321 2 0.35510156249999997 0.7575972540045767 0.094828125 0.14324942791762013
