42481 1 0.44810937500000003 0.5934062499999999 0.14009375 0.5618958333333333
42481 1 0.6099375 0.5965104166666666 0.152125 0.5873958333333333
42481 1 0.6704921875000001 0.43808333333333327 0.11004687500000002 0.29720833333333335
42481 1 0.7761406249999999 0.6017187500000001 0.13403125 0.5846041666666667
42481 1 0.9079375000000001 0.5551770833333334 0.1199375 0.5765625
42481 1 0.855328125 0.5306770833333333 0.05487499999999999 0.4939791666666667
42481 31 0.5029375 0.6099479166666666 0.07175000000000001 0.15414583333333332
42481 47 0.5486249999999999 0.87965625 0.02275 0.052270833333333336
42481 47 0.5248046875 0.8774791666666667 0.024796875 0.05679166666666667
42481 1 0.4611171875 0.25203125 0.043984375 0.0698125
42481 1 0.508234375 0.29671875 0.0455 0.1129375
42481 1 0.0589921875 0.6123541666666666 0.117984375 0.6404583333333334
42481 1 0.026968750000000003 0.2777395833333333 0.053937500000000006 0.14489583333333333
42481 1 0.07172656250000001 0.26196875000000003 0.075390625 0.13922916666666665
42481 1 0.17876562499999998 0.5563229166666666 0.1618125 0.5283541666666667
42481 1 0.131078125 0.3181145833333333 0.0726875 0.16647916666666665
42481 1 0.49921875 0.46041666666666664 0.9984375 0.9208333333333333
