31368 44 0.14647540983606558 0.545359375 0.16325526932084308 0.31134375
31368 44 0.4818501170960187 0.529109375 0.29634660421545667 0.3083125
31368 1 0.7627166276346604 0.33108593750000004 0.4745667447306791 0.546078125
31368 1 0.6650351288056207 0.4932578125 0.6699297423887588 0.986515625
31368 48 0.437576112412178 0.6888906250000001 0.20676814988290398 0.063
31368 48 0.6239812646370023 0.3491171875 0.06519906323185011 0.062671875
31368 1 0.3789227166276347 0.292140625 0.5692271662763466 0.57528125
31368 47 0.06425058548009367 0.7687734374999999 0.12850117096018734 0.20835937499999999
31368 54 0.3886768149882903 0.7251640625 0.31435597189695547 0.10001562500000001
31368 1 0.09768149882903981 0.24120312499999996 0.19536299765807963 0.47865624999999995
31368 50 0.1609718969555035 0.5307968750000001 0.11749414519906323 0.14075
31368 47 0.29372365339578455 0.515859375 0.1325526932084309 0.12884374999999998
