8063 1 0.4824921875 0.4487616822429907 0.222921875 0.8076168224299066
8063 1 0.2293515625 0.5794976635514019 0.146890625 0.5081542056074767
8063 1 0.709109375 0.4827336448598131 0.09484375 0.45
8063 1 0.9029609375 0.4930957943925234 0.191296875 0.9819859813084113
8063 1 0.295046875 0.43084112149532705 0.0798125 0.28658878504672897
8063 1 0.6473984374999999 0.3746845794392524 0.043984375 0.15941588785046729
8063 1 0.0345625 0.3521144859813084 0.069125 0.23371495327102804
8063 27 0.4636171875 0.24269859813084113 0.193859375 0.26067757009345793
8063 33 0.1588984375 0.5867172897196262 0.055734375 0.07207943925233645
8063 33 0.0721328125 0.5629205607476636 0.144265625 0.19999999999999998
8063 33 0.6554296875 0.647873831775701 0.093203125 0.1882710280373832
8063 1 0.8249453125 0.5308644859813083 0.027234374999999998 0.0819626168224299
8063 1 0.7985234375 0.5207827102803738 0.030265625 0.04927570093457944
8063 1 0.7563906250000001 0.49171728971962614 0.062406249999999996 0.4210514018691589
8063 31 0.7142421875 0.4658177570093458 0.051359375 0.11228971962616822
8063 33 0.7708359375 0.6265186915887851 0.039140625 0.14457943925233646
8063 1 0.3715859375 0.48960280373831777 0.061171875 0.3191588785046729
8063 27 0.7226015625000001 0.8389602803738317 0.40298437500000006 0.32207943925233645
8063 27 0.7793671875 0.5575700934579438 0.031671875 0.06514018691588785
8063 31 0.2740078125 0.44214953271028035 0.040484375 0.0702803738317757
8063 1 0.5701171875 0.4523247663551402 0.118109375 0.6752102803738318
8063 1 0.674828125 0.35843457943925233 0.04690625 0.08831775700934578
8063 1 0.48671875 0.4766355140186916 0.8546875 0.3878504672897196
