37209 2 0.9769296875 0.3330399061032864 0.027421875000000002 0.068943661971831
37209 4 0.5541874999999999 0.6303286384976525 0.14209375 0.39774647887323944
37209 1 0.5452109375 0.4438262910798122 0.195953125 0.582018779342723
37209 1 0.9751796874999998 0.2708333333333333 0.045109375 0.16917840375586854
37209 8 0.8955234375000002 0.23935446009389671 0.114671875 0.19279342723004694
37209 3 0.11864843750000001 0.3609859154929578 0.213421875 0.2555868544600939
37209 3 0.391765625 0.30626760563380284 0.18059375 0.15694835680751174
37209 3 0.8392968749999999 0.28525821596244133 0.12803124999999999 0.14826291079812207
37209 3 0.47876562500000003 0.289424882629108 0.064375 0.1262206572769953
37209 3 0.014953125000000001 0.3629225352112676 0.0239375 0.2853755868544601
37209 3 0.7674921875 0.24896713615023475 0.065046875 0.09173708920187792
37209 3 0.638125 0.2574413145539906 0.0620625 0.08061032863849767
37209 3 0.6195078125 0.27400234741784035 0.061703125000000004 0.07349765258215962
37209 3 0.6762734375 0.2507394366197183 0.048640625 0.10007042253521127
37209 3 0.7100546875 0.25008215962441316 0.048421874999999996 0.08312206572769952
