18090 3 0.44977343749999993 0.48609154929577464 0.027796875 0.029553990610328637
18090 11 0.6029921875 0.5202112676056339 0.013453125 0.03690140845070423
18090 1 0.836890625 0.36853286384976525 0.222875 0.5438262910798122
18090 1 0.575015625 0.6053990610328638 0.11674999999999999 0.1987793427230047
18090 1 0.26882031250000005 0.4615023474178404 0.044296875 0.1535211267605634
18090 41 0.880078125 0.5922300469483568 0.10012499999999999 0.12295774647887324
18090 41 0.27196093749999994 0.533169014084507 0.020359375 0.02568075117370892
18090 41 0.4120234375 0.746737089201878 0.037203125 0.027230046948356807
18090 41 0.3223828125 0.6744014084507042 0.026078125 0.019178403755868545
18090 1 0.3123984375 0.5854107981220658 0.068140625 0.17964788732394366
18090 1 0.3982109375 0.6142253521126761 0.075609375 0.2620657276995305
