31382 48 0.9430156249999999 0.8668384074941452 0.11396875 0.2621545667447307
31382 51 0.6536875 0.19662763466042157 0.47078125000000004 0.3572833723653396
31382 51 0.23314062499999996 0.2865222482435597 0.3793125 0.33932084309133487
31382 49 0.269015625 0.9262646370023419 0.059375 0.14747072599531616
31382 50 0.185609375 0.13478922716627634 0.193625 0.20302107728337235
31382 51 0.048617187500000006 0.617599531615925 0.09423437500000001 0.35651053864168614
31382 62 0.18692187500000002 0.07392271662763467 0.30915625 0.14784543325526933
31382 67 0.5008281250000001 0.5961007025761124 0.99471875 0.7818032786885245
31382 50 0.4467734375 0.08286885245901639 0.076015625 0.15318501170960186
31382 51 0.49760156250000004 0.6110889929742389 0.557328125 0.6239578454332553
