34837 62 0.4143203125 0.4805985915492958 0.049515625 0.12420187793427229
34837 62 0.43895312499999994 0.42252347417840375 0.02371875 0.09392018779342723
34837 62 0.42621875 0.4490140845070423 0.02878125 0.09098591549295774
34837 62 0.27098437499999994 0.4215962441314554 0.02553125 0.11234741784037558
34837 62 0.9511484375 0.8715492957746478 0.097703125 0.2556807511737089
34837 62 0.283109375 0.5975704225352113 0.10521875 0.30199530516431927
34837 67 0.5646640625 0.7083920187793427 0.7912656250000001 0.5832159624413146
34837 47 0.5433984375 0.5790610328638498 0.041140625 0.07661971830985916
34837 47 0.517671875 0.5465140845070422 0.03340625 0.07485915492957747
34837 47 0.5300859375 0.4784507042253521 0.020796875 0.04685446009389672
34837 1 0.803984375 0.5456924882629107 0.38740625 0.6561737089201878
34837 1 0.716484375 0.37940140845070425 0.19146875000000002 0.2606807511737089
34837 1 0.49655468750000004 0.4005985915492958 0.122265625 0.2414319248826291
34837 1 0.3564453125 0.44504694835680747 0.14460937499999998 0.4437558685446009
34837 1 0.3849296875 0.2982863849765258 0.140265625 0.27431924882629105
34837 1 0.4283046875 0.3660446009389671 0.030921874999999998 0.0826056338028169
34837 1 0.254546875 0.38204225352112675 0.02496875 0.1047887323943662
34837 1 0.18473437499999998 0.6292136150234741 0.36646875 0.7190845070422535
34837 1 0.203046875 0.3350117370892019 0.0511875 0.1801173708920188
34837 47 0.6397187499999999 0.7342840375586854 0.0538125 0.02795774647887324
34837 47 0.182640625 0.49855633802816907 0.1018125 0.11072769953051644
34837 47 0.41921093750000005 0.5987206572769953 0.044765624999999996 0.08213615023474179
34837 47 0.6063515625 0.4891079812206573 0.014921875000000001 0.027981220657276994
34837 59 0.4136484375 0.7160328638497653 0.077328125 0.06647887323943662
34837 62 0.7012109375000001 0.44772300469483567 0.024921875 0.0315962441314554
34837 62 0.2943203125 0.39625586854460093 0.027890625000000002 0.06354460093896713
34837 1 0.26432031250000004 0.3166431924882629 0.047421875 0.09680751173708921
34837 47 0.5376328125 0.5172300469483568 0.039546874999999995 0.04967136150234742
34837 47 0.5807734375000001 0.47677230046948355 0.056359375 0.10992957746478872
34837 62 0.171265625 0.4167488262910798 0.042562499999999996 0.08523474178403756
34837 62 0.5777187500000001 0.41808685446009386 0.01509375 0.03509389671361502
34837 1 0.55409375 0.39625586854460093 0.0418125 0.07068075117370892
34837 47 0.6404140624999999 0.6805633802816902 0.052609375 0.13910798122065726
34837 62 0.1935078125 0.43973004694835677 0.041234375000000004 0.09434272300469483
34837 47 0.6716875 0.5979460093896715 0.11265624999999999 0.23997652582159626
34837 62 0.6421875 0.4295774647887324 0.046875 0.03755868544600939
