17869 1 0.3631796875 0.53153125 0.135140625 0.5247708333333333
17869 1 0.616890625 0.4091979166666667 0.0685 0.051770833333333335
17869 1 0.4303203125 0.23592708333333334 0.017484375 0.060812500000000005
17869 1 0.44545312499999995 0.24126041666666667 0.020499999999999997 0.052187500000000005
17869 1 0.9901484374999999 0.4021770833333333 0.019703125 0.0513125
17869 1 0.4673828125 0.24066666666666667 0.024328125 0.03716666666666667
17869 1 0.638328125 0.4029375 0.0409375 0.05945833333333333
17869 1 0.43828125 0.43757291666666664 0.06009375 0.06989583333333332
17869 34 0.413484375 0.276375 0.0546875 0.03679166666666667
17869 1 0.5598203125 0.41618750000000004 0.043234375000000005 0.034375
17869 1 0.21359374999999997 0.20932291666666666 0.02315625 0.06310416666666667
