30681 1 0.5460703125 0.5595520833333334 0.158421875 0.2876458333333333
30681 1 0.5 0.5308333333333333 0.25321875 0.26579166666666665
30681 1 0.4078984375 0.37015625 0.030015625 0.10735416666666667
30681 1 0.3707890625 0.3744375 0.032109375 0.12616666666666668
30681 1 0.3415546875 0.37638541666666664 0.027859375 0.11677083333333332
30681 1 0.295546875 0.37907291666666665 0.03525 0.11710416666666666
30681 15 0.581 0.6255624999999999 0.1765625 0.26458333333333334
30681 1 0.902765625 0.30140625000000004 0.00940625 0.04772916666666667
30681 1 0.884 0.31303125 0.010624999999999999 0.029395833333333333
30681 1 0.8767187499999999 0.3055208333333333 0.01815625 0.03820833333333333
30681 16 0.9083125000000001 0.3850208333333333 0.01353125 0.01375
30681 16 0.9306171875 0.3897291666666666 0.014296875 0.012
30681 31 0.5761875 0.5897083333333334 0.07878125 0.057666666666666665
30681 16 0.9775390625 0.3698125 0.005640625 0.0053750000000000004
30681 16 0.973828125 0.3606770833333333 0.01115625 0.010020833333333333
30681 16 0.8670078125 0.3765625 0.013796875 0.010208333333333335
30681 16 0.8501562499999998 0.36976041666666665 0.0138125 0.008479166666666668
30681 16 0.8467734374999999 0.35891666666666666 0.011890625 0.0055000000000000005
30681 15 0.43655468750000004 0.36407291666666663 0.019484375 0.030312500000000003
30681 27 0.33390625 0.35313541666666665 0.0063125 0.0336875
30681 31 0.4047890625 0.36524999999999996 0.008984375 0.015625
30681 31 0.28624218749999997 0.36790625 0.013578125 0.0474375
30681 1 0.734765625 0.30909375 0.00975 0.020854166666666667
