12700 64 0.1314453125 0.38725 0.140390625 0.14329166666666668
12700 64 0.06311718749999999 0.45421874999999995 0.05682812499999999 0.11777083333333334
12700 64 0.1285234375 0.44063541666666667 0.035296875 0.049104166666666664
12700 62 0.7169375 0.7322500000000001 0.26934375 0.44945833333333335
12700 62 0.580328125 0.4846770833333333 0.17384375000000002 0.1843125
12700 62 0.348625 0.474375 0.18071874999999998 0.1735833333333333
12700 63 0.34017187499999996 0.7683541666666667 0.6770937499999999 0.43629166666666663
12700 63 0.9469296875000002 0.8936145833333333 0.10614062500000002 0.2054375
12700 1 0.24353906250000001 0.48876041666666664 0.129765625 0.21797916666666667
12700 44 0.9066015624999999 0.39238541666666665 0.024765625 0.0769375
12700 44 0.722078125 0.25040625 0.00953125 0.060812500000000005
12700 44 0.881625 0.39460416666666664 0.03496875 0.07691666666666667
