30349 1 0.5225546875 0.6469291338582678 0.049171875 0.1426246719160105
30349 1 0.17593750000000002 0.7075721784776903 0.05028125 0.17346456692913387
30349 1 0.29510156249999997 0.7851312335958005 0.048953125 0.19272965879265094
30349 1 0.38290625 0.6735695538057742 0.040531250000000005 0.1610498687664042
30349 42 0.4510078125 0.7651574803149607 0.11460937499999999 0.034356955380577425
30349 42 0.3326640625 0.8849737532808399 0.265578125 0.0736745406824147
30349 42 0.5905390625 0.7276902887139107 0.086796875 0.030603674540682416
30349 1 0.72871875 0.5991338582677166 0.018062500000000002 0.04325459317585302
30349 1 0.8835078125000001 0.6384251968503937 0.033953125 0.04640419947506562
30349 1 0.9410859374999999 0.518490813648294 0.010703124999999999 0.015564304461942256
30349 1 0.77078125 0.49397637795275584 0.0062812499999999995 0.014829396325459319
