4700 37 0.44914062499999996 0.6567798594847775 0.06296874999999999 0.09669789227166276
4700 3 0.0339921875 0.10312646370023418 0.065296875 0.06236533957845433
4700 3 0.1442265625 0.11649882903981264 0.075546875 0.055011709601873536
4700 1 0.8373593749999999 0.43594847775175644 0.1424375 0.6022482435597191
4700 1 0.5206484375 0.3879391100702576 0.095015625 0.4610304449648712
4700 1 0.39656250000000004 0.3483138173302108 0.1544375 0.4179859484777517
4700 1 0.47081249999999997 0.23010538641686182 0.057437499999999996 0.1143559718969555
4700 1 0.583984375 0.4394145199063232 0.19465625 0.5764871194379391
4700 1 0.6432734375 0.26229508196721313 0.038359375 0.15985948477751757
4700 1 0.7801875 0.3005737704918033 0.07681249999999999 0.32859484777517567
4700 1 0.9083593750000001 0.4226112412177986 0.1085625 0.4526697892271663
4700 3 0.08378125 0.11499999999999999 0.0450625 0.04358313817330211
4700 1 0.9274140624999999 0.2338056206088993 0.031328125 0.1017096018735363
4700 1 0.621453125 0.3134777517564403 0.06146875 0.25843091334894613
4700 1 0.6165546875000001 0.14576112412177986 0.034671875000000005 0.10819672131147541
4700 1 0.7421484374999999 0.22471896955503512 0.026984374999999998 0.10334894613583138
4700 3 0.5923046875000001 0.12237704918032788 0.033140625 0.05744730679156909
4700 3 0.5112109375 0.1234192037470726 0.11095312500000001 0.06988290398126464
4700 3 0.39464062499999997 0.12224824355971896 0.083375 0.061451990632318494
4700 3 0.31908593749999997 0.08786885245901638 0.093609375 0.03686182669789227
4700 3 0.43140625000000005 0.1349063231850117 0.04390625 0.03843091334894613
4700 3 0.9611640625 0.172248243559719 0.077671875 0.039999999999999994
4700 3 0.2225625 0.12010538641686182 0.027687499999999997 0.0494847775175644
4700 3 0.25186718750000003 0.11454332552693208 0.045953125 0.052552693208430916
4700 1 0.9714765625 0.24870023419203746 0.025203125 0.1255503512880562
4700 1 0.66875 0.21428571428571427 0.659375 0.20374707259953162
4700 3 0.18828125 0.11241217798594848 0.0203125 0.04215456674473068
