41459 1 0.43686847599164924 0.584265625 0.5734864300626304 0.8045
41459 1 0.9718371607515658 0.4138984375 0.056325678496868474 0.376671875
41459 1 0.6049582463465553 0.25901562499999997 0.09446764091858037 0.13721875
41459 3 0.11005219206680586 0.26237499999999997 0.12356993736951982 0.039375
41459 3 0.7616179540709812 0.2097265625 0.036346555323590816 0.019578125
41459 3 0.8453235908141962 0.20461718750000002 0.04496868475991649 0.015703125000000002
41459 3 0.9150313152400835 0.20140625 0.050396659707724424 0.01509375
41459 3 0.9673277661795406 0.2004296875 0.04964509394572025 0.012421875
41459 27 0.5852192066805846 0.224015625 0.0592901878914405 0.03203125
41459 31 0.8049686847599165 0.36734374999999997 0.06572025052192067 0.060281249999999995
41459 1 0.7272129436325679 0.33629687500000005 0.14995824634655533 0.26471875
41459 2 0.7524321503131525 0.38908593750000003 0.17876826722338204 0.152703125
41459 2 0.48650313152400837 0.7297265625 0.9442379958246347 0.540546875
41459 2 0.5939039665970773 0.2936875 0.157160751565762 0.07671875
41459 3 0.5054488517745303 0.23151562500000003 0.09565762004175365 0.033875
41459 3 0.6522233820459291 0.221296875 0.05680584551148225 0.033875
41459 3 0.7413987473903967 0.212109375 0.02643006263048017 0.012750000000000001
41459 3 0.8051252609603341 0.20604687500000002 0.04244258872651357 0.01528125
41459 10 0.35717118997912317 0.15548437499999998 0.029123173277661795 0.02590625
