22799 1 0.7771640625 0.4403671875 0.22748437500000002 0.43051562499999996
22799 1 0.24123437499999997 0.0826796875 0.08499999999999999 0.163828125
22799 1 0.042812499999999996 0.06902343749999999 0.07578125 0.13804687499999999
22799 1 0.896625 0.033859375000000004 0.0494375 0.0494375
22799 43 0.45813281250000004 0.519203125 0.22373437499999999 0.10162500000000001
22799 1 0.0967890625 0.06704687499999999 0.053796875 0.13409374999999998
22799 1 0.7728437499999999 0.0328046875 0.0495 0.058203125
22799 1 0.9458515625 0.056546874999999996 0.027015624999999998 0.11059375
22799 1 0.96659375 0.029343750000000002 0.0429375 0.056843750000000005
22799 1 0.5867734375 0.05585156249999999 0.071671875 0.111453125
22799 1 0.62740625 0.619796875 0.40978125 0.65475
