14244 2 0.9120390625000001 0.5996041666666667 0.07660937500000001 0.12366666666666666
14244 3 0.2022265625 0.6266354166666667 0.043015625 0.08114583333333333
14244 11 0.467375 0.80821875 0.20996874999999998 0.38356250000000003
14244 41 0.5852578125 0.5241354166666666 0.20960937500000001 0.12027083333333333
14244 1 0.49662500000000004 0.25225000000000003 0.375 0.50225
14244 1 0.1674921875 0.6060833333333334 0.05582812499999999 0.250625
14244 1 0.1160703125 0.5997395833333333 0.047828125 0.22610416666666666
14244 1 0.9850546875000001 0.57959375 0.029890624999999997 0.1231875
14244 1 0.23904687500000002 0.5947291666666666 0.045 0.18304166666666666
14244 1 0.9100078125000002 0.5496562500000001 0.073296875 0.1515625
14244 1 0.9453906249999999 0.5388125 0.021281249999999998 0.06654166666666667
14244 1 0.32378125 0.5966354166666666 0.03240625 0.1548125
14244 1 0.046406249999999996 0.5907916666666666 0.0636875 0.2517916666666667
14244 2 0.046132812499999995 0.6527083333333333 0.085484375 0.097625
14244 31 0.8692187500000002 0.5476041666666667 0.026375 0.057041666666666664
14244 1 0.8723828124999999 0.56053125 0.033328125 0.12397916666666667
14244 31 0.1051015625 0.6108020833333333 0.023265625 0.028354166666666666
14244 1 0.9645390624999999 0.5658229166666666 0.022453124999999997 0.12443749999999999
