47407 3 0.6054609375 0.6404583333333332 0.6841406250000001 0.5738749999999999
47407 3 0.14249218749999998 0.5519791666666667 0.28317187499999996 0.15062499999999998
47407 3 0.9483125000000001 0.47415625 0.103375 0.21122916666666666
47407 3 0.4197890624999999 0.4720833333333333 0.24110937500000001 0.16941666666666666
47407 4 0.1323046875 0.8224791666666668 0.264609375 0.3325833333333333
47407 1 0.255046875 0.46884375000000006 0.026187500000000002 0.0613125
47407 1 0.228484375 0.4658333333333333 0.02084375 0.05875
47407 14 0.4191640625 0.6168020833333333 0.078015625 0.2226875
47407 8 0.9703750000000001 0.33210416666666664 0.059250000000000004 0.09391666666666666
47407 1 0.08565625 0.5049791666666666 0.0324375 0.06579166666666666
47407 3 0.915390625 0.37340625000000005 0.05675 0.03539583333333333
