5688 1 0.25647656249999995 0.9073854166666667 0.20373437499999997 0.07785416666666665
5688 1 0.7244375000000001 0.7336979166666667 0.137625 0.0914375
5688 1 0.36136718749999996 0.7478541666666667 0.050921875000000005 0.13325
5688 1 0.486609375 0.6586041666666667 0.025437500000000002 0.114875
5688 1 0.5114453125 0.6554166666666668 0.024609375 0.096625
5688 1 0.9835156249999999 0.6122500000000001 0.032968750000000005 0.04441666666666667
5688 1 0.5659375 0.6773854166666666 0.057625 0.027687499999999997
5688 1 0.7867109375 0.6363541666666667 0.053234375 0.017041666666666667
5688 28 0.25028125 0.6468125 0.49043749999999997 0.5707916666666667
5688 28 0.1828671875 0.13947916666666668 0.362359375 0.26516666666666666
5688 28 0.27742187500000004 0.5675729166666666 0.30753125 0.07131249999999999
5688 28 0.07320312500000001 0.6097187500000001 0.09584375 0.04710416666666666
5688 1 0.023304687499999997 0.950625 0.045765625 0.09874999999999999
5688 1 0.012484375 0.7870520833333333 0.0241875 0.1135625
5688 1 0.18733593750000002 0.6966354166666666 0.016234375000000002 0.039562499999999994
5688 1 0.3973203125 0.7225104166666667 0.032703125 0.03164583333333333
5688 62 0.3606796875 0.9391145833333334 0.066203125 0.12177083333333334
5688 1 0.2166015625 0.66625 0.012453124999999999 0.042333333333333334
5688 28 0.514515625 0.5854166666666667 0.066125 0.033666666666666664
5688 28 0.663859375 0.5293229166666666 0.15209375 0.04952083333333333
5688 28 0.793828125 0.6129791666666667 0.21234375 0.3688333333333333
5688 28 0.8280625 0.6029791666666667 0.11571875000000001 0.1735833333333333
5688 28 0.9331171875 0.4285729166666667 0.132453125 0.16622916666666668
5688 28 0.5618515625 0.6280520833333334 0.082578125 0.16560416666666666
5688 28 0.11598437499999999 0.6293854166666666 0.10740625 0.04697916666666667
5688 28 0.1865625 0.6201770833333333 0.07228124999999999 0.040937499999999995
5688 28 0.23276562500000003 0.6226354166666667 0.052000000000000005 0.0320625
5688 1 0.52578125 0.6666666666666666 0.8390625 0.225
5688 28 0.48828125 0.5583333333333333 0.9765625 0.14583333333333334
