32664 15 0.5011328125 0.6992083333333333 0.907453125 0.5507916666666667
32664 1 0.9230859375 0.11834375 0.024015625 0.0654375
32664 1 0.7514453125 0.09080208333333334 0.019453124999999998 0.0204375
32664 1 0.7957109375 0.08498958333333334 0.017796875 0.030229166666666665
32664 1 0.6681015625 0.11055208333333333 0.011765625 0.05577083333333333
32664 1 0.0893046875 0.19215625 0.028890624999999996 0.05377083333333333
32664 1 0.1796640625 0.18420833333333334 0.018859375 0.054625
32664 1 0.45746093749999994 0.17791666666666664 0.012390624999999999 0.04070833333333333
32664 1 0.9061328125000001 0.11778125 0.024078125 0.07014583333333334
32664 2 0.973609375 0.13932291666666666 0.0521875 0.04272916666666667
32664 1 0.6764140625 0.09169791666666667 0.006828125 0.018479166666666665
32664 1 0.2429609375 0.0810625 0.012234375 0.016291666666666666
32664 1 0.42172656249999996 0.18073958333333334 0.008296874999999999 0.025895833333333333
32664 1 0.21709375 0.17894791666666668 0.01825 0.057520833333333334
32664 1 0.350046875 0.17713541666666668 0.0116875 0.0568125
32664 1 0.296875 0.18229166666666666 0.228125 0.07708333333333334
