4592 37 0.07841406249999999 0.21194575471698113 0.022421875 0.021816037735849055
4592 43 0.395171875 0.13807783018867925 0.07646875 0.15257075471698112
4592 1 0.5557421874999999 0.4931485849056603 0.268640625 0.645259433962264
4592 1 0.12885156250000002 0.6108136792452831 0.06035937500000001 0.11596698113207547
4592 1 0.378125 0.565377358490566 0.04925 0.0675
4592 1 0.3373125 0.41895047169811317 0.03678125 0.06596698113207547
4592 1 0.39495312499999996 0.3660495283018868 0.029125 0.05615566037735849
4592 1 0.9813046875 0.26402122641509435 0.030046875 0.07049528301886793
4592 1 0.6745 0.4890212264150943 0.03421875 0.07610849056603775
4592 1 0.6972421874999999 0.5131721698113207 0.049484375000000004 0.08757075471698114
4592 1 0.8604921875 0.3993867924528302 0.046921875 0.07924528301886793
4592 1 0.6147578125 0.5081485849056604 0.047453125 0.08007075471698114
4592 32 0.3009921875 0.3609669811320754 0.006515625 0.03188679245283019
4592 62 0.91425 0.23295990566037736 0.0295 0.02554245283018868
4592 62 0.9419218749999999 0.23391509433962263 0.0313125 0.028537735849056604
4592 62 0.9268515624999999 0.20962264150943394 0.029828125 0.03099056603773585
4592 62 0.6659375000000001 0.3623466981132075 0.03096875 0.059740566037735844
4592 62 0.9076562499999999 0.4843278301886792 0.02375 0.05525943396226415
4592 62 0.7180390624999999 0.30244103773584907 0.024859375 0.05101415094339622
4592 62 0.6417343750000001 0.37998820754716983 0.03721875 0.04313679245283018
4592 62 0.14856250000000001 0.31615566037735854 0.02703125 0.03575471698113208
4592 62 0.1702265625 0.593125 0.018453125 0.05827830188679246
4592 62 0.95559375 0.1807193396226415 0.0056875 0.019080188679245283
4592 62 0.9253281250000001 0.274811320754717 0.01875 0.031226415094339623
4592 1 0.413578125 0.5052476415094339 0.04446875 0.08054245283018868
4592 62 0.6175625 0.38511792452830196 0.028687499999999998 0.018820754716981133
4592 1 0.29571875000000003 0.43408018867924525 0.025468750000000002 0.05014150943396227
4592 62 0.912296875 0.34275943396226416 0.0306875 0.027122641509433963
4592 62 0.47890625 0.44221698113207547 0.9265625 0.7570754716981132
4592 1 0.5 0.32193396226415094 0.996875 0.6438679245283019
