2742 1 0.090171875 0.2026770833333333 0.17021875 0.37977083333333334
2742 1 0.8547734375000001 0.46629166666666666 0.290453125 0.9235833333333333
2742 59 0.36741406249999997 0.3651666666666667 0.219109375 0.12808333333333333
2742 59 0.6353984375 0.5435833333333334 0.23767187500000003 0.10270833333333333
2742 59 0.717359375 0.74353125 0.45353125 0.3388125
2742 59 0.473828125 0.4105833333333333 0.09353125 0.049416666666666664
2742 51 0.09921875 0.48418750000000005 0.1950625 0.18833333333333335
2742 59 0.4625078125 0.45430208333333333 0.124015625 0.04102083333333333
2742 67 0.3109609375 0.7337083333333333 0.6151718749999999 0.510125
2742 79 0.2791484375 0.22522916666666667 0.188328125 0.11883333333333333
