47981 37 0.50609375 0.5660981308411215 0.04425 0.06294392523364487
47981 37 0.5417734375000001 0.9723014018691589 0.129046875 0.05539719626168225
47981 1 0.5541796875 0.36415887850467293 0.05795312500000001 0.18822429906542057
47981 1 0.3483203125 0.35852803738317757 0.236765625 0.490607476635514
47981 1 0.83865625 0.34733644859813084 0.038125 0.11102803738317758
47981 1 0.889671875 0.34463785046728973 0.03740625 0.1300233644859813
47981 1 0.0708125 0.41000000000000003 0.03746875 0.10495327102803739
47981 1 0.5009140624999999 0.37330607476635513 0.037671875 0.08717289719626169
47981 1 0.1375859375 0.4044859813084112 0.032296875 0.08752336448598132
47981 1 0.304046875 0.38045560747663554 0.016468749999999997 0.06684579439252336
47981 1 0.0243125 0.3960630841121495 0.0238125 0.1333411214953271
47981 1 0.11628125 0.4069275700934579 0.035875000000000004 0.09492990654205608
47981 1 0.0447265625 0.41877336448598135 0.027390625000000002 0.08553738317757009
47981 3 0.632796875 0.09584112149532711 0.024781249999999998 0.016682242990654204
47981 15 0.6056640625 0.379964953271028 0.047234375 0.021425233644859813
47981 1 0.09225 0.41543224299065423 0.03640625 0.07936915887850467
