5587 54 0.7349264705882352 0.6289705882352942 0.1543954248366013 0.11045751633986928
5587 54 0.5950735294117647 0.35776143790849674 0.2533169934640523 0.09434640522875817
5587 54 0.4837009803921568 0.6874264705882354 0.16197712418300653 0.15619281045751635
5587 54 0.6109967320261438 0.6371568627450981 0.1573202614379085 0.11480392156862745
5587 54 0.7432679738562091 0.7264624183006536 0.10986928104575162 0.13452614379084968
5587 54 0.7970915032679738 0.7048774509803921 0.2689869281045752 0.13694444444444445
5587 54 0.8979493464052287 0.6404493464052288 0.20410130718954247 0.11240196078431373
5587 54 0.7001225490196079 0.3255555555555556 0.13583333333333333 0.08862745098039217
5587 62 0.1470343137254902 0.5789460784313726 0.2805718954248366 0.3997222222222222
5587 67 0.24637254901960784 0.5536601307189543 0.20356209150326798 0.25094771241830066
5587 47 0.2523366013071895 0.42001633986928105 0.038137254901960786 0.03650326797385621
5587 47 0.1929575163398693 0.4196895424836602 0.022189542483660132 0.04101307189542484
5587 51 0.34494281045751635 0.9082598039215687 0.15580065359477124 0.08959150326797385
5587 51 0.6804901960784313 0.9170424836601307 0.6390196078431373 0.16591503267973856
5587 31 0.10674836601307189 0.7768382352941177 0.20898692810457517 0.2606699346405229
5587 1 0.809763071895425 0.24980392156862744 0.07364379084967321 0.13183006535947714
5587 1 0.7525653594771242 0.26678104575163397 0.048039215686274506 0.10104575163398694
5587 1 0.07973039215686274 0.4044771241830065 0.15946078431372548 0.3750980392156863
5587 1 0.8388235294117647 0.29058823529411765 0.1011764705882353 0.10588235294117647
5587 1 0.27336601307189545 0.32396241830065364 0.029771241830065357 0.0332843137254902
5587 1 0.4526062091503268 0.40649509803921563 0.1744281045751634 0.38263071895424833
5587 1 0.3856454248366013 0.3082352941176471 0.027826797385620917 0.05522875816993464
5587 1 0.53109477124183 0.2919199346405229 0.04637254901960784 0.08668300653594771
5587 1 0.40469771241830066 0.33531045751633987 0.03348039215686274 0.06104575163398693
5587 1 0.25502450980392155 0.3190441176470588 0.014297385620915032 0.02919934640522876
5587 44 0.21508169934640523 0.3615849673202614 0.01709150326797386 0.05352941176470588
5587 62 0.16899509803921567 0.44268790849673206 0.044526143790849675 0.10583333333333332
5587 62 0.20699346405228758 0.36198529411764707 0.06294117647058824 0.06413398692810457
5587 1 0.20750816993464052 0.32183823529411765 0.02468954248366013 0.027663398692810457
5587 1 0.3707107843137255 0.32124183006535945 0.018447712418300653 0.04084967320261438
5587 51 0.6504983660130719 0.3778921568627451 0.6990032679738563 0.21509803921568627
5587 61 0.6270016339869281 0.7351388888888889 0.13119281045751635 0.1090032679738562
5587 61 0.7831127450980392 0.3506454248366013 0.1116830065359477 0.08312091503267974
5587 61 0.7454575163398693 0.7051960784313726 0.12986928104575163 0.15323529411764705
5587 62 0.4988480392156863 0.5567565359477123 0.2736764705882353 0.15978758169934643
5587 62 0.15334150326797386 0.6584558823529412 0.3066830065359477 0.35377450980392156
5587 62 0.2716013071895425 0.3621813725490196 0.050424836601307185 0.0625
5587 62 0.7736356209150327 0.5379330065359478 0.17504901960784314 0.1263562091503268
5587 62 0.30392156862745096 0.3450490196078432 0.013496732026143791 0.040326797385620915
5587 67 0.2974019607843137 0.9025980392156863 0.485718954248366 0.1688235294117647
5587 67 0.38088235294117645 0.34326797385620916 0.0376797385620915 0.016437908496732028
5587 1 0.3024673202614379 0.31669934640522873 0.010588235294117648 0.0180718954248366
5587 44 0.2882516339869281 0.3965686274509804 0.02261437908496732 0.04562091503267974
5587 51 0.2103921568627451 0.9532434640522875 0.16624183006535947 0.06753267973856208
5587 54 0.7961683006535948 0.35758986928104575 0.15344771241830066 0.0748529411764706
5587 67 0.25455065359477125 0.3474673202614379 0.02606209150326797 0.008986928104575163
5587 1 0.4869281045751634 0.2834967320261438 0.7973856209150327 0.08986928104575163
