43560 1 0.726046875 0.1956088992974239 0.54790625 0.3912177985948478
43560 1 0.0489609375 0.17185011709601872 0.097921875 0.34370023419203743
43560 47 0.7833593750000001 0.40646370023419204 0.18525 0.26117096018735364
43560 47 0.13568750000000002 0.26254098360655737 0.17540625 0.15730679156908667
43560 50 0.8677343749999998 0.17567915690866512 0.11109374999999999 0.2004449648711944
43560 47 0.757921875 0.3032318501170961 0.17350000000000002 0.14908665105386415
43560 48 0.1439296875 0.5359601873536299 0.284859375 0.06517564402810304
43560 50 0.8730703125 0.26844262295081966 0.073859375 0.15032786885245902
43560 53 0.24572656249999997 0.3472014051522248 0.098578125 0.10278688524590164
43560 67 0.5007499999999999 0.8195433255269321 0.9984999999999999 0.3235831381733021
43560 53 0.1498984375 0.372728337236534 0.296328125 0.1480327868852459
43560 1 0.168515625 0.1686065573770492 0.17953125 0.33014051522248244
