17272 28 0.2489921875 0.18434272300469484 0.49210937499999996 0.36629107981220654
17272 62 0.718125 0.8576173708920187 0.30790625 0.2647183098591549
17272 62 0.4240390625 0.8514906103286385 0.205265625 0.297018779342723
17272 1 0.2066328125 0.7536854460093898 0.029953125000000004 0.06323943661971831
17272 1 0.250734375 0.7525352112676056 0.01121875 0.05577464788732395
17272 1 0.2691171875 0.7389671361502348 0.048203125 0.0844600938967136
17272 1 0.30378906250000004 0.7408802816901409 0.033109375 0.06072769953051643
17272 1 0.4399140624999999 0.6690727699530515 0.042453125 0.09772300469483569
17272 1 0.544453125 0.6987793427230047 0.0348125 0.11112676056338029
17272 28 0.8530156249999999 0.3344483568075118 0.20987499999999998 0.6261267605633803
17272 28 0.648421875 0.5771478873239437 0.222875 0.34157276995305164
17272 28 0.3917734375 0.5697065727699531 0.310453125 0.2963615023474178
17272 28 0.49028124999999995 0.5881103286384977 0.1291875 0.06687793427230046
17272 28 0.6492421875 0.6456455399061033 0.21551562500000002 0.2161737089201878
17272 28 0.0645078125 0.6269366197183098 0.055140625 0.3673943661971831
17272 28 0.0328359375 0.6764436619718309 0.060546875 0.2142018779342723
17272 28 0.15596875 0.7052699530516432 0.04778125 0.14697183098591549
17272 28 0.26058593750000003 0.6610446009389672 0.191453125 0.24002347417840375
17272 28 0.6148203125 0.6750586854460093 0.052671875 0.10504694835680752
17272 28 0.76721875 0.6325352112676057 0.16703125000000002 0.057136150234741785
17272 62 0.7196562500000001 0.7304342723004694 0.08215625 0.03997652582159625
17272 62 0.23053906250000003 0.8877347417840376 0.312828125 0.2245305164319249
17272 62 0.252703125 0.80518779342723 0.13365625 0.06610328638497652
17272 62 0.9067265624999999 0.7293427230046948 0.125796875 0.04647887323943662
17272 62 0.5120078125 0.822018779342723 0.060140625 0.13924882629107982
17272 62 0.5930781250000001 0.864037558685446 0.10321875 0.23145539906103285
17272 62 0.05880468750000001 0.8818544600938968 0.11664062500000001 0.2347417840375587
17272 1 0.23332812499999997 0.7680868544600938 0.013593749999999998 0.02664319248826291
17272 62 0.9043750000000002 0.863474178403756 0.19125 0.27305164319248826
17272 62 0.11778906250000001 0.8201408450704225 0.057140625 0.061643192488262916
17272 62 0.6261875 0.7296361502347417 0.0804375 0.042511737089201876
17272 28 0.9613593750000001 0.4672535211267606 0.07681249999999999 0.13741784037558685
17272 28 0.5 0.647887323943662 0.996875 0.431924882629108
