4903 2 0.1471796875 0.8044262295081968 0.294359375 0.3283372365339578
4903 2 0.312921875 0.8025175644028103 0.125 0.15065573770491802
4903 1 0.131375 0.5336065573770492 0.01509375 0.04805620608899297
4903 2 0.1802734375 0.6706440281030445 0.079828125 0.03791569086651054
4903 2 0.18943749999999998 0.6987704918032787 0.14156249999999998 0.07295081967213114
4903 2 0.301703125 0.6733021077283372 0.1036875 0.08683840749414519
4903 2 0.3700546875 0.5976346604215457 0.06526562500000001 0.0702576112412178
4903 9 0.490078125 0.6465690866510538 0.08890624999999999 0.12269320843091334
4903 1 0.1654140625 0.5164754098360655 0.009140625 0.01651053864168618
4903 2 0.2983828125 0.8419086651053864 0.08882812500000001 0.16592505854800935
4903 2 0.2466171875 0.6055620608899297 0.039046874999999995 0.06035128805620609
4903 2 0.35636718749999996 0.663255269320843 0.053265625000000004 0.09522248243559718
4903 1 0.21057031249999997 0.5203629976580797 0.007546875 0.026721311475409838
4903 1 0.1534140625 0.5170140515222482 0.006796874999999999 0.014824355971896956
4903 2 0.295421875 0.591311475409836 0.014624999999999999 0.03957845433255269
4903 2 0.19765625 0.7002341920374707 0.3953125 0.3559718969555035
