2664 62 0.4789921875 0.5190312499999999 0.721078125 0.6252708333333333
2664 67 0.84084375 0.19368749999999998 0.11896875 0.03891666666666667
2664 2 0.15807812499999999 0.31977083333333334 0.16143749999999998 0.177125
2664 2 0.22584374999999998 0.32695833333333335 0.45168749999999996 0.3303333333333333
2664 1 0.5587265625 0.12967708333333333 0.076234375 0.17922916666666666
2664 1 0.8238828125 0.06692708333333333 0.07223437499999999 0.10981250000000001
2664 1 0.52978125 0.07823958333333333 0.07209375 0.09372916666666667
2664 1 0.137765625 0.16313541666666664 0.16346875 0.3164375
2664 1 0.490890625 0.05639583333333333 0.048625 0.098875
2664 1 0.6125703125 0.052406249999999995 0.028734375 0.08172916666666666
2664 1 0.308046875 0.05857291666666666 0.05265625 0.1143125
2664 1 0.8558749999999999 0.060510416666666664 0.02303125 0.041895833333333334
2664 2 0.07130468749999999 0.5393645833333333 0.139265625 0.3489791666666667
2664 2 0.41398437499999996 0.23360416666666667 0.25534375 0.2825416666666667
2664 1 0.4367421875 0.038177083333333334 0.030296875 0.059520833333333335
2664 1 0.2291640625 0.15495833333333334 0.128140625 0.3099166666666667
2664 2 0.8852734375000001 0.38738541666666665 0.179890625 0.4679375
2664 2 0.29990625 0.7903333333333333 0.24706250000000002 0.2890833333333333
2664 2 0.5466875 0.18732291666666664 0.14509375 0.15260416666666668
2664 2 0.47325 0.1369270833333333 0.083375 0.15106250000000002
2664 1 0.3554921875 0.05454166666666667 0.051671875 0.07429166666666666
2664 1 0.0599921875 0.12142708333333334 0.119984375 0.24022916666666666
2664 2 0.045984375 0.17805208333333333 0.0740625 0.06256250000000001
2664 1 0.75746875 0.026833333333333334 0.0458125 0.051708333333333335
2664 1 0.878125 0.07083333333333333 0.240625 0.14166666666666666
