36077 1 0.46446875 0.5588020833333334 0.276875 0.3751041666666667
36077 3 0.2806171875 0.6094270833333334 0.13314062499999998 0.09214583333333333
36077 3 0.32894531250000003 0.5820625 0.090515625 0.08325
36077 3 0.5941015625 0.49952083333333336 0.053921874999999994 0.04958333333333333
36077 3 0.3540625 0.5498229166666667 0.07840625 0.07872916666666667
36077 8 0.5386015625 0.47969791666666667 0.055734375 0.06502083333333333
36077 3 0.3661328125 0.50325 0.028578125 0.025416666666666664
36077 3 0.7569765625 0.5741145833333333 0.076015625 0.10372916666666666
36077 3 0.91084375 0.6021770833333334 0.0465 0.07427083333333333
36077 6 0.5 0.5 1.0 1.0
