10646 1 0.4654449648711944 0.5235390625 0.9308899297423888 0.934984375
10646 1 0.9530679156908666 0.46363281249999994 0.09386416861826698 0.192265625
10646 1 0.23581967213114752 0.44391406250000004 0.17992974238875878 0.20495312499999999
10646 1 0.1719672131147541 0.46121093750000003 0.08182669789227166 0.120296875
10646 47 0.9162997658079625 0.696328125 0.16740046838407496 0.28953125
10646 47 0.39210772833723656 0.946125 0.16449648711943793 0.10628125
10646 47 0.038325526932084304 0.6488046875 0.07665105386416861 0.264890625
10646 58 0.5695784543325526 0.68134375 0.3064168618266979 0.07121875
10646 62 0.12435597189695549 0.5982421875 0.10899297423887587 0.186765625
10646 62 0.09663934426229508 0.47143750000000006 0.10676814988290399 0.0919375
10646 51 0.3888407494145199 0.9471796875 0.15281030444964872 0.101953125
10646 54 0.6014285714285714 0.6815234374999999 0.34365339578454335 0.076234375
10646 58 0.7441217798594848 0.6795 0.05592505854800937 0.03184375
