36736 18 0.93087 0.9058488372093023 0.13826 0.18346511627906978
36736 1 0.14205 0.8764069767441861 0.11402 0.22472093023255812
36736 1 0.04485 0.9099767441860465 0.0897 0.18004651162790697
36736 1 0.09684000000000001 0.6714767441860465 0.07352 0.09504651162790698
36736 1 0.90161 0.6299767441860464 0.17665999999999998 0.1516279069767442
36736 1 0.49301 0.12169767441860467 0.15738 0.21255813953488373
36736 1 0.33161 0.3554418604651163 0.2057 0.32209302325581396
36736 1 0.69901 0.8747441860465116 0.19762000000000002 0.2493953488372093
36736 1 0.8526900000000001 0.8917441860465116 0.10765999999999999 0.21483720930232558
36736 1 0.10123 0.12959302325581395 0.20246 0.2591860465116279
36736 1 0.87259 0.41441860465116276 0.10266 0.19144186046511627
36736 1 0.72353 0.09743023255813953 0.03306 0.049186046511627904
36736 8 0.50503 0.9294418604651162 0.19134 0.12158139534883722
36736 36 0.37494 0.4326046511627907 0.19691999999999998 0.1757674418604651
36736 36 0.53631 0.2332093023255814 0.038259999999999995 0.03311627906976744
