21534 1 0.5292109375 0.6876458333333333 0.36067187500000003 0.503375
21534 60 0.1505625 0.5880937500000001 0.0396875 0.05485416666666666
21534 60 0.1088125 0.588 0.040875 0.052375
21534 60 0.015734375000000002 0.5188229166666667 0.028125 0.04722916666666667
21534 60 0.0481953125 0.5928020833333334 0.047640625 0.050812500000000003
21534 60 0.020265625 0.4678333333333333 0.03290625 0.030708333333333334
21534 60 0.0626796875 0.5605729166666668 0.039765625 0.018145833333333337
21534 60 0.013375000000000001 0.5867708333333334 0.025406250000000002 0.05408333333333334
21534 60 0.046296875 0.41046875 0.057937499999999996 0.0610625
21534 60 0.127671875 0.37128125 0.0366875 0.035145833333333334
21534 60 0.6870703125 0.43082291666666667 0.093421875 0.11422916666666666
21534 47 0.10116406250000001 0.19646875000000003 0.056078125 0.10147916666666666
21534 47 0.0457109375 0.19453125 0.052296875 0.0826875
21534 60 0.05532812499999999 0.5065416666666667 0.0464375 0.07266666666666667
21534 60 0.0535625 0.370375 0.04 0.027208333333333334
21534 60 0.10504687500000001 0.5096145833333333 0.0458125 0.05422916666666667
21534 60 0.16015625 0.55 0.0609375 0.1375
