6332 15 0.5091911764705882 0.43082516339869287 0.12883986928104574 0.13272875816993465
6332 15 0.6009477124183007 0.293031045751634 0.1637908496732026 0.09524509803921569
6332 42 0.7389950980392157 0.7911111111111111 0.11174836601307189 0.3691503267973856
6332 42 0.45647058823529413 0.8094199346405229 0.08803921568627451 0.3335457516339869
6332 42 0.19930555555555554 0.8174264705882353 0.09485294117647058 0.35106209150326795
6332 42 0.31340686274509805 0.8356045751633987 0.08119281045751633 0.31094771241830066
6332 1 0.7809150326797386 0.8110049019607842 0.18088235294117647 0.3497222222222222
6332 1 0.3689052287581699 0.8170424836601307 0.08601307189542484 0.3181045751633987
6332 1 0.5166748366013073 0.8144362745098039 0.07838235294117647 0.3158006535947713
6332 1 0.8488725490196078 0.2931127450980392 0.23833333333333337 0.4025326797385621
6332 1 0.6663398692810457 0.3330964052287582 0.1895424836601307 0.3237091503267974
6332 1 0.5199428104575164 0.3349754901960784 0.13165032679738561 0.2589705882352941
6332 1 0.4454575163398693 0.3134722222222222 0.10316993464052288 0.2425326797385621
6332 1 0.6713398692810457 0.8006290849673203 0.08784313725490196 0.34383986928104576
6332 1 0.7810212418300654 0.21802287581699348 0.08086601307189543 0.20784313725490197
6332 1 0.2649673202614379 0.8363725490196079 0.0923529411764706 0.2828104575163399
6332 42 0.5989133986928105 0.734125816993464 0.10642156862745097 0.4632516339869281
6332 1 0.606609477124183 0.24342320261437908 0.08563725490196078 0.15599673202614378
