39301 2 0.5718984375 0.75965625 0.200734375 0.38514583333333335
39301 9 0.8887499999999999 0.5227291666666667 0.21787499999999999 0.08804166666666666
39301 9 0.7245078125 0.5634791666666668 0.113109375 0.043166666666666666
39301 9 0.984140625 0.45909375 0.031718750000000004 0.04035416666666667
39301 9 0.3271796875 0.4661770833333333 0.036640624999999996 0.034770833333333334
39301 9 0.442375 0.44618749999999996 0.0235 0.013166666666666667
39301 9 0.9435078124999998 0.45305208333333336 0.071640625 0.04022916666666666
39301 9 0.7927109375000001 0.46917708333333336 0.058921875 0.021229166666666667
39301 9 0.7961796875 0.44038541666666664 0.040359374999999996 0.01964583333333333
39301 1 0.08255468749999999 0.71334375 0.038171875 0.13510416666666666
39301 1 0.044210937500000005 0.7015833333333333 0.040171875 0.12841666666666668
39301 27 0.6331484374999999 0.6591979166666666 0.068203125 0.12218749999999999
39301 27 0.0419609375 0.6766875 0.021703125 0.04466666666666667
39301 9 0.363859375 0.44353125 0.047375 0.022687500000000003
39301 9 0.49964062499999995 0.39335416666666667 0.03871875 0.10066666666666667
39301 9 0.6283046875 0.44767708333333334 0.043109375 0.04002083333333333
39301 9 0.54071875 0.4313854166666667 0.05440625 0.03352083333333333
39301 9 0.7597499999999999 0.442125 0.06218749999999999 0.020458333333333335
39301 9 0.515625 0.453125 0.80625 0.08541666666666667
