30303 37 0.5197734374999999 0.49572429906542054 0.008984375 0.010654205607476635
30303 39 0.3523515625 0.4693691588785047 0.069765625 0.03780373831775701
30303 40 0.5494921875000001 0.4925 0.023671875000000002 0.04182242990654205
30303 1 0.4206015625 0.5080841121495326 0.134984375 0.2919626168224299
30303 1 0.8277578125 0.2460981308411215 0.05632812499999999 0.10004672897196262
30303 1 0.7394296875 0.5455490654205608 0.127546875 0.24824766355140188
30303 1 0.9540390625 0.25434579439252336 0.06392187499999999 0.10191588785046729
30303 1 0.7344765625 0.24046728971962616 0.053078125 0.09616822429906541
30303 1 0.313734375 0.15871495327102805 0.0393125 0.05107476635514019
30303 1 0.26966406249999997 0.16990654205607478 0.050640624999999995 0.07626168224299065
30303 1 0.15925 0.14301401869158878 0.06446874999999999 0.14574766355140187
30303 1 0.08062499999999999 0.1519859813084112 0.079875 0.14654205607476636
30303 1 0.6147031249999999 0.5724415887850467 0.15596875 0.22226635514018692
30303 1 0.8068984375000001 0.06987149532710281 0.042015625 0.06992990654205608
30303 1 0.6361953124999999 0.03955607476635514 0.035796875 0.07308411214953271
30303 1 0.7221484375 0.045922897196261685 0.039421875 0.0819392523364486
30303 1 0.509375 0.06542056074766354 0.978125 0.1308411214953271
