7035 19 0.5147265624999999 0.608377308707124 0.44260937499999997 0.7427176781002639
7035 19 0.6907656249999999 0.6724274406332453 0.22603125 0.2907651715039578
7035 1 0.5476093750000001 0.4561873350923483 0.2009375 0.6022427440633246
7035 9 0.052640624999999996 0.5073614775725594 0.0318125 0.014775725593667546
7035 1 0.6689609375 0.48759894459102904 0.035578125 0.11535620052770448
7035 9 0.14183593749999998 0.501240105540897 0.017546875 0.014828496042216359
7035 9 0.169203125 0.5023614775725594 0.01521875 0.01116094986807388
7035 9 0.188234375 0.5014775725593668 0.01340625 0.008284960422163588
7035 9 0.2921328125 0.5036411609498681 0.012421875 0.011187335092348285
7035 9 0.23228125 0.5114379947229551 0.01553125 0.01633245382585752
7035 9 0.2705078125 0.5054221635883905 0.023390625 0.029630606860158313
7035 9 0.3102109375 0.5058707124010554 0.010484375 0.0212401055408971
7035 9 0.0160546875 0.497269129287599 0.010546875 0.013852242744063324
7035 9 0.8894140625 0.4803298153034301 0.009046875 0.03274406332453826
7035 9 0.8184843749999999 0.49358839050131925 0.01453125 0.017361477572559368
7035 9 0.7806796874999999 0.4927704485488127 0.008921875 0.01641160949868074
7035 9 0.0730625 0.5002902374670185 0.01978125 0.009868073878627969
7035 9 0.49609375 0.49868073878627966 0.9609375 0.05804749340369393
