46173 1 0.58623 0.573018018018018 0.08957999999999999 0.6573273273273272
46173 1 0.39585000000000004 0.3536036036036036 0.028820000000000002 0.08888888888888889
46173 15 0.37054 0.45003003003003006 0.12251999999999999 0.08942942942942943
46173 1 0.34979999999999994 0.26779279279279283 0.0088 0.0512012012012012
46173 1 0.42175999999999997 0.28087087087087087 0.027399999999999997 0.07405405405405406
46173 1 0.46083999999999997 0.31905405405405407 0.033 0.03978978978978979
46173 1 0.78271 0.37117117117117115 0.05794 0.06084084084084085
46173 1 0.3225 0.3255255255255255 0.02648 0.16564564564564563
46173 1 0.35523999999999994 0.2618918918918919 0.00592 0.0415015015015015
46173 1 0.38928999999999997 0.26555555555555554 0.00766 0.04
46173 31 0.7931199999999999 0.5702102102102102 0.06712 0.07507507507507508
46173 31 0.16125 0.5596996996996997 0.0735 0.04954954954954955
46173 1 0.50458 0.3224174174174174 0.022920000000000003 0.05192192192192192
46173 1 0.03272 0.6075525525525526 0.06544 0.3636936936936937
46173 1 0.04305 0.3811711711711712 0.08186 0.18624624624624625
46173 1 0.7262799999999999 0.393033033033033 0.05596 0.12126126126126127
46173 1 0.942 0.33933933933933935 0.06 0.17417417417417416
