9608 1 0.649578125 0.4712147505422994 0.66178125 0.47856832971800434
9608 1 0.8546328125 0.27720173535791753 0.024953125 0.07783080260303689
9608 1 0.59546875 0.35607375271149677 0.061375 0.11088937093275487
9608 1 0.51434375 0.32185466377440347 0.00865625 0.024446854663774404
9608 35 0.60296875 0.40214750542299355 0.06696875 0.022082429501084598
9608 36 0.47739843749999994 0.7950433839479393 0.5016406250000001 0.37676789587852494
9608 1 0.284578125 0.4002603036876356 0.0668125 0.22529284164859
9608 1 0.32778125 0.44663774403470713 0.10196875000000001 0.17752711496746204
9608 1 0.537609375 0.3408568329718004 0.028375 0.060672451193058564
9608 1 0.905359375 0.26859002169197393 0.02909375 0.08459869848156182
9608 1 0.058882812500000006 0.4299783080260304 0.050640624999999995 0.12516268980477224
9608 1 0.0968828125 0.4468004338394794 0.020953125 0.05364425162689805
9608 1 0.2200078125 0.40530368763557484 0.032859375 0.0809761388286334
9608 36 0.0658828125 0.48686550976138826 0.083734375 0.02440347071583514
9608 1 0.9213125 0.20335140997830803 0.005187499999999999 0.02357917570498915
9608 1 0.13973437500000002 0.4336876355748373 0.025875 0.05314533622559653
9608 35 0.5372343749999999 0.37156182212581346 0.028187499999999997 0.01171366594360087
9608 35 0.513671875 0.33409978308026034 0.00996875 0.003774403470715835
9608 35 0.2529765625 0.5434815618221258 0.143171875 0.01859002169197397
9608 35 0.9102265624999999 0.30811279826464205 0.054015625 0.019175704989154014
9608 35 0.14170312499999999 0.45664859002169195 0.0355 0.01156182212581345
