47686 37 0.3179609375 0.7069600938967137 0.012546874999999999 0.024061032863849766
47686 62 0.46653906250000005 0.22299295774647887 0.075546875 0.14636150234741785
47686 62 0.5362578124999999 0.21678403755868544 0.066984375 0.1463380281690141
47686 1 0.24803906250000002 0.6112676056338028 0.146921875 0.3919718309859155
47686 1 0.871484375 0.12386150234741784 0.0615 0.11133802816901409
47686 1 0.8924687499999999 0.17014084507042254 0.0403125 0.07422535211267606
47686 1 0.9423437499999998 0.21812206572769954 0.09275 0.3011267605633803
47686 43 0.2503984375 0.7091784037558686 0.05142187499999999 0.1363849765258216
47686 62 0.9428515624999999 0.29907276995305165 0.060203125 0.1006338028169014
47686 1 0.9803359375000001 0.11444835680751173 0.039328125000000005 0.08429577464788732
