27484 3 0.8811406250000001 0.5855890804597702 0.16778125 0.27704022988505744
27484 1 0.43410937499999996 0.605632183908046 0.0403125 0.19436781609195403
27484 1 0.1778984375 0.6993103448275862 0.066296875 0.3333333333333333
27484 1 0.0710390625 0.634698275862069 0.066984375 0.28117816091954023
27484 1 0.040531250000000005 0.6078304597701149 0.048875 0.2281896551724138
27484 1 0.276578125 0.5903591954022989 0.0365 0.12841954022988505
27484 1 0.32014062499999996 0.5824568965517242 0.029312500000000002 0.12807471264367817
27484 1 0.491203125 0.5237787356321839 0.02146875 0.042327586206896556
27484 1 0.57678125 0.5048275862068966 0.0258125 0.06402298850574713
27484 1 0.140796875 0.5791666666666666 0.0298125 0.06436781609195402
27484 1 0.11546875000000001 0.561221264367816 0.044687500000000005 0.12560344827586206
27484 1 0.8536796875 0.48291666666666666 0.091890625 0.2774425287356322
27484 31 0.187671875 0.6738505747126436 0.047343750000000004 0.16333333333333333
27484 31 0.2336484375 0.6721408045977012 0.023640625000000002 0.06686781609195402
27484 31 0.2646875 0.671551724137931 0.01965625 0.03097701149425287
27484 1 0.34059375 0.5679741379310345 0.035562500000000004 0.1825
27484 8 0.691515625 0.48392241379310347 0.10178125 0.06382183908045977
27484 1 0.23363281249999995 0.6839655172413793 0.027390625000000002 0.17201149425287357
27484 1 0.55234375 0.5459770114942529 0.5390625 0.22988505747126436
