24112 44 0.427421875 0.8365520833333332 0.12903125 0.2967708333333333
24112 1 0.44759374999999996 0.5231145833333334 0.422875 0.5764375
24112 1 0.7288828125 0.6024791666666667 0.5422343749999999 0.7747916666666667
24112 32 0.48207812499999997 0.6272291666666666 0.10218750000000001 0.3137916666666667
24112 47 0.2936015625 0.7504583333333332 0.066515625 0.06804166666666665
24112 47 0.6335546875 0.95453125 0.15626562500000002 0.09093749999999999
24112 47 0.5312421875 0.9421875 0.053359375 0.0515
24112 1 0.9331484374999999 0.40449999999999997 0.13370312499999998 0.29662499999999997
24112 1 0.9170390625 0.8195 0.165921875 0.3565
24112 1 0.12353906249999999 0.8758125 0.244078125 0.24837499999999998
24112 67 0.4918828125 0.8823333333333333 0.512328125 0.20779166666666665
