16525 64 0.7572656249999999 0.9346875000000001 0.056874999999999995 0.058041666666666665
16525 62 0.38313281250000003 0.8702916666666666 0.042765625 0.04804166666666666
16525 62 0.24600781250000003 0.9213854166666667 0.039609375 0.0470625
16525 62 0.17214843750000003 0.9449687499999999 0.050609375 0.050854166666666666
16525 62 0.3210859375 0.9001874999999999 0.029234375 0.026083333333333333
16525 1 0.126578125 0.8753958333333334 0.030843749999999996 0.12458333333333332
16525 1 0.1651875 0.8656666666666667 0.049125 0.11008333333333334
16525 64 0.6541796875 0.7448541666666667 0.012015625 0.030708333333333334
16525 1 0.3130078125 0.8333645833333333 0.041140625 0.10472916666666668
16525 1 0.36685937500000004 0.7876770833333334 0.03053125 0.036104166666666666
16525 1 0.37413281249999997 0.8639895833333334 0.047890625 0.06939583333333334
16525 1 0.921640625 0.5118854166666666 0.025656250000000002 0.1051875
16525 1 0.8989843750000001 0.510625 0.02065625 0.1045
16525 1 0.3653359375 0.8303645833333333 0.035640624999999995 0.09618750000000001
16525 1 0.22315625 0.8541562500000001 0.04090625 0.12222916666666667
16525 1 0.20061718750000002 0.8097604166666666 0.020671875 0.05964583333333333
16525 1 0.426359375 0.8610833333333333 0.03896875 0.05383333333333333
16525 1 0.45446875000000003 0.8642291666666666 0.0258125 0.024708333333333332
16525 64 0.6610078125000001 0.7944375 0.025203125 0.020666666666666667
16525 64 0.6874609375 0.7960312500000001 0.009890625 0.0171875
16525 64 0.5760078125000001 0.8220208333333333 0.024734375 0.0385
16525 64 0.7543359374999999 0.9780520833333334 0.077765625 0.043895833333333335
16525 1 0.2799921875 0.9079166666666667 0.039859375 0.059041666666666666
16525 64 0.8030703125 0.9848750000000001 0.022515625 0.03025
16525 64 0.7875859375 0.9504791666666667 0.029671874999999997 0.04545833333333334
16525 64 0.8136328125000001 0.9840104166666667 0.020390625000000002 0.03197916666666666
16525 64 0.9075234375000001 0.9606770833333333 0.076171875 0.07864583333333333
16525 64 0.8140234375000001 0.9503645833333334 0.031390625 0.06972916666666666
16525 1 0.57421875 0.696875 0.5234375 0.4479166666666667
