26201 19 0.7438984375 0.6725049701789264 0.073328125 0.07435387673956262
26201 19 0.31015625 0.6612922465208747 0.05915625 0.05375745526838966
26201 19 0.8291875 0.6578926441351889 0.04940625 0.07900596421471173
26201 19 0.787625 0.6720377733598409 0.0338125 0.03656063618290258
26201 19 0.3315390625 0.6599502982107356 0.05532812499999999 0.06980119284294234
26201 2 0.23819531249999998 0.7669284294234592 0.15717187500000002 0.1325844930417495
26201 1 0.257125 0.7414115308151094 0.04409375 0.16341948310139165
26201 1 0.19446875 0.6454771371769384 0.009625 0.038707753479125244
26201 1 0.3606171875 0.6443141153081512 0.019265625 0.03244532803180915
26201 2 0.9709218749999999 0.6812425447316103 0.028937499999999998 0.054254473161033795
26201 6 0.08228906250000001 0.6362127236580517 0.08820312500000001 0.08546719681908549
26201 6 0.0268203125 0.6386580516898609 0.037703125 0.057554671968190856
26201 19 0.8604687500000001 0.6642047713717695 0.0556875 0.05660039761431411
