23258 67 0.37853125 0.7576458333333334 0.7570625 0.46116666666666667
23258 1 0.7771250000000001 0.6284583333333332 0.44575 0.7430833333333333
23258 1 0.24943749999999998 0.4191041666666667 0.1955 0.4741666666666667
23258 46 0.635734375 0.48260416666666667 0.04790625 0.15870833333333334
23258 46 0.1744765625 0.6883541666666666 0.053828125000000004 0.17375000000000002
23258 46 0.31253906249999996 0.3590104166666667 0.063703125 0.10947916666666666
23258 31 0.6917500000000001 0.5664583333333333 0.18290625 0.17300000000000001
23258 31 0.5633671875 0.5080625 0.12145312500000001 0.16445833333333332
23258 44 0.2528828125 0.06048958333333333 0.019578125 0.11210416666666667
23258 44 0.6269609375 0.057583333333333334 0.022140625 0.1115
23258 44 0.6544609374999999 0.05707291666666667 0.023703125 0.11414583333333334
23258 44 0.449875 0.057520833333333334 0.02028125 0.11420833333333333
23258 44 0.5446953124999999 0.057187499999999995 0.025671875 0.11437499999999999
23258 44 0.23337499999999997 0.06151041666666667 0.01975 0.11097916666666667
23258 44 0.272796875 0.05990625000000001 0.02021875 0.11447916666666667
23258 44 0.2908984375 0.061062500000000006 0.021109375 0.10770833333333334
23258 44 0.35100781249999996 0.06048958333333333 0.020828125 0.10972916666666667
23258 44 0.37596093750000004 0.057562499999999996 0.022515625 0.11512499999999999
23258 44 0.4010234375 0.057916666666666665 0.023734375 0.11575
23258 31 0.15603125 0.91440625 0.27518750000000003 0.1711875
23258 44 0.47201562499999994 0.06035416666666667 0.022125 0.11020833333333332
23258 44 0.42174218750000003 0.057791666666666665 0.021484375 0.11558333333333333
23258 44 0.52578125 0.165625 0.9453125 0.32708333333333334
