29523 28 0.6005489614243323 0.34920999999999996 0.7637091988130564 0.39002
29523 1 0.613353115727003 0.70187 0.42059347181008905 0.59626
29523 1 0.9025222551928784 0.67851 0.19495548961424333 0.43722000000000005
29523 1 0.26821958456973294 0.45744 0.05495548961424332 0.10424
29523 1 0.015712166172106825 0.47589 0.03142433234421365 0.11678
29523 1 0.23121661721068248 0.45887 0.038516320474777446 0.09326000000000001
29523 1 0.40554896142433233 0.48717 0.09287833827893176 0.11738
29523 1 0.05991097922848665 0.45838 0.04682492581602374 0.1056
29523 31 0.36735905044510386 0.47180999999999995 0.030207715133531158 0.06781999999999999
29523 1 0.48065281899109796 0.50492 0.05869436201780416 0.10552
29523 1 0.3689020771513353 0.47026 0.033887240356083086 0.08316
29523 1 0.1328486646884273 0.44754 0.1055192878338279 0.06472
29523 1 0.13909495548961423 0.42565 0.053976261127596445 0.03614
29523 1 0.3173293768545994 0.42895 0.02605341246290801 0.047979999999999995
29523 1 0.20093471810089023 0.45671000000000006 0.05172106824925816 0.10658
29523 1 0.4807121661721068 0.461 0.9614243323442137 0.138
