9050 48 0.8115 0.6351173708920188 0.140625 0.5507042253521126
9050 50 0.9112343749999999 0.6593661971830985 0.17746875 0.4596244131455399
9050 57 0.6014140625 0.4811737089201878 0.128421875 0.2
9050 57 0.5719921875 0.5024530516431924 0.096296875 0.12354460093896714
9050 57 0.0381796875 0.10593896713615024 0.076359375 0.09370892018779343
9050 46 0.875203125 0.16392018779342724 0.171125 0.32075117370892015
9050 46 0.6773984375000001 0.15212441314553993 0.161703125 0.2924647887323944
9050 49 0.081765625 0.3160211267605634 0.16353125 0.030821596244131458
9050 67 0.49959375 0.4943779342723004 0.9991875 0.9887558685446008
9050 46 0.294453125 0.17097417840375587 0.1596875 0.3067370892018779
9050 46 0.5039687500000001 0.14676056338028168 0.153875 0.28830985915492957
9050 46 0.26084375 0.0580281690140845 0.12350000000000001 0.116056338028169
9050 46 0.38034375 0.08330985915492958 0.1355625 0.16661971830985917
9050 46 0.1960703125 0.01975352112676056 0.11060937500000001 0.03950704225352112
9050 49 0.921265625 0.5731807511737089 0.15746875 0.40495305164319245
