32295 10 0.12759375 0.49325882352941175 0.025374999999999998 0.07414117647058824
32295 10 0.801734375 0.42367058823529413 0.044187500000000005 0.22221176470588236
32295 1 0.8114765625 0.7254941176470587 0.26364062499999996 0.2883529411764706
32295 1 0.6740234375 0.76 0.096453125 0.23298823529411763
32295 1 0.7323828125 0.6561529411764705 0.027546875 0.09922352941176471
32295 1 0.6957890625 0.6396588235294118 0.027015624999999998 0.07461176470588235
32295 1 0.464453125 0.5796235294117648 0.013000000000000001 0.047152941176470585
32295 10 0.072609375 0.4745411764705882 0.010687499999999999 0.088
32295 10 0.31273437499999995 0.5017882352941176 0.010187499999999999 0.04
32295 10 0.4165078125 0.5253176470588236 0.009328125 0.03322352941176471
32295 10 0.5836718750000001 0.5158470588235294 0.00859375 0.03084705882352941
32295 10 0.6642890625 0.5164352941176471 0.008015625 0.03174117647058824
32295 10 0.7443124999999999 0.552235294117647 0.01903125 0.07341176470588236
32295 10 0.61690625 0.5080705882352942 0.0062812499999999995 0.026305882352941175
32295 10 0.64934375 0.510235294117647 0.011375 0.027529411764705882
32295 3 0.28765625000000006 0.8145058823529411 0.40690625 0.11691764705882353
32295 3 0.273140625 0.6175058823529411 0.057125 0.07270588235294118
32295 3 0.5043124999999999 0.7243176470588236 0.081875 0.08110588235294118
32295 3 0.441375 0.6814470588235294 0.07221875 0.07508235294117648
32295 3 0.0303359375 0.7802470588235293 0.057390624999999994 0.15804705882352943
32295 3 0.5068203125 0.6148588235294118 0.068859375 0.08397647058823529
32295 3 0.3556171875 0.6402352941176471 0.070546875 0.05105882352941176
32295 3 0.3379140625 0.5910352941176471 0.054671875 0.0608
32295 3 0.5782812500000001 0.7900941176470588 0.12321875 0.1656
32295 3 0.3302265625 0.7240352941176471 0.19729687499999998 0.12905882352941178
32295 3 0.6517031249999999 0.6564235294117647 0.06293750000000001 0.08169411764705882
32295 3 0.22298437499999996 0.5984470588235294 0.048093750000000005 0.06381176470588236
32295 27 0.8074453125 0.8250588235294117 0.109328125 0.07618823529411765
32295 3 0.49645312500000005 0.6504352941176471 0.0624375 0.06647058823529411
32295 10 0.63853125 0.5053529411764706 0.005093749999999999 0.027317647058823526
32295 10 0.5959218749999999 0.5026588235294118 0.0060625 0.03905882352941177
32295 3 0.44453125 0.5835294117647059 0.8734375 0.8282352941176471
32295 10 0.55859375 0.4988235294117647 0.0203125 0.042352941176470586
