14883 18 0.5769684210526316 0.8367421875 0.13212631578947368 0.047453125
14883 62 0.2604736842105263 0.7918515625 0.08503157894736842 0.13273437500000002
14883 73 0.2402736842105263 0.1851015625 0.0912421052631579 0.038359375
14883 33 0.7938105263157895 0.4408671875 0.1992421052631579 0.106296875
14883 33 0.931957894736842 0.4303437499999999 0.1296 0.12940625
14883 62 0.3182842105263158 0.2192734375 0.15677894736842105 0.11770312499999999
14883 73 0.15370526315789476 0.7546484375 0.10909473684210526 0.051828125
14883 76 0.08495789473684211 0.80240625 0.1290736842105263 0.030656250000000003
14883 76 0.1906315789473684 0.22122656249999997 0.09006315789473684 0.024265625
14883 76 0.24650526315789476 0.196109375 0.056757894736842104 0.0075
