47131 7 0.52916 0.6247177419354839 0.94128 0.6921236559139786
47131 1 0.69499 0.48239247311827954 0.12226000000000001 0.280752688172043
47131 1 0.6084299999999999 0.4158198924731183 0.10478 0.16432795698924732
47131 1 0.5188 0.38602150537634405 0.0834 0.17263440860215054
47131 1 0.45502 0.2942741935483871 0.09315999999999999 0.12521505376344086
47131 1 0.1965 0.3077956989247312 0.041280000000000004 0.1689784946236559
47131 1 0.046689999999999995 0.4578225806451613 0.06874 0.2262903225806452
47131 1 0.56789 0.8658602150537633 0.10886 0.23155913978494624
47131 1 0.0148 0.48344086021505367 0.0296 0.20456989247311827
47131 1 0.30045 0.2613575268817204 0.031219999999999998 0.06970430107526882
47131 1 0.26912 0.2888306451612903 0.06495999999999999 0.19099462365591396
47131 1 0.46026 0.6378494623655914 0.08224 0.20516129032258063
