25759 32 0.322484375 0.527548828125 0.029593750000000002 0.15302734375
25759 3 0.8968515624999999 0.259765625 0.06073437499999999 0.0519921875
25759 3 0.9418515625000001 0.30316406250000005 0.086234375 0.0866015625
25759 3 0.9708281249999999 0.3271484375 0.05671875 0.098046875
25759 1 0.3432890625 0.64146484375 0.179296875 0.57875
25759 31 0.39819531250000006 0.75337890625 0.129734375 0.130625
25759 33 0.459578125 0.8317285156249999 0.09390625 0.13947265625
25759 3 0.9879453125000002 0.349375 0.024109375 0.09046875
25759 1 0.9059062500000001 0.28575195312499996 0.017781250000000002 0.06900390625
25759 3 0.84196875 0.24310546875 0.08290625 0.03609375
25759 8 0.7146640625 0.203544921875 0.058015625 0.05521484375
25759 8 0.68765625 0.395869140625 0.23615624999999998 0.31724609375
25759 13 0.9776796875 0.185927734375 0.021828125 0.02931640625
