27490 1 0.46814465408805034 0.44264062499999995 0.3792662473794549 0.406625
27490 1 0.7390041928721174 0.32675 0.5209433962264152 0.580125
27490 1 0.501362683438155 0.2850390625 0.09962264150943397 0.10710937499999999
27490 1 0.20336477987421384 0.37990625 0.03289308176100629 0.05871875
27490 1 0.0959643605870021 0.36849999999999994 0.025849056603773585 0.04496875
27490 41 0.6976100628930817 0.7005312499999999 0.3141719077568135 0.1815
27490 41 0.7313312368972745 0.6329374999999999 0.10983228511530399 0.04025
27490 3 0.9640566037735848 0.41587500000000005 0.07188679245283018 0.0248125
27490 1 0.16770440251572324 0.34739062499999995 0.050922431865828094 0.05040625
27490 41 0.20868972746331238 0.3944296875 0.018972746331236898 0.027203125
