1011 33 0.7086328125 0.6848958333333334 0.083640625 0.073375
1011 33 0.33595312499999996 0.5586770833333333 0.047843750000000004 0.06552083333333333
1011 33 0.25617968750000003 0.73190625 0.24270312500000002 0.3236041666666667
1011 1 0.39225 0.4904791666666667 0.06915625 0.129
1011 1 0.40592187499999993 0.6779062499999999 0.057125 0.13939583333333333
1011 1 0.33948437499999995 0.8630104166666667 0.0848125 0.14252083333333332
1011 1 0.761109375 0.6458125 0.08965625 0.15275
1011 1 0.7665703125000001 0.46761458333333333 0.047453125 0.1455625
1011 1 0.199984375 0.43696875 0.08325 0.15810416666666666
1011 1 0.1474375 0.4718958333333333 0.062125 0.12408333333333334
1011 31 0.346578125 0.91246875 0.04409375 0.04702083333333333
1011 31 0.41790625 0.6602187500000001 0.014687500000000001 0.03252083333333333
1011 1 0.7214375000000001 0.5171666666666667 0.06884375000000001 0.13770833333333332
1011 1 0.1632890625 0.5406666666666666 0.057484375 0.13458333333333333
1011 27 0.12430468749999998 0.46810416666666665 0.045328125000000004 0.06416666666666666
1011 27 0.158046875 0.40965625000000006 0.038375 0.02822916666666667
