16412 3 0.6503828125 0.3793137254901961 0.339390625 0.2740958605664488
16412 6 0.3710703125 0.21916122004357297 0.130578125 0.22394335511982572
16412 1 0.27497656249999997 0.4565032679738562 0.144734375 0.5874291938997821
16412 1 0.1293515625 0.47167755991285404 0.186265625 0.5072331154684095
16412 1 0.0419921875 0.463954248366013 0.080765625 0.5472984749455337
16412 3 0.88740625 0.3731699346405229 0.224375 0.2656862745098039
16412 3 0.478734375 0.3117429193899782 0.14240625 0.1506318082788671
16412 28 0.3044375 0.21720043572984749 0.24118750000000003 0.18982570806100216
16412 28 0.0975 0.17303921568627453 0.18534375 0.1033769063180828
16412 3 0.47640625 0.23222222222222222 0.091 0.035773420479302834
