17313 44 0.4879921875 0.6892604166666666 0.043546875 0.19193749999999998
17313 32 0.3041015625 0.46717708333333335 0.059421875 0.3296458333333333
17313 32 0.482921875 0.4588541666666667 0.05365625 0.2827083333333333
17313 67 0.5372734375 0.83321875 0.832390625 0.3026875
17313 1 0.20646093750000002 0.5566458333333333 0.412171875 0.8867083333333333
17313 1 0.8159296875000001 0.5890104166666668 0.23735937499999998 0.7956041666666667
17313 1 0.9553593750000001 0.64684375 0.08928125 0.6798958333333334
17313 47 0.73134375 0.4318958333333333 0.047843750000000004 0.064375
17313 47 0.4330234375 0.79540625 0.049421875 0.15472916666666667
17313 47 0.36753125 0.7241354166666666 0.039125 0.0654375
17313 44 0.6454687499999999 0.7786979166666668 0.0420625 0.1756875
17313 44 0.614359375 0.7425416666666667 0.03315625 0.171375
17313 47 0.272375 0.7864687499999999 0.04375 0.14135416666666664
17313 47 0.3090546875 0.7941458333333333 0.039203125 0.15229166666666666
17313 47 0.45423437499999997 0.7327395833333334 0.0445625 0.0566875
17313 47 0.34452343750000003 0.74796875 0.044421875 0.059895833333333336
17313 47 0.288734375 0.7268854166666667 0.03028125 0.0676875
17313 47 0.39983593749999996 0.7326666666666667 0.038296875 0.05716666666666667
17313 47 0.31980468749999996 0.7251458333333333 0.041640625 0.029291666666666667
17313 47 0.3435390625 0.6935729166666668 0.022265625 0.037270833333333336
17313 1 0.466515625 0.45093750000000005 0.2085 0.5927916666666667
17313 47 0.3415 0.8745416666666668 0.0491875 0.014750000000000001
17313 47 0.4214765625 0.7142291666666666 0.028484375 0.03854166666666667
