14835 42 0.539828125 0.5729375 0.7661875 0.11520833333333333
14835 1 0.13260937499999997 0.4770520833333334 0.04303125 0.0398125
14835 1 0.0511484375 0.4506770833333334 0.017484375 0.03539583333333333
14835 1 0.15396875 0.4300625 0.04434375 0.02420833333333333
14835 1 0.4186249999999999 0.47560416666666666 0.38759375 0.24833333333333335
14835 1 0.029703124999999997 0.4127708333333333 0.014812500000000001 0.061625
14835 1 0.346984375 0.37061458333333336 0.01640625 0.049104166666666664
14835 1 0.5387578125 0.30105208333333333 0.019796875 0.07239583333333334
14835 42 0.1524921875 0.4317083333333333 0.037890625 0.015541666666666667
14835 1 0.1173125 0.4289479166666667 0.0533125 0.03722916666666667
14835 1 0.16784375 0.3853958333333333 0.01846875 0.06699999999999999
14835 1 0.19921875 0.3842083333333334 0.01559375 0.051375
14835 1 0.226578125 0.3691041666666666 0.014937500000000001 0.05279166666666667
14835 1 0.31990624999999995 0.37000000000000005 0.0048125 0.012458333333333333
14835 1 0.373578125 0.3720104166666667 0.01628125 0.047562499999999994
14835 1 0.30546875 0.36875 0.5390625 0.12083333333333333
