34475 62 0.9345625 0.756 0.0723125 0.2733333333333333
34475 62 0.8523046875 0.8311041666666666 0.155765625 0.3012916666666667
34475 62 0.23805468749999997 0.6646770833333334 0.086703125 0.14577083333333332
34475 67 0.57 0.6953020833333333 0.17646875 0.0870625
34475 1 0.399390625 0.5630000000000001 0.34809375 0.8363333333333334
34475 1 0.14359375 0.6601041666666667 0.286875 0.6775416666666667
34475 1 0.6893203124999999 0.4955104166666667 0.43820312499999997 0.9820208333333333
34475 1 0.9580546875 0.71903125 0.083890625 0.5619375000000001
34475 32 0.381515625 0.3690520833333333 0.036875000000000005 0.06685416666666667
34475 32 0.698 0.19237500000000002 0.09146875 0.12195833333333334
34475 32 0.10846093750000001 0.3958541666666667 0.024953125 0.030083333333333333
34475 32 0.051554687499999995 0.8205833333333333 0.077515625 0.35883333333333334
34475 51 0.3570390625 0.61628125 0.063359375 0.04527083333333334
34475 46 0.33409374999999997 0.9525625000000001 0.1263125 0.09116666666666666
34475 46 0.46146875 0.915875 0.10059375 0.15058333333333335
34475 51 0.4956484375 0.6097604166666667 0.029484375 0.024770833333333336
34475 67 0.5772734375 0.8552500000000001 0.187796875 0.28950000000000004
34475 1 0.1347890625 0.42417708333333337 0.12051562499999999 0.35652083333333334
34475 1 0.49007812500000003 0.461125 0.03315625 0.08341666666666667
34475 1 0.5691484375 0.5796770833333333 0.10423437499999999 0.10564583333333334
34475 46 0.15294531249999999 0.9545937500000001 0.125953125 0.0908125
34475 46 0.603984375 0.6434583333333334 0.03371875 0.09270833333333334
34475 46 0.621203125 0.6410416666666666 0.0263125 0.10062499999999999
34475 46 0.6524921875 0.6366875 0.019921875 0.07458333333333332
34475 47 0.49695312499999994 0.6106458333333333 0.028187499999999997 0.02625
34475 47 0.3572734375 0.6104270833333333 0.066578125 0.03852083333333333
