9556 44 0.379265625 0.8539882352941176 0.07728125 0.2920235294117647
9556 44 0.4235390625 0.8334235294117647 0.056296875 0.3321176470588235
9556 44 0.4061484375 0.7177764705882353 0.036703124999999996 0.2147529411764706
9556 44 0.36140625000000004 0.7568823529411765 0.04165625 0.2668
9556 62 0.46065625 0.5292823529411764 0.09571874999999999 0.10134117647058824
9556 1 0.8088124999999999 0.4932588235294118 0.38203125 0.9820000000000001
9556 1 0.683421875 0.3264941176470588 0.19653125 0.5269176470588235
9556 1 0.184375 0.563764705882353 0.36875 0.8487529411764706
9556 46 0.5837421875000001 0.7036588235294117 0.048359374999999996 0.15691764705882352
9556 46 0.6205703124999999 0.6653529411764705 0.050484375000000005 0.17338823529411765
9556 46 0.474078125 0.6417058823529412 0.0390625 0.1363529411764706
9556 46 0.5201796875 0.6431411764705882 0.039328125000000005 0.13743529411764704
9556 46 0.5413515624999999 0.6319764705882353 0.033015625 0.13388235294117648
9556 46 0.378625 0.6344235294117647 0.0386875 0.13534117647058824
9556 46 0.4347578125 0.6374588235294119 0.031109375 0.14056470588235295
9556 67 0.44965625 0.849329411764706 0.42284375 0.3013411764705882
9556 46 0.4117109375 0.6160588235294118 0.045765625 0.11009411764705883
9556 46 0.50790625 0.5873882352941177 0.03071875 0.07915294117647059
