15302 1 0.3019453125 0.6347877358490566 0.192234375 0.4486320754716981
15302 1 0.638625 0.6554009433962263 0.12234375 0.2927830188679245
15302 1 0.4815390625 0.5897287735849057 0.098703125 0.42209905660377356
15302 39 0.249359375 0.4721344339622642 0.11015625 0.1466745283018868
15302 40 0.07222656250000001 0.6358844339622641 0.047359374999999995 0.08313679245283019
15302 27 0.91275 0.5416037735849056 0.053093749999999995 0.08613207547169813
15302 1 0.14946874999999998 0.6451415094339623 0.14515625000000001 0.2787735849056604
15302 1 0.06035937499999999 0.6267688679245284 0.12046874999999999 0.4453301886792453
15302 15 0.79459375 0.6760731132075473 0.12590625 0.0546933962264151
15302 62 0.49714843750000004 0.6675 0.16148437499999999 0.2541509433962264
15302 62 0.654765625 0.7312264150943397 0.13984375 0.15599056603773584
15302 62 0.1230703125 0.7536084905660376 0.095421875 0.0625
15302 1 0.933609375 0.4185966981132076 0.0899375 0.24714622641509434
15302 15 0.9421484375 0.6917806603773585 0.11570312499999999 0.04577830188679245
15302 15 0.9416875000000001 0.6558844339622643 0.116625 0.04091981132075472
15302 15 0.8106796875000001 0.5426650943396226 0.090453125 0.06561320754716982
