13121 67 0.5042109375 0.7316041666666666 0.991578125 0.505625
13121 46 0.8446718750000001 0.5034270833333333 0.106375 0.2914791666666667
13121 46 0.7356015625000001 0.2857291666666667 0.108578125 0.18641666666666667
13121 46 0.7138671875 0.49757291666666664 0.10873437500000001 0.2508125
13121 61 0.4053359375 0.5516770833333332 0.416296875 0.5505625
13121 48 0.9547968749999999 0.9102083333333334 0.09040625 0.10408333333333333
13121 48 0.9784374999999998 0.8925104166666668 0.04303125 0.056937499999999995
13121 48 0.9780390625 0.8180416666666667 0.043140625 0.05258333333333333
13121 48 0.989109375 0.8027395833333333 0.02178125 0.04847916666666666
13121 48 0.965265625 0.8687604166666667 0.06946875 0.0788125
