18824 28 0.1785234375 0.4920608899297424 0.357046875 0.5034192037470726
18824 28 0.3747421875 0.504672131147541 0.42532812499999995 0.17346604215456674
18824 28 0.8054296875 0.6193676814988291 0.378671875 0.3130679156908665
18824 62 0.567484375 0.8363817330210772 0.08246875000000001 0.15056206088992977
18824 62 0.9238984375000001 0.8212412177985949 0.152203125 0.313208430913349
18824 1 0.4249609375 0.7775878220140514 0.12464062499999999 0.21615925058548008
18824 1 0.6810546875 0.7816861826697893 0.081734375 0.24608899297423886
18824 1 0.777 0.7325995316159251 0.04934375 0.16782201405152225
18824 1 0.9458046875000001 0.744648711943794 0.108390625 0.26330210772833723
18824 1 0.28840625000000003 0.7750468384074941 0.06425 0.10208430913348947
18824 1 0.32778906249999995 0.7853981264637002 0.21989062499999998 0.22915690866510538
18824 1 0.17088281249999998 0.7618501170960187 0.268859375 0.31007025761124124
18824 1 0.0494765625 0.7966276346604216 0.098953125 0.37526932084309134
18824 47 0.38028906250000005 0.7842271662763466 0.017140625 0.04536299765807963
18824 47 0.46196875000000004 0.8161826697892272 0.01225 0.0336768149882904
18824 62 0.7765390625 0.886791569086651 0.292078125 0.18482435597189695
18824 28 0.6119296875 0.6092154566744731 0.19989062500000002 0.15374707259953163
18824 28 0.890828125 0.41905152224824355 0.21834375 0.2221311475409836
18824 28 0.27291406250000005 0.6104683840749415 0.344921875 0.09011709601873535
18824 28 0.086671875 0.5357259953161593 0.17121875 0.08704918032786886
18824 62 0.21331250000000002 0.9239812646370024 0.27321875 0.11934426229508197
18824 62 0.4825078125 0.8693793911007026 0.10032812499999999 0.10967213114754099
18824 62 0.1718046875 0.8129859484777517 0.082390625 0.06030444964871194
