25777 37 0.780320813771518 0.0917421875 0.10020344287949921 0.102359375
25777 1 0.5503599374021909 0.6200625000000001 0.40018779342723004 0.72503125
25777 1 0.20527386541471046 0.7146328125 0.13999999999999999 0.188296875
25777 1 0.6948200312989046 0.7318046875 0.1224413145539906 0.228515625
25777 1 0.932261345852895 0.6285000000000001 0.1354773082942097 0.27146875000000004
25777 1 0.6229029733959311 0.6083515625 0.24837245696400628 0.737171875
25777 62 0.9437636932707356 0.7129765625 0.11178403755868546 0.179109375
25777 27 0.07662754303599374 0.767046875 0.14733959311424102 0.084375
25777 31 0.08405320813771518 0.7651015624999999 0.14613458528951487 0.076828125
25777 31 0.043411580594679186 0.80371875 0.08328638497652582 0.058562499999999997
