47659 2 0.5338749999999999 0.7879375 0.1364375 0.16441666666666668
47659 3 0.856546875 0.7508750000000001 0.28690625000000003 0.13645833333333332
47659 3 0.25367968750000003 0.7280520833333334 0.211265625 0.11268750000000001
47659 1 0.2238359375 0.6747916666666668 0.06073437499999999 0.2465416666666667
47659 1 0.30691406250000003 0.67421875 0.07279687500000001 0.14452083333333335
47659 1 0.38191406250000004 0.7713229166666667 0.058453124999999995 0.10256249999999999
47659 1 0.0906640625 0.7680104166666666 0.044578125 0.10439583333333333
47659 1 0.084515625 0.73865625 0.046656249999999996 0.1380625
47659 1 0.1386875 0.7720416666666667 0.06315625 0.11608333333333333
47659 1 0.9502578125000001 0.6571874999999999 0.045953125 0.06366666666666666
47659 1 0.34151562500000004 0.7877291666666667 0.12565625 0.105
47659 1 0.2458046875 0.7888645833333333 0.079890625 0.12760416666666666
47659 1 0.28871875 0.6453541666666668 0.053968749999999996 0.11008333333333334
47659 14 0.81684375 0.6906666666666667 0.014124999999999999 0.03991666666666667
47659 8 0.489234375 0.7133229166666667 0.142875 0.15510416666666668
