36460 55 0.43028125 0.34978125000000004 0.12493749999999999 0.13789583333333333
36460 1 0.6267734375 0.5318541666666667 0.22307812500000002 0.8514166666666667
36460 1 0.6927031250000001 0.3022395833333333 0.1516875 0.5865208333333333
36460 1 0.1672421875 0.17850000000000002 0.149078125 0.20941666666666667
36460 1 0.077703125 0.42455208333333333 0.15540625 0.49097916666666663
36460 1 0.45756250000000004 0.21040625000000002 0.0798125 0.17052083333333332
36460 1 0.9289296874999999 0.6618020833333333 0.142140625 0.6494375
36460 3 0.0337421875 0.09394791666666666 0.067484375 0.18789583333333332
36460 6 0.3319296875 0.13176041666666666 0.32601562500000003 0.2590208333333333
36460 31 0.4439296875 0.7933333333333333 0.12467187500000002 0.28329166666666666
36460 52 0.280046875 0.49204166666666665 0.037593749999999995 0.05354166666666667
36460 52 0.2076953125 0.3363125 0.080484375 0.048374999999999994
36460 52 0.394 0.4551979166666667 0.0483125 0.042312499999999996
36460 52 0.172140625 0.4358229166666667 0.024906249999999998 0.026520833333333334
36460 52 0.18646875000000002 0.5040104166666667 0.04915625 0.05435416666666667
36460 52 0.0792734375 0.5875625 0.053984374999999994 0.09254166666666667
36460 52 0.080234375 0.5191770833333333 0.023125 0.0399375
36460 52 0.3470078125 0.43670833333333337 0.020859375 0.026208333333333333
36460 52 0.3075 0.43873958333333335 0.01565625 0.04539583333333333
36460 52 0.2924140625 0.43475 0.014609374999999999 0.042208333333333334
36460 52 0.3226640625 0.4328333333333333 0.020515625000000003 0.03325
36460 52 0.300515625 0.5198958333333333 0.016875 0.043125
36460 28 0.24139062500000003 0.734 0.42284375 0.110125
36460 52 0.1960234375 0.4384270833333333 0.034828125 0.041895833333333334
36460 52 0.26015625 0.48020833333333335 0.4421875 0.35208333333333336
