34437 1 0.42565 0.4874266666666667 0.1313 0.50616
34437 1 0.31645 0.47619999999999996 0.11162000000000001 0.5165066666666667
34437 1 0.22564 0.4654933333333333 0.1308 0.5361066666666666
34437 27 0.8843799999999999 0.5127466666666666 0.14784 0.28442666666666666
34437 27 0.64266 0.34997333333333336 0.09351999999999999 0.06762666666666667
34437 27 0.21173000000000003 0.34004 0.045340000000000005 0.15485333333333334
34437 1 0.66191 0.5292933333333334 0.17954 0.55704
34437 1 0.5409700000000001 0.3649866666666667 0.0325 0.11253333333333335
34437 27 0.23743999999999998 0.9371333333333334 0.11348 0.12573333333333334
34437 1 0.51256 0.36402666666666667 0.04616 0.10965333333333332
34437 3 0.05454 0.3797466666666667 0.10908 0.09357333333333334
34437 27 0.25012 0.8586133333333333 0.12868000000000002 0.22304
34437 27 0.12226999999999999 0.8870399999999999 0.13641999999999999 0.22592
34437 35 0.67468 0.8878666666666666 0.11076000000000001 0.22336
34437 35 0.96839 0.9230266666666667 0.062020000000000006 0.15394666666666665
34437 36 0.11226 0.6980799999999999 0.14908000000000002 0.07882666666666667
34437 1 0.83474 0.62856 0.2474 0.6961066666666668
34437 35 0.43023 0.8207333333333333 0.19258 0.2587466666666667
