47125 16 0.66103125 0.4691550925925925 0.07471875 0.10479166666666667
47125 16 0.37975 0.8645949074074074 0.0583125 0.09493055555555555
47125 16 0.7554609375 0.8905324074074074 0.092421875 0.10185185185185185
47125 16 0.1393828125 0.5771990740740741 0.059390624999999996 0.15296296296296297
47125 16 0.40686718749999995 0.7854513888888889 0.088796875 0.09395833333333334
47125 41 0.5915390625 0.8388078703703704 0.231296875 0.06905092592592592
47125 1 0.602703125 0.622199074074074 0.1703125 0.4933796296296296
47125 1 0.46365625 0.4241550925925926 0.17450000000000002 0.538587962962963
47125 1 0.800140625 0.5337152777777777 0.24725000000000003 0.5775231481481482
47125 1 0.9049765625000001 0.38122685185185184 0.084984375 0.14310185185185184
47125 1 0.35494531250000005 0.523587962962963 0.22751562500000003 0.6292129629629629
47125 1 0.5357421875 0.14532407407407408 0.083890625 0.15921296296296297
47125 1 0.7158515624999999 0.1670949074074074 0.061796874999999994 0.1580324074074074
47125 1 0.8262031249999999 0.14538194444444444 0.01915625 0.10141203703703704
47125 1 0.687078125 0.2720254629629629 0.07853125 0.09618055555555555
47125 1 0.6065937499999999 0.1087962962962963 0.026437500000000003 0.07347222222222222
47125 1 0.63725 0.11373842592592594 0.023125 0.07025462962962964
47125 1 0.6945078125 0.09854166666666667 0.017765625 0.05171296296296296
47125 15 0.12503906250000002 0.46344907407407404 0.25007812500000004 0.16833333333333333
47125 1 0.474109375 0.10582175925925927 0.0219375 0.08168981481481481
47125 2 0.564328125 0.2537847222222222 0.18075000000000002 0.11113425925925925
47125 1 0.6984375 0.1099537037037037 0.515625 0.14583333333333334
