7735 1 0.39922916666666663 0.5604453125 0.07708333333333334 0.099046875
7735 1 0.1354375 0.5467890625 0.04 0.095453125
7735 1 0.2685625 0.559484375 0.042124999999999996 0.08940624999999999
7735 1 0.32665625 0.5529453125 0.0320625 0.079359375
7735 1 0.43465624999999997 0.5336328124999999 0.0344375 0.045515625
7735 22 0.5659687499999999 0.53515625 0.22252083333333333 0.12296875
7735 31 0.28471874999999996 0.5766249999999999 0.0134375 0.021968750000000002
7735 1 0.22716666666666668 0.5349140625000001 0.020374999999999997 0.049359375
7735 1 0.34746875 0.5473281249999999 0.025062499999999998 0.0803125
7735 1 0.17030208333333333 0.55225 0.0321875 0.08884375
7735 31 0.26578125 0.5578515625 0.0238125 0.021421875
7735 1 0.45521875000000006 0.5245624999999999 0.019354166666666665 0.020374999999999997
7735 1 0.37817708333333333 0.52421875 0.0463125 0.05621875
