38681 3 0.30546875 0.7809791666666667 0.11399999999999999 0.12512500000000001
38681 3 0.38200781250000004 0.7297708333333333 0.036390624999999996 0.026875
38681 3 0.5013125 0.7728958333333333 0.1599375 0.23324999999999999
38681 3 0.7870859375 0.8418125 0.42545312500000004 0.316375
38681 6 0.8596406249999999 0.6214791666666667 0.28071875 0.362875
38681 10 0.097390625 0.3833229166666667 0.04153125 0.09935416666666666
38681 10 0.584 0.562875 0.01234375 0.034833333333333334
38681 10 0.545953125 0.6114583333333333 0.013000000000000001 0.028416666666666666
38681 10 0.38985156249999997 0.6103958333333332 0.221390625 0.08420833333333334
38681 10 0.47301562500000005 0.6204270833333332 0.010499999999999999 0.027979166666666666
38681 10 0.7556640625 0.28954166666666664 0.059078125 0.12087500000000001
38681 10 0.3081953125 0.5788854166666667 0.016578125 0.04110416666666667
38681 3 0.59875 0.7271666666666667 0.0384375 0.05483333333333333
38681 8 0.135546875 0.7847604166666665 0.23893749999999997 0.27072916666666663
38681 10 0.38884375000000004 0.6546145833333333 0.0130625 0.0219375
38681 10 0.4288046875 0.66175 0.0054218750000000005 0.011458333333333333
38681 10 0.1968984375 0.5848229166666666 0.013171875 0.0370625
38681 10 0.32785156249999997 0.6422604166666667 0.013890625 0.04572916666666667
38681 3 0.2510078125 0.72375 0.034421875000000005 0.03208333333333333
38681 3 0.40632031249999995 0.7337916666666666 0.010796875000000001 0.017041666666666667
38681 3 0.2863046875 0.7081666666666667 0.040171875 0.020458333333333335
38681 3 0.4084609375 0.7182291666666667 0.030015625 0.028791666666666667
38681 10 0.3197265625 0.6644687499999999 0.0073906250000000005 0.0183125
38681 10 0.3453125 0.6177083333333333 0.66875 0.15208333333333332
