28797 44 0.33362499999999995 0.519053738317757 0.08246875000000001 0.4058177570093458
28797 62 0.71971875 0.3048481308411215 0.06953125 0.23679906542056073
28797 62 0.0686875 0.540070093457944 0.137375 0.4627570093457944
28797 62 0.19209375 0.4963901869158878 0.1953125 0.42964953271028034
28797 62 0.9567421875 0.5904088785046728 0.086515625 0.34296728971962614
28797 67 0.5030078125 0.7254672897196262 0.9939843749999999 0.5213551401869159
28797 1 0.5324375 0.26575934579439253 0.393125 0.5292757009345794
28797 1 0.8948515625000001 0.13070093457943927 0.14710937500000001 0.2613084112149533
28797 1 0.9598359375000001 0.27414719626168227 0.07760937500000001 0.3794626168224299
28797 48 0.6229140625 0.38651869158878505 0.058609375 0.08088785046728972
28797 49 0.436078125 0.4006191588785047 0.09109375 0.0927803738317757
28797 49 0.7974140625 0.7929439252336449 0.207140625 0.23607476635514021
28797 67 0.8849921875 0.2732009345794392 0.129015625 0.05775700934579439
28797 44 0.701390625 0.08478971962616823 0.012625 0.07425233644859813
28797 44 0.6900703125000001 0.08574766355140187 0.017328125 0.0777570093457944
28797 44 0.671953125 0.09050233644859813 0.0099375 0.06408878504672898
28797 44 0.6621875 0.08797897196261682 0.0123125 0.06151869158878504
28797 44 0.650578125 0.07977803738317756 0.0121875 0.04731308411214953
28797 44 0.6409374999999999 0.0742873831775701 0.00859375 0.03179906542056075
28797 44 0.630234375 0.0662733644859813 0.005375 0.015537383177570094
28797 47 0.22639062499999998 0.5516588785046729 0.1181875 0.4020093457943925
28797 47 0.9387109375000001 0.22384345794392524 0.027546875 0.09913551401869158
28797 48 0.7902578124999999 0.8179556074766356 0.173046875 0.23941588785046727
28797 62 0.8017031250000001 0.26373831775700934 0.10128124999999999 0.3302803738317757
28797 64 0.30105468750000003 0.07835280373831775 0.073796875 0.1567056074766355
28797 67 0.7013906249999999 0.22525700934579437 0.0394375 0.047757009345794396
28797 1 0.3235 0.14992990654205607 0.08409375 0.21710280373831775
28797 1 0.05005468749999999 0.5205023364485981 0.10010937499999999 0.3042757009345794
28797 31 0.891640625 0.6301051401869159 0.129375 0.18717289719626168
28797 47 0.295546875 0.3320911214953271 0.0906875 0.28067757009345795
28797 47 0.918390625 0.19803738317757008 0.028187499999999997 0.13317757009345793
28797 67 0.3326640625 0.28880841121495326 0.039140625 0.06429906542056074
28797 31 0.234171875 0.31383177570093457 0.025312499999999998 0.060560747663551406
28797 1 0.22234375 0.16622663551401873 0.184125 0.29091121495327105
28797 54 0.46564843749999996 0.7358060747663552 0.161828125 0.14815420560747664
28797 54 0.5682421875 0.4878971962616822 0.08882812500000001 0.11738317757009346
