35248 72 0.6654609375 0.36907205240174673 0.194765625 0.25155021834061136
35248 72 0.2189453125 0.342085152838428 0.094046875 0.15399563318777293
35248 72 0.3540859375 0.3475109170305677 0.083765625 0.18336244541484717
35248 1 0.4498046875 0.5286462882096069 0.267921875 0.9416593886462882
35248 1 0.1471484375 0.603373362445415 0.21389062499999997 0.7258296943231441
35248 1 0.8738906249999999 0.5011244541484716 0.25221875 0.9977510917030569
35248 1 0.07771875 0.33390829694323143 0.1554375 0.2951528384279476
35248 75 0.59603125 0.5087554585152838 0.0958125 0.12611353711790393
35248 31 0.448046875 0.653155021834061 0.23371875000000003 0.6936899563318777
35248 75 0.2575234375 0.5461572052401747 0.020703125 0.013755458515283842
35248 75 0.20838281250000001 0.5312008733624454 0.036640624999999996 0.012663755458515284
