42570 6 0.23892000000000002 0.3813963963963964 0.20308 0.07846846846846847
42570 6 0.48707999999999996 0.3906606606606607 0.18364 0.08744744744744745
42570 6 0.7534000000000001 0.3886186186186186 0.19391999999999998 0.06462462462462462
42570 38 0.5172 0.4385885885885886 0.12764 0.10582582582582584
42570 31 0.75625 0.6227177177177178 0.03782 0.08645645645645646
42570 1 0.9222700000000001 0.6557057057057057 0.12514 0.5861261261261261
42570 1 0.7848599999999999 0.6150450450450451 0.07036 0.28564564564564565
42570 1 0.7223399999999999 0.44486486486486493 0.01736 0.07147147147147147
42570 1 0.35790000000000005 0.7427627627627628 0.07708 0.12834834834834835
42570 1 0.68208 0.4376276276276276 0.010960000000000001 0.04624624624624625
42570 1 0.61476 0.4698198198198198 0.018920000000000003 0.07453453453453454
42570 1 0.34379 0.6033483483483483 0.02818 0.11456456456456456
42570 1 0.30519 0.5745495495495495 0.0169 0.06087087087087087
42570 1 0.09562000000000001 0.6363963963963964 0.03984 0.06600600600600601
42570 1 0.10711999999999999 0.5803153153153153 0.01932 0.06357357357357357
42570 1 0.163 0.5746246246246246 0.02056 0.06948948948948949
42570 38 0.36199000000000003 0.7223423423423424 0.29774 0.48000000000000004
42570 31 0.37617 0.5921771771771771 0.01738 0.024474474474474477
42570 31 0.13895999999999997 0.5952252252252253 0.01896 0.04066066066066066
42570 1 0.2205 0.5751951951951951 0.0294 0.06198198198198198
42570 1 0.7558499999999999 0.46975975975975975 0.02462 0.09585585585585586
42570 1 0.505 0.6216216216216216 0.986 0.4984984984984985
