38317 38 0.5284583333333334 0.9372421875000001 0.166375 0.12176562500000002
38317 38 0.7308333333333333 0.4844609375 0.03354166666666667 0.032015625
38317 38 0.15572916666666667 0.1840859375 0.03920833333333333 0.018921874999999998
38317 38 0.48525 0.41003125 0.029791666666666668 0.01946875
38317 38 0.7836770833333333 0.6190703125 0.02664583333333333 0.022328124999999997
38317 38 0.15705208333333331 0.5353671875 0.027687499999999997 0.019984375
38317 38 0.33525000000000005 0.6262031250000001 0.04933333333333333 0.0200625
38317 38 0.38548958333333333 0.5999453125 0.016020833333333335 0.004015625
38317 38 0.49111458333333335 0.4840234375 0.017145833333333336 0.008453125
38317 38 0.51746875 0.4807578125 0.012354166666666666 0.010109375
38317 1 0.7569479166666666 0.9151875 0.09035416666666667 0.169625
38317 38 0.60265625 0.0923984375 0.03710416666666667 0.026078125
38317 1 0.4525104166666667 0.8725156249999999 0.0486875 0.07225000000000001
38317 1 0.9798020833333333 0.958421875 0.03872916666666667 0.08315625
38317 1 0.8551770833333333 0.879265625 0.03960416666666667 0.07225000000000001
38317 1 0.19476041666666669 0.8842734374999999 0.0539375 0.042703124999999995
38317 1 0.3228229166666667 0.8754531249999999 0.0341875 0.09303125
38317 1 0.23127083333333331 0.8716640624999998 0.017541666666666667 0.043546875
38317 1 0.5831250000000001 0.8911640625 0.15354166666666666 0.20589062500000002
38317 1 0.7250104166666667 0.8673828125 0.025645833333333333 0.054734375
38317 1 0.2780833333333333 0.8664375 0.024625 0.050375
38317 1 0.2948854166666666 0.8673125 0.011854166666666667 0.04521875
38317 38 0.4129791666666666 0.4399453125 0.033 0.012453124999999999
38317 1 0.25866666666666666 0.8658359375 0.015125 0.032484374999999996
38317 1 0.7389270833333333 0.8583984375 0.0171875 0.032734374999999996
38317 38 0.8946458333333334 0.6637187499999999 0.014916666666666667 0.016468749999999997
38317 1 0.5 0.5921875 0.9958333333333333 0.753125
38317 38 0.49895833333333334 0.5390625 0.9979166666666667 0.91875
