45926 8 0.47676 0.5945982142857142 0.896 0.587827380952381
45926 1 0.41640000000000005 0.45122023809523804 0.05172 0.08154761904761905
45926 1 0.5458299999999999 0.45046130952380947 0.0511 0.08407738095238096
45926 1 0.6291800000000001 0.45388392857142856 0.08592 0.08383928571428571
45926 1 0.7446999999999999 0.4558333333333333 0.04028 0.07880952380952382
45926 1 0.47261000000000003 0.44991071428571433 0.0709 0.08220238095238096
45926 1 0.5831900000000001 0.46976190476190477 0.0195 0.046071428571428576
45926 1 0.79056 0.45906250000000004 0.03996 0.06098214285714285
45926 1 0.35825 0.4469047619047619 0.040299999999999996 0.09130952380952381
45926 1 0.69788 0.4720535714285714 0.03972 0.04857142857142857
45926 1 0.83902 0.45620535714285715 0.07088 0.10080357142857142
45926 1 0.51192 0.444375 0.024399999999999998 0.09970238095238096
45926 1 0.28548 0.5360863095238095 0.01576 0.045089285714285714
45926 1 0.8893300000000001 0.4619047619047619 0.05442 0.06535714285714286
45926 1 0.506 0.4479166666666667 0.844 0.22916666666666666
