33431 6 0.7449375 0.3955078125 0.501125 0.539328125
33431 1 0.5691093749999999 0.5967421875000001 0.13034375 0.489609375
33431 1 0.45356250000000004 0.5722265625 0.1230625 0.397328125
33431 1 0.36057812499999997 0.5581406250000001 0.046406249999999996 0.15971875
33431 1 0.2975546875 0.626453125 0.158109375 0.44284375000000004
33431 1 0.187171875 0.51065625 0.09293749999999999 0.1886875
33431 1 0.772953125 0.6451171875 0.26775000000000004 0.662703125
33431 1 0.6525078124999999 0.587046875 0.087171875 0.34259375
33431 1 0.11290625000000001 0.5961875000000001 0.09221875 0.23093750000000002
33431 1 0.32753125 0.5379375000000001 0.04771875 0.20740625000000001
33431 1 0.11672656249999999 0.45329687500000004 0.062578125 0.06909375
33431 31 0.1631328125 0.607515625 0.047515625 0.083625
33431 1 0.3755859375 0.50228125 0.057546875 0.1546875
33431 1 0.3485859375 0.4389765625 0.028453125000000003 0.038484375
