24723 1 0.49847 0.6358533333333333 0.4315 0.7279733333333334
24723 1 0.38837 0.32442666666666664 0.04182 0.09194666666666666
24723 1 0.54041 0.17757333333333333 0.0497 0.08943999999999999
24723 1 0.6539400000000001 0.19078666666666666 0.07524 0.12216
24723 1 0.8175600000000001 0.34088 0.055439999999999996 0.092
24723 1 0.9454 0.4694533333333333 0.1092 0.15986666666666668
24723 1 0.08962 0.4597333333333333 0.0998 0.14543999999999999
24723 1 0.20077 0.5019866666666667 0.12237999999999999 0.2228
24723 1 0.62609 0.4662933333333333 0.07454000000000001 0.13584
24723 40 0.36319999999999997 0.8662933333333334 0.16348 0.15957333333333334
24723 1 0.8723 0.3645333333333333 0.08907999999999999 0.15024
24723 39 0.14959 0.6719333333333333 0.29918 0.30663999999999997
24723 1 0.38212999999999997 0.22776 0.04506 0.11674666666666667
24723 1 0.71977 0.24438666666666667 0.06386 0.12861333333333333
24723 1 0.23451 0.5033333333333333 0.20994 0.22890666666666667
24723 1 0.5 0.49866666666666665 0.996 0.9973333333333333
