45446 3 0.12209375 0.8203541666666666 0.24125000000000002 0.16616666666666668
45446 3 0.1588515625 0.6863854166666666 0.030328125 0.029979166666666668
45446 3 0.1675703125 0.6578854166666667 0.020359375 0.02002083333333333
45446 3 0.2767421875 0.6885104166666667 0.049953125 0.0288125
45446 10 0.508515625 0.2842604166666666 0.043875 0.11202083333333333
45446 10 0.3326171875 0.33176041666666667 0.038640625 0.10860416666666667
45446 10 0.0396953125 0.5720729166666667 0.079390625 0.0788125
45446 11 0.5326015625 0.7922604166666667 0.017640625 0.048604166666666664
45446 10 0.7699609375 0.6405729166666667 0.029828125 0.02814583333333333
45446 10 0.5184609375 0.47683333333333333 0.020515625000000003 0.05708333333333333
45446 10 0.7930703125 0.6435312500000001 0.015703125000000002 0.021520833333333333
45446 1 0.14164062500000002 0.7670416666666667 0.01996875 0.025333333333333333
45446 1 0.0338984375 0.7561770833333333 0.020234375 0.06122916666666667
45446 10 0.6350625 0.48551041666666667 0.01715625 0.0564375
