1837 1 0.78136 0.5910198300283286 0.19832 0.5797733711048159
1837 1 0.68092 0.5292776203966005 0.16808 0.4311898016997167
1837 1 0.56212 0.5614730878186969 0.11344 0.48838526912181307
1837 1 0.46373000000000003 0.536742209631728 0.10362 0.4951841359773371
1837 1 0.38286000000000003 0.5323654390934844 0.08688 0.43345609065155805
1837 1 0.27244 0.6003257790368273 0.15612 0.4475070821529745
1837 41 0.75195 0.8141643059490086 0.1415 0.13478753541076488
1837 1 0.19985 0.549900849858357 0.12114 0.4884702549575071
1837 41 0.53795 0.694886685552408 0.0557 0.20076487252124647
1837 41 0.18581 0.6891643059490085 0.06286 0.20677053824362604
1837 41 0.38542 0.6681586402266289 0.07004 0.20436260623229463
1837 41 0.28853999999999996 0.6969263456090652 0.0498 0.1653541076487252
1837 41 0.43915000000000004 0.6904532577903684 0.06346 0.204985835694051
1837 41 0.66071 0.7936827195467421 0.1227 0.10889518413597733
