47256 77 0.5687395833333333 0.7059765625 0.09989583333333334 0.048578125
47256 77 0.9056041666666667 0.9188671874999998 0.18879166666666666 0.096265625
47256 67 0.5 0.7574765625 1.0 0.485046875
47256 1 0.17606249999999998 0.5084687499999999 0.34612499999999996 0.5756249999999999
47256 47 0.92003125 0.710765625 0.15993749999999998 0.21525
47256 47 0.27009375 0.7942421874999999 0.17210416666666667 0.19229687499999998
47256 47 0.7336145833333333 0.630375 0.10502083333333333 0.111125
47256 47 0.8779270833333332 0.606765625 0.1193125 0.11409375
47256 47 0.40703125 0.79465625 0.16772916666666668 0.24065625000000002
47256 1 0.81896875 0.4394765625 0.2609375 0.29948437499999997
47256 1 0.43740624999999994 0.3938046875 0.04535416666666667 0.071578125
47256 44 0.7412083333333334 0.6301796875 0.04704166666666666 0.165609375
47256 1 0.56915625 0.4697890625 0.4343958333333333 0.360015625
47256 1 0.9063645833333334 0.40521875000000007 0.18727083333333333 0.250375
47256 1 0.36408333333333337 0.4208046875 0.13133333333333333 0.166421875
47256 1 0.46027083333333335 0.60709375 0.40979166666666667 0.33721875
