48554 37 0.51328 0.4080480480480481 0.02532 0.042522522522522525
48554 1 0.67602 0.7166666666666667 0.10504000000000001 0.2473873873873874
48554 1 0.26954 0.6938288288288289 0.04628 0.15024024024024024
48554 1 0.5161100000000001 0.733003003003003 0.05354 0.187987987987988
48554 1 0.38496 0.7153903903903904 0.0732 0.2615315315315315
48554 1 0.47884 0.6665465465465465 0.0578 0.32360360360360363
48554 1 0.5671900000000001 0.7223423423423424 0.0445 0.2227027027027027
48554 41 0.27212000000000003 0.7661261261261262 0.05276 0.013813813813813813
48554 41 0.7007099999999999 0.8438288288288288 0.0673 0.03318318318318318
48554 41 0.49101999999999996 0.7692342342342343 0.04516 0.01822822822822823
