19324 19 0.3986328125 0.7642172897196261 0.154046875 0.4715654205607477
19324 19 0.5971484374999999 0.7625233644859813 0.148921875 0.45397196261682243
19324 3 0.16520312499999998 0.5616004672897197 0.05134375 0.05119158878504673
19324 3 0.3253125 0.5475233644859813 0.0388125 0.05009345794392524
19324 3 0.2526640625 0.5525584112149532 0.050171875 0.05175233644859813
19324 3 0.009859375 0.5649415887850467 0.018125 0.07936915887850467
19324 4 0.250578125 0.6582126168224299 0.10590625000000001 0.1530607476635514
19324 1 0.406 0.5077219626168225 0.209 0.46133177570093453
19324 1 0.5989140625 0.5146728971962616 0.185328125 0.517196261682243
19324 1 0.7324921875 0.7368808411214953 0.095828125 0.3993691588785047
19324 1 0.8487109374999999 0.7435981308411215 0.12167187500000001 0.4802803738317757
19324 1 0.9466796875 0.7301752336448598 0.106640625 0.5396495327102804
19324 1 0.11156250000000001 0.5525467289719627 0.0120625 0.05551401869158879
19324 1 0.6838593749999999 0.595876168224299 0.046375 0.1502570093457944
19324 1 0.5061484375 0.5761682242990654 0.020484375 0.09939252336448598
19324 1 0.13115625 0.5583060747663551 0.026218750000000002 0.0841822429906542
19324 1 0.2657421875 0.6271144859813084 0.077015625 0.2000700934579439
19324 1 0.0740234375 0.5464602803738318 0.011765625 0.0558177570093458
19324 1 0.7763515625 0.727873831775701 0.048421874999999996 0.28495327102803736
19324 1 0.08352343749999999 0.5473831775700935 0.014171875 0.06733644859813084
19324 1 0.3671875 0.5385514018691588 0.66875 0.0911214953271028
