10936 21 0.3333984375 0.46477083333333336 0.140890625 0.12866666666666665
10936 21 0.463265625 0.43178125 0.19834374999999999 0.1615625
10936 21 0.6263359374999999 0.4587291666666667 0.160609375 0.10062499999999999
10936 21 0.7965625 0.47040624999999997 0.16728125 0.10485416666666666
10936 21 0.9343359375 0.47939583333333335 0.130421875 0.15566666666666668
10936 21 0.2600625 0.4341041666666667 0.187125 0.15470833333333334
10936 3 0.7830703124999999 0.2747291666666667 0.31451562499999997 0.20429166666666668
10936 3 0.21945312499999997 0.24764583333333334 0.33128125 0.15470833333333334
10936 3 0.9889765624999999 0.26930208333333333 0.022046875 0.0704375
10936 21 0.5259921875 0.4776979166666667 0.10014062500000001 0.13352083333333334
