13249 31 0.9518906250000001 0.8567570754716981 0.01565625 0.040400943396226414
13249 31 0.199484375 0.9072523584905661 0.032218750000000004 0.06252358490566039
13249 1 0.1239140625 0.8289504716981133 0.041046875 0.14389150943396226
13249 1 0.4685625 0.9100471698113208 0.57634375 0.1799056603773585
13249 1 0.8780624999999999 0.8972759433962264 0.0505 0.20544811320754716
13249 1 0.8268359375 0.8876061320754717 0.048421874999999996 0.14955188679245282
13249 1 0.08634375000000001 0.8516745283018868 0.0416875 0.11235849056603774
13249 1 0.1438515625 0.832806603773585 0.023421875 0.12514150943396227
13249 1 0.37834375 0.8177948113207547 0.03615625 0.1036556603773585
13249 1 0.3868125 0.9345872641509434 0.051437500000000004 0.1308254716981132
13249 1 0.4879375 0.9375353773584906 0.048593750000000005 0.12011792452830189
13249 1 0.519890625 0.8838561320754716 0.0294375 0.12587264150943395
13249 1 0.580875 0.8053773584905661 0.040375 0.05599056603773585
13249 1 0.8315859375000001 0.9633608490566038 0.081265625 0.07327830188679245
13249 1 0.74865625 0.8370872641509435 0.03153125 0.11790094339622642
13249 1 0.50078125 0.8431603773584906 0.9953125 0.3089622641509434
