36048 1 0.358556338028169 0.5998749999999999 0.717112676056338 0.8002499999999999
36048 1 0.7474765258215962 0.4567734375 0.18645539906103287 0.21076562499999998
36048 1 0.5283450704225352 0.512359375 0.23969483568075117 0.12584375
36048 43 0.5418896713615023 0.76078125 0.2526056338028169 0.289875
36048 62 0.8033098591549296 0.3692578125 0.19985915492957745 0.105640625
36048 1 0.9177230046948357 0.48732031249999996 0.16455399061032863 0.152515625
36048 62 0.9421126760563381 0.3358359375 0.11577464788732394 0.034390625
36048 62 0.38315727699530516 0.3178515625 0.17889671361502346 0.055609375
36048 62 0.3430516431924882 0.22886718749999999 0.172112676056338 0.079671875
36048 62 0.4762089201877934 0.24870312500000002 0.05758215962441315 0.06334375
36048 62 0.666161971830986 0.19549218750000003 0.1489906103286385 0.016296875
36048 62 0.7158098591549296 0.233734375 0.115 0.035875000000000004
36048 62 0.9014084507042254 0.2679609375 0.14826291079812207 0.031171874999999998
36048 62 0.8312910798122065 0.462390625 0.14089201877934274 0.10228124999999999
36048 62 0.7529225352112676 0.31996875 0.16030516431924885 0.0661875
36048 62 0.36669014084507046 0.26903125 0.16657276995305162 0.028375
36048 62 0.37279342723004694 0.34757031250000003 0.10751173708920188 0.040296874999999996
36048 62 0.5371126760563381 0.071109375 0.19460093896713615 0.0803125
36048 1 0.12619718309859154 0.24762499999999998 0.205962441314554 0.3273125
36048 1 0.017746478873239435 0.4207734375 0.03549295774647887 0.080015625
36048 62 0.5 0.246875 0.9953051643192489 0.49375
