23957 7 0.42725 0.7603020833333335 0.18034375 0.22697916666666668
23957 7 0.47241406250000006 0.6127291666666667 0.076265625 0.09466666666666666
23957 7 0.2293515625 0.6843437499999999 0.082171875 0.11052083333333333
23957 20 0.8765468750000001 0.6146145833333333 0.00946875 0.0061875
23957 20 0.9334921875 0.6127291666666667 0.011390625 0.0085
23957 20 0.8567734375 0.6181874999999999 0.008921875 0.008666666666666666
23957 20 0.825171875 0.6204583333333333 0.00428125 0.009291666666666667
23957 20 0.8288437499999999 0.62040625 0.0028125 0.004979166666666667
23957 20 0.83309375 0.6204479166666667 0.00565625 0.007354166666666666
23957 1 0.4411875 0.6149479166666667 0.0073437500000000005 0.0230625
23957 1 0.3455390625 0.6401145833333334 0.014828125000000001 0.0509375
23957 1 0.9242421875 0.5707083333333334 0.016765625 0.017916666666666668
23957 1 0.3545703125 0.6574895833333333 0.005109375 0.0089375
23957 1 0.47341406249999995 0.71425 0.008453125 0.04779166666666667
23957 20 0.8651249999999999 0.6148229166666667 0.0083125 0.011479166666666667
23957 20 0.8690703125000001 0.6174583333333333 0.005890625 0.0060416666666666665
23957 20 0.8819140624999999 0.6136145833333334 0.006703125 0.008020833333333333
23957 20 0.9063125 0.6149166666666667 0.00871875 0.009875
23957 20 0.9790468749999999 0.6026770833333334 0.00403125 0.0049375
23957 20 0.9728828125 0.6054895833333334 0.0044218750000000005 0.007229166666666667
