42427 44 0.23525000000000001 0.75428125 0.07628125 0.24210416666666665
42427 44 0.3447734375 0.8934895833333333 0.074828125 0.21302083333333333
42427 44 0.128453125 0.9220937499999999 0.09096875 0.15322916666666667
42427 51 0.6843125000000001 0.60140625 0.15953124999999999 0.1576875
42427 53 0.5039765624999999 0.6476666666666666 0.066109375 0.08187499999999999
42427 51 0.49694531249999996 0.21672916666666667 0.129734375 0.10287500000000001
42427 51 0.50059375 0.13839583333333336 0.14196875 0.08466666666666667
42427 51 0.3775 0.36546874999999995 0.13565624999999998 0.1630625
42427 53 0.662421875 0.8624791666666667 0.04209375 0.0515
42427 53 0.7007578125 0.8504999999999999 0.041328125 0.06054166666666667
42427 53 0.4659453125 0.8190208333333333 0.050203125 0.06791666666666667
42427 53 0.4070078125 0.7985625 0.054515625 0.06675
42427 53 0.40612499999999996 0.8472291666666667 0.0390625 0.04833333333333333
42427 53 0.5420312500000001 0.86021875 0.048 0.04702083333333333
42427 44 0.292375 0.5946145833333333 0.08471875 0.14972916666666666
42427 44 0.27457031249999997 0.6570208333333334 0.084390625 0.17041666666666666
42427 44 0.2540078125 0.7120208333333333 0.072984375 0.177375
42427 44 0.17453125 0.8768020833333333 0.091125 0.24639583333333331
