44291 28 0.24571261682242992 0.6580546875 0.4844158878504673 0.187796875
44291 28 0.44466121495327104 0.5080546874999999 0.30025700934579436 0.181078125
44291 28 0.30914719626168224 0.305453125 0.12030373831775701 0.022125
44291 28 0.38616822429906544 0.7563828125 0.4825233644859813 0.336359375
44291 28 0.3776168224299066 0.5474453125000001 0.4014953271028037 0.10357812500000001
44291 28 0.6733060747663552 0.557421875 0.26441588785046727 0.20328125
44291 28 0.5249065420560748 0.43052343749999994 0.19163551401869158 0.063859375
44291 28 0.18973130841121494 0.47890625 0.2711448598130841 0.14584375
44291 28 0.31335280373831775 0.3343671875 0.12726635514018692 0.05645312500000001
44291 28 0.4015654205607477 0.3357421875 0.11257009345794393 0.058140625
44291 28 0.3485747663551402 0.4232421875 0.18210280373831775 0.06029687500000001
44291 28 0.4266355140186916 0.3065625 0.07420560747663552 0.03209375
44291 28 0.6961448598130843 0.8493515625000001 0.6077102803738318 0.27532812500000003
44291 28 0.4485981308411215 0.3046875 0.205607476635514 0.075
