16216 1 0.25317708333333333 0.62696875 0.48839583333333336 0.72359375
16216 1 0.9089583333333333 0.707609375 0.17866666666666667 0.48131250000000003
16216 2 0.7196041666666666 0.642671875 0.23079166666666667 0.12115625000000001
16216 28 0.4028229166666667 0.37022656249999997 0.4238958333333333 0.346828125
16216 1 0.09157291666666666 0.494140625 0.07606249999999999 0.14603125
16216 1 0.7425625 0.613859375 0.111 0.18328125
16216 1 0.5901250000000001 0.5582578125000001 0.0655 0.08982812500000001
16216 1 0.9544999999999999 0.8001250000000001 0.091 0.39975
16216 1 0.026333333333333334 0.4429609375 0.05266666666666667 0.063734375
16216 1 0.886875 0.613765625 0.059666666666666666 0.10884374999999999
16216 2 0.14642708333333332 0.5802109375000001 0.1030625 0.08154687499999999
16216 27 0.4176458333333333 0.6947109375 0.10679166666666666 0.10301562500000001
16216 27 0.6215729166666666 0.72475 0.08989583333333333 0.08809375
16216 27 0.11753125000000002 0.48891406249999997 0.04552083333333334 0.068265625
16216 27 0.1506354166666667 0.4707734375 0.03747916666666666 0.055890625000000006
16216 1 0.06773958333333334 0.446265625 0.06697916666666666 0.07471875
16216 2 0.6252083333333334 0.5806015625 0.09429166666666666 0.06492187499999999
16216 2 0.72553125 0.7485546875 0.27547916666666666 0.129046875
