27907 62 0.044708333333333336 0.47603906250000005 0.08941666666666667 0.062296874999999995
27907 15 0.568375 0.42358593750000006 0.20083333333333334 0.121296875
27907 40 0.7565104166666666 0.5713125 0.0905625 0.053000000000000005
27907 1 0.7208333333333333 0.265125 0.08320833333333333 0.0890625
27907 1 0.4344583333333334 0.506734375 0.33558333333333334 0.42471875
27907 1 0.23565625 0.30975 0.06977083333333334 0.16025
27907 1 0.6837708333333333 0.607328125 0.23933333333333331 0.2555
27907 1 0.7325937499999999 0.366296875 0.18277083333333335 0.22471875
27907 1 0.61109375 0.3 0.10427083333333333 0.18828125
27907 1 0.8923020833333334 0.372640625 0.1918541666666667 0.19278125
27907 1 0.5138125 0.26815625 0.08762500000000001 0.07781249999999999
27907 1 0.9709479166666667 0.27211718749999997 0.058104166666666665 0.100546875
27907 1 0.30491666666666667 0.28064843749999996 0.06883333333333333 0.09035937499999999
27907 47 0.28960416666666666 0.34009375 0.026166666666666668 0.02715625
27907 1 0.21405208333333334 0.40201562499999993 0.14952083333333333 0.13778125000000002
27907 62 0.58378125 0.394640625 0.16968750000000002 0.06646875
27907 1 0.8816249999999999 0.2758984375 0.0845 0.082828125
27907 1 0.496875 0.3640625 0.99375 0.359375
