42441 19 0.36036214953271023 0.6362578125 0.5523130841121495 0.585578125
42441 2 0.019123831775700935 0.2343125 0.0377803738317757 0.06315625
42441 3 0.9090771028037384 0.16432031249999998 0.18184579439252335 0.113140625
42441 1 0.4816588785046729 0.2494296875 0.19228971962616823 0.207390625
42441 1 0.7017056074766355 0.2923046875 0.2774766355140187 0.324359375
42441 1 0.49241822429906545 0.1525 0.06623831775700935 0.061843749999999996
42441 1 0.5831542056074767 0.1850703125 0.13593457943925233 0.071109375
42441 1 0.24792056074766355 0.11351562500000001 0.02588785046728972 0.05234375
42441 1 0.8108177570093459 0.18753906250000002 0.060046728971962615 0.060984375
42441 1 0.6186331775700934 0.13160156250000002 0.02572429906542056 0.031234374999999998
42441 1 0.584626168224299 0.14359375000000002 0.03397196261682243 0.0391875
42441 1 0.30113317757009345 0.1252421875 0.027126168224299065 0.017859375
42441 1 0.5491705607476636 0.1263984375 0.017873831775700934 0.025640625
42441 1 0.980572429906542 0.25094531249999996 0.03820093457943925 0.149640625
42441 3 0.27144859813084116 0.21484375 0.3460747663551402 0.16690624999999998
42441 8 0.11669392523364486 0.1513671875 0.23338785046728971 0.169421875
42441 1 0.6676869158878505 0.173296875 0.10453271028037384 0.10409375000000001
