9760 44 0.847046875 0.6669479166666668 0.03825 0.07985416666666666
9760 44 0.15132812499999998 0.4313958333333333 0.029125 0.11845833333333333
9760 44 0.45978906249999996 0.20542708333333334 0.006234375 0.0360625
9760 44 0.43248437500000003 0.33549999999999996 0.00990625 0.03895833333333333
9760 44 0.507359375 0.3342708333333333 0.00821875 0.03308333333333333
9760 44 0.52434375 0.3254375 0.0125 0.04570833333333334
9760 44 0.7002734375 0.33649999999999997 0.033765625 0.110875
9760 1 0.140421875 0.5791354166666667 0.27925 0.5599791666666667
9760 1 0.1514453125 0.36101041666666667 0.126234375 0.1178125
9760 1 0.2648203125 0.3237083333333333 0.092890625 0.242375
9760 1 0.3861953125 0.38766666666666666 0.10332812499999999 0.16279166666666667
9760 47 0.8397656250000001 0.8404270833333334 0.095625 0.17002083333333334
9760 73 0.31195312499999994 0.5588645833333333 0.13774999999999998 0.22989583333333333
9760 74 0.32029687500000004 0.6621666666666666 0.043375000000000004 0.03808333333333334
9760 46 0.141828125 0.40365625000000005 0.023625 0.04539583333333333
9760 46 0.22943749999999996 0.4211145833333333 0.02328125 0.06147916666666667
9760 46 0.1846953125 0.40286458333333336 0.025390625 0.0313125
9760 46 0.16857031249999999 0.5103125000000001 0.047859374999999996 0.13070833333333334
9760 47 0.3586328125 0.6505312500000001 0.070078125 0.09910416666666667
9760 47 0.2098671875 0.5016666666666667 0.036578125 0.058041666666666665
9760 47 0.51234375 0.5185937500000001 0.03465625 0.05297916666666667
9760 59 0.921265625 0.7554166666666667 0.098375 0.05495833333333333
9760 73 0.1563125 0.47365625000000006 0.12665625 0.14264583333333333
9760 73 0.9080234375 0.6345937500000001 0.183953125 0.24010416666666667
9760 73 0.5897265624999999 0.5097291666666667 0.137171875 0.10745833333333334
9760 74 0.7923828125 0.6358854166666668 0.041515625 0.04939583333333333
9760 77 0.1423203125 0.5623229166666667 0.038984375 0.023979166666666666
9760 44 0.467375 0.21261458333333336 0.00828125 0.025645833333333333
9760 44 0.7159921874999999 0.35769791666666667 0.030546875 0.08235416666666667
9760 47 0.192875 0.5316041666666667 0.04146875 0.07729166666666668
9760 62 0.7622578124999999 0.5112708333333333 0.154546875 0.138375
9760 62 0.44107031249999995 0.44140625 0.032484374999999996 0.09939583333333334
9760 62 0.058921875 0.8933541666666667 0.11715625 0.201625
9760 62 0.1876875 0.9661562499999999 0.20559375000000002 0.0676875
9760 74 0.11953906249999999 0.5109270833333334 0.010171875 0.0030625
9760 73 0.5518203125000001 0.7477083333333334 0.38082812499999996 0.41191666666666665
9760 1 0.8842734374999999 0.48586458333333327 0.23064062500000002 0.3188125
