44782 2 0.32425000000000004 0.8515104166666666 0.033187499999999995 0.04877083333333333
44782 2 0.6748671875 0.8574999999999999 0.050265625 0.05445833333333334
44782 3 0.0764765625 0.8467395833333333 0.152953125 0.12702083333333333
44782 3 0.133125 0.8029375000000001 0.039781250000000004 0.03820833333333333
44782 3 0.3625859375 0.8189583333333333 0.045921875 0.042124999999999996
44782 1 0.20173437500000002 0.8932708333333335 0.11153125 0.21345833333333333
44782 1 0.42595312500000004 0.8349375 0.02165625 0.07279166666666666
44782 1 0.79240625 0.830875 0.03846875 0.04029166666666666
44782 1 0.3600234375 0.8259375 0.018640625 0.04566666666666667
44782 1 0.323171875 0.83684375 0.0294375 0.06822916666666666
44782 1 0.2916875 0.8253125 0.01534375 0.04825
44782 1 0.3023046875 0.8151562499999999 0.011640625 0.042270833333333334
44782 1 0.2539140625 0.8278541666666667 0.015046875000000001 0.059625000000000004
44782 3 0.10602343750000001 0.8090625 0.028890624999999996 0.016916666666666667
44782 2 0.42545312500000004 0.8576979166666666 0.01109375 0.051062500000000004
44782 1 0.1183359375 0.718 0.006703125 0.03283333333333333
44782 1 0.8950703124999999 0.84346875 0.022390625 0.0681875
44782 2 0.3597421875 0.8494375000000001 0.018015625 0.043000000000000003
44782 1 0.1509375 0.9080729166666667 0.08525 0.18060416666666665
