35843 1 0.22682031250000004 0.7108854166666667 0.023796875000000002 0.04739583333333333
35843 1 0.24409375 0.71084375 0.02028125 0.0450625
35843 1 0.41345312500000003 0.6765625 0.01046875 0.022916666666666665
35843 1 0.4880625 0.6673645833333334 0.0062812499999999995 0.0163125
35843 38 0.09234375 0.45136458333333335 0.03378125 0.0093125
35843 1 0.1798671875 0.7141875 0.009640625 0.017333333333333333
35843 1 0.042976562499999996 0.7265312500000001 0.021921875 0.03985416666666666
35843 38 0.166484375 0.5405416666666666 0.04 0.032
35843 38 0.9248515625 0.25514583333333335 0.150296875 0.11004166666666666
35843 38 0.7851874999999999 0.20898958333333334 0.02459375 0.017854166666666667
35843 38 0.2798359375 0.5768333333333333 0.024921875 0.020625
35843 38 0.026468750000000003 0.6188229166666666 0.01059375 0.0188125
