7115 1 0.09378125 0.08327868852459017 0.052593749999999995 0.15021077283372367
7115 1 0.5098671875 0.03944964871194379 0.084828125 0.07889929742388758
7115 28 0.569734375 0.5917564402810305 0.47378125000000004 0.4157377049180328
7115 28 0.1851015625 0.7128688524590163 0.370203125 0.5240515222482436
7115 28 0.21173437499999997 0.4500819672131148 0.37021875 0.22882903981264635
7115 28 0.3029765625 0.3342037470725995 0.22779687499999998 0.20484777517564404
7115 28 0.5534375 0.39066744730679154 0.41178125000000004 0.23604215456674474
7115 28 0.872484375 0.37097189695550353 0.25503125 0.1995550351288056
7115 1 0.5473125 0.8752107728337237 0.34168750000000003 0.24957845433255268
7115 28 0.8997109375000001 0.19576112412177987 0.200578125 0.19348946135831382
7115 28 0.5328828124999999 0.2857142857142857 0.24089062499999997 0.13508196721311475
7115 28 0.097828125 0.30189695550351286 0.18953124999999998 0.16637002341920376
7115 28 0.8942499999999999 0.645456674473068 0.21150000000000002 0.35063231850117094
7115 28 0.602828125 0.3478220140515222 0.29740625 0.18763466042154567
7115 28 0.84778125 0.3483372365339579 0.23759375 0.188711943793911
7115 1 0.8270156249999999 0.7002107728337237 0.08206250000000001 0.2459953161592506
7115 1 0.1711171875 0.8971545667447308 0.26964062499999997 0.20569086651053864
7115 1 0.4191015625 0.051276346604215456 0.075015625 0.1008665105386417
7115 1 0.0508046875 0.10259953161592507 0.101609375 0.2039344262295082
7115 1 0.8672890625 0.0680913348946136 0.074953125 0.11473067915690867
7115 1 0.6990859375 0.8211241217798595 0.085734375 0.2029976580796253
7115 1 0.5766953125 0.05902810304449649 0.055484374999999996 0.11613583138173303
7115 28 0.1160703125 0.21030444964871195 0.232140625 0.13901639344262295
7115 1 0.89875 0.4627985948477752 0.07921875 0.09412177985948478
7115 1 0.3128515625 0.0958430913348946 0.041328125 0.1186182669789227
7115 1 0.27928906249999996 0.08940281030444965 0.017234375 0.08526932084309133
7115 1 0.8921875 0.8454332552693209 0.2125 0.3044496487119438
7115 28 0.5 0.3430913348946136 0.996875 0.5456674473067916
