3535 3 0.3752421875 0.9006458333333334 0.072203125 0.142125
3535 3 0.3276953125 0.90796875 0.043171875 0.09710416666666667
3535 8 0.769421875 0.7815312500000001 0.46115625 0.4121458333333334
3535 1 0.27471875 0.6595520833333333 0.2460625 0.6539375
3535 10 0.498265625 0.10202083333333332 0.17234375 0.20404166666666665
3535 10 0.3871171875 0.4376145833333333 0.191234375 0.24547916666666666
3535 3 0.77671875 0.8874895833333334 0.4456875 0.22502083333333334
3535 3 0.4235234375 0.9193854166666667 0.092140625 0.16122916666666667
3535 3 0.31440625 0.86653125 0.039468750000000004 0.03810416666666667
3535 3 0.33678125 0.8351041666666668 0.01525 0.015375
3535 3 0.3156015625 0.8475937499999999 0.045921875 0.026395833333333334
