15757 1 0.21785937500000002 0.42729508196721305 0.33603125 0.27903981264637
15757 1 0.2078046875 0.3620140515222482 0.063828125 0.17718969555035127
15757 1 0.052625 0.3834074941451991 0.0405625 0.24901639344262294
15757 1 0.6499453125000001 0.3987587822014051 0.058953124999999995 0.08365339578454332
15757 38 0.46381249999999996 0.1084192037470726 0.04246875 0.06878220140515223
15757 42 0.573171875 0.3961826697892271 0.1066875 0.04468384074941452
15757 42 0.2669453125 0.5479976580796253 0.533890625 0.10995316159250586
15757 42 0.5578828125 0.4446252927400468 0.170671875 0.030046838407494145
15757 42 0.12793749999999998 0.43529274004683843 0.08006250000000001 0.06117096018735363
15757 42 0.7207109375 0.3829742388758782 0.09373437500000001 0.025152224824355973
15757 42 0.671671875 0.32270491803278684 0.11574999999999999 0.10199063231850117
15757 42 0.0248046875 0.5570257611241217 0.049609375 0.04042154566744731
15757 1 0.36653906249999996 0.3574121779859485 0.033921875000000004 0.1476112412177986
15757 1 0.5576718749999999 0.3365690866510539 0.0198125 0.0890632318501171
15757 42 0.793859375 0.3598829039812646 0.0949375 0.023185011709601876
15757 1 0.9805078125 0.30610070257611244 0.035328125 0.05885245901639344
