39100 4 0.49587499999999995 0.6810655737704918 0.9065312499999999 0.6338407494145198
39100 62 0.150578125 0.13303278688524592 0.07162500000000001 0.09566744730679157
39100 1 0.511609375 0.48867681498829035 0.4876875 0.9372131147540984
39100 1 0.7693359375 0.10242388758782202 0.050421875000000005 0.17117096018735364
39100 62 0.9804765625 0.227423887587822 0.039046874999999995 0.08613583138173303
39100 62 0.3705078125 0.18039812646370024 0.074484375 0.09227166276346604
39100 1 0.9833281249999999 0.1471896955503513 0.03334375 0.09648711943793911
39100 1 0.09133593749999999 0.12566744730679155 0.038265625 0.16257611241217798
39100 1 0.3666015625 0.1437704918032787 0.079515625 0.16637002341920376
39100 1 0.8148984374999999 0.12703747072599533 0.056140625 0.24807962529274005
39100 62 0.04178125 0.14947306791569087 0.08175 0.13927400468384074
39100 1 0.11086718749999999 0.11785714285714287 0.083078125 0.23571428571428574
