23487 19 0.6491699999999999 0.639140625 0.023059999999999997 0.098125
23487 1 0.64392 0.5385286458333334 0.00916 0.019453124999999998
23487 1 0.6298400000000001 0.5488020833333334 0.014 0.030104166666666668
23487 1 0.057409999999999996 0.6757552083333334 0.0219 0.10473958333333333
23487 1 0.33004 0.5901432291666667 0.020120000000000002 0.034140625
23487 1 0.6329600000000001 0.9210546875 0.07116 0.15528645833333335
23487 1 0.6113999999999999 0.5515755208333334 0.012240000000000001 0.036744791666666665
23487 1 0.23163 0.5969140625 0.0265 0.046015625000000004
23487 1 0.88854 0.6380598958333333 0.023039999999999998 0.067421875
23487 1 0.13592 0.6669921875 0.0366 0.09299479166666667
23487 1 0.86333 0.6190104166666667 0.01042 0.05661458333333333
