29931 64 0.7120781249999999 0.6505624999999999 0.07584375 0.10112499999999999
29931 62 0.397609375 0.8523229166666667 0.10653125000000001 0.2099791666666667
29931 62 0.2596484375 0.8303020833333332 0.10670312500000001 0.20110416666666667
29931 62 0.579703125 0.8794583333333333 0.07890625 0.24108333333333334
29931 62 0.2138046875 0.6970416666666667 0.062484375 0.028666666666666667
29931 1 0.6306171875 0.79796875 0.134390625 0.3796875
29931 47 0.7673515625 0.7552812499999999 0.020265625000000002 0.03839583333333333
29931 47 0.7581875 0.8368020833333334 0.044656249999999995 0.08147916666666667
29931 47 0.684625 0.7652604166666667 0.02325 0.0363125
29931 73 0.2595546875 0.7098541666666666 0.06742187499999999 0.058416666666666665
29931 73 0.716625 0.775125 0.08759375 0.04645833333333334
29931 74 0.29548437499999997 0.7351354166666667 0.01225 0.010479166666666668
29931 33 0.19922656249999998 0.7856458333333334 0.09517187499999999 0.16533333333333333
29931 67 0.4509765625 0.7363645833333334 0.601953125 0.14285416666666664
29931 67 0.726453125 0.866375 0.22115625 0.26725
29931 73 0.4403125 0.7130625 0.0836875 0.06683333333333333
