44494 6 0.3985 0.50225 0.33558333333333334 0.40225
44494 1 0.7525 0.6279453125 0.09608333333333333 0.174546875
44494 1 0.8726145833333334 0.629109375 0.14235416666666667 0.19353125
44494 1 0.69190625 0.5672187500000001 0.02822916666666667 0.0770625
44494 1 0.818375 0.6018828125 0.05945833333333333 0.184234375
44494 1 0.7042291666666667 0.5690859375 0.029125 0.077671875
44494 1 0.7869166666666666 0.551078125 0.028458333333333332 0.0356875
44494 1 0.7247083333333334 0.5514765625 0.024166666666666666 0.032421875
44494 1 0.6705416666666667 0.56765625 0.021625000000000002 0.06578125
44494 1 0.7393229166666667 0.5483515625 0.019354166666666665 0.026265624999999997
