35368 52 0.5981372549019608 0.4645098039215686 0.12990196078431374 0.4284967320261438
35368 52 0.7490686274509804 0.4314133986928104 0.32467320261437904 0.4758333333333333
35368 52 0.5369607843137255 0.5968300653594771 0.0880718954248366 0.2103267973856209
35368 52 0.5415277777777778 0.7572549019607844 0.2959967320261438 0.17411764705882354
35368 55 0.716576797385621 0.8847630718954249 0.18753267973856208 0.1847222222222222
35368 47 0.10089869281045752 0.852687908496732 0.20179738562091504 0.294624183006536
35368 47 0.055604575163398694 0.58406045751634 0.11052287581699347 0.2063888888888889
35368 51 0.6824264705882352 0.8344607843137255 0.6261274509803921 0.30856209150326797
35368 67 0.5685375816993464 0.9349754901960785 0.7865196078431373 0.09887254901960783
35368 47 0.21894607843137256 0.8332924836601306 0.062467320261437906 0.24573529411764702
35368 47 0.08523692810457516 0.6993954248366012 0.17024509803921567 0.03496732026143791
35368 55 0.7799264705882353 0.7706127450980392 0.19243464052287582 0.12253267973856208
