7297 3 0.6633125000000001 0.6906916996047431 0.10071875 0.10592885375494071
7297 10 0.47292968750000003 0.5850197628458499 0.014203125 0.042371541501976286
7297 10 0.5071171875 0.5784288537549407 0.018296875 0.0734189723320158
7297 1 0.6035390625 0.7665513833992095 0.067453125 0.26752964426877474
7297 1 0.44615625000000003 0.6793181818181818 0.024406249999999997 0.08231225296442687
7297 1 0.31478125 0.671304347826087 0.02003125 0.0799604743083004
7297 1 0.3365625 0.6756916996047431 0.021156249999999998 0.056600790513833994
7297 3 0.723390625 0.6895652173913044 0.06159375 0.08324110671936759
7297 1 0.26871875 0.6842193675889329 0.0228125 0.09452569169960474
7297 10 0.6785781249999999 0.5888735177865613 0.01021875 0.0266798418972332
7297 10 0.7034765625 0.5795750988142292 0.009765625 0.02492094861660079
7297 10 0.45900781250000006 0.6198913043478261 0.005609375 0.008320158102766798
7297 10 0.7713984375 0.5887351778656127 0.015203125000000001 0.04616600790513834
7297 1 0.3241328125 0.6788735177865612 0.009359375 0.04972332015810277
7297 3 0.774359375 0.6854545454545454 0.0813125 0.05940711462450592
7297 8 0.5735546874999999 0.6565711462450592 0.041203125 0.07290513833992095
7297 8 0.8893281249999999 0.6806521739130434 0.14221875 0.1273122529644269
7297 8 0.5153046874999999 0.6516205533596838 0.061796874999999994 0.055059288537549406
7297 10 0.4758046875 0.610909090909091 0.011671875 0.009367588932806325
