8520 1 0.6295502092050209 0.4225625 0.1979707112970711 0.31890625
8520 1 0.8024476987447698 0.323359375 0.24481171548117153 0.35440625
8520 1 0.3507635983263599 0.4940703125 0.2342468619246862 0.395859375
8520 1 0.44768828451882847 0.024234375 0.0553765690376569 0.04846875
8520 1 0.5523221757322175 0.0263359375 0.04849372384937239 0.052671875
8520 1 0.540418410041841 0.1959609375 0.10062761506276151 0.20495312499999999
8520 1 0.1620397489539749 0.5414296875 0.27717573221757325 0.12242187499999999
8520 35 0.6622280334728032 0.57365625 0.3138284518828452 0.0415625
8520 1 0.515407949790795 0.4441796875 0.10102510460251046 0.201203125
8520 1 0.8049999999999999 0.1456796875 0.08924686192468619 0.11851562499999999
8520 1 0.6033472803347281 0.0081015625 0.04677824267782427 0.016203125
8520 1 0.7084518828451882 0.004984375 0.032803347280334724 0.00996875
8520 35 0.09382845188284519 0.6262421875 0.18765690376569039 0.085484375
