28642 1 0.24759375 0.57995337995338 0.37440625 0.8198135198135198
28642 1 0.807390625 0.6842657342657341 0.2229375 0.6
28642 1 0.9707265625 0.6797668997668997 0.058546875 0.5101165501165501
28642 1 0.934171875 0.5193123543123543 0.032625 0.07312354312354312
28642 1 0.66121875 0.5791841491841492 0.07796875 0.24699300699300697
28642 1 0.699046875 0.5618531468531468 0.04625 0.20179487179487177
28642 1 0.12153125000000001 0.6824358974358974 0.176625 0.6148484848484848
28642 1 0.9354218750000001 0.6134848484848485 0.06628125 0.2472027972027972
28642 1 0.7582109375000001 0.49583916083916085 0.033703125 0.09727272727272726
28642 1 0.6194609375000001 0.45826340326340326 0.094671875 0.1453846153846154
28642 1 0.7311796875 0.573974358974359 0.062890625 0.20235431235431237
28642 1 0.6401328125 0.5295804195804196 0.44457812499999994 0.9408391608391609
28642 1 0.6766484375 0.5044055944055944 0.027328124999999998 0.06195804195804196
28642 77 0.786265625 0.7697319347319347 0.10534375 0.08025641025641025
28642 77 0.090390625 0.6274125874125874 0.0685 0.039533799533799534
28642 77 0.8930468749999999 0.6526223776223775 0.0376875 0.041142191142191135
