715 52 0.42174218750000003 0.5900520833333334 0.097203125 0.1650625
715 52 0.7651640625 0.7617916666666668 0.087640625 0.17079166666666667
715 52 0.57621875 0.7070833333333333 0.44228125 0.3937083333333333
715 47 0.5856250000000001 0.29616666666666663 0.06381250000000001 0.08804166666666666
715 47 0.5414453124999999 0.2734583333333333 0.063703125 0.07695833333333332
715 47 0.7692421875 0.2843541666666667 0.068640625 0.09000000000000001
715 47 0.8340546875000001 0.26766666666666666 0.06839062500000001 0.07575
715 47 0.4626328125 0.21928124999999998 0.043640625 0.0694375
715 47 0.31965625 0.17479166666666665 0.0373125 0.027416666666666666
715 47 0.712015625 0.25683333333333336 0.064375 0.06970833333333333
715 47 0.653921875 0.25903125 0.06465625 0.06222916666666667
715 53 0.065390625 0.31403125000000004 0.025625 0.03964583333333334
715 53 0.0463828125 0.3139166666666667 0.017671875 0.03204166666666667
715 53 0.09290625 0.32509375 0.0296875 0.03839583333333333
715 53 0.0249296875 0.30779166666666663 0.026484374999999998 0.030916666666666665
715 53 0.017578125 0.30159375 0.02003125 0.0284375
715 54 0.1389921875 0.24510416666666668 0.056109374999999996 0.038
715 54 0.21007812499999998 0.16816666666666666 0.07190625 0.04108333333333333
715 54 0.2251875 0.14654166666666668 0.05809375 0.039375
715 54 0.1338515625 0.28632291666666665 0.121046875 0.07435416666666667
715 54 0.12534375 0.18925 0.0474375 0.03870833333333333
715 54 0.22292187500000002 0.21713541666666666 0.07115625 0.0313125
715 55 0.23835156249999997 0.5991354166666666 0.051078124999999995 0.07002083333333334
715 55 0.47768749999999993 0.36793750000000003 0.05809375 0.09358333333333334
715 55 0.6016796875 0.4471979166666666 0.589890625 0.2831458333333333
715 55 0.25157031250000006 0.32484375000000004 0.043421875 0.0549375
715 55 0.2086015625 0.3431458333333333 0.066578125 0.07766666666666668
715 55 0.16484375 0.62746875 0.0540625 0.06622916666666666
715 55 0.40551562499999994 0.7481979166666667 0.06696875 0.08822916666666666
715 55 0.5791328124999999 0.870875 0.065203125 0.089875
715 55 0.758421875 0.9191041666666666 0.07415625 0.107875
715 55 0.791296875 0.82359375 0.07584375 0.09214583333333333
715 47 0.5124296875000001 0.20814583333333334 0.050328125 0.087875
715 47 0.31756249999999997 0.22049999999999997 0.048562499999999995 0.06245833333333333
715 47 0.5438984375 0.18544791666666666 0.021484375 0.0515625
715 53 0.14530468749999997 0.342125 0.025703125 0.033
715 53 0.1259140625 0.3366875 0.028640624999999996 0.03625
715 55 0.29478125 0.6963125 0.0594375 0.07154166666666667
715 55 0.22892968749999998 0.66534375 0.057171875000000004 0.06747916666666667
715 55 0.7915703125 0.7599166666666667 0.062140625000000005 0.07475000000000001
715 47 0.42717968749999996 0.24526041666666665 0.045359375 0.0808125
715 54 0.1673984375 0.22171875000000002 0.051296875 0.034937499999999996
715 58 0.11156250000000001 0.12470833333333334 0.0576875 0.041625
715 55 0.43359375 0.6604166666666667 0.7140625 0.675
