1153 44 0.05701 0.21449333333333334 0.11081999999999999 0.4289866666666667
1153 44 0.38006 0.10530666666666667 0.0876 0.21061333333333335
1153 50 0.17861000000000002 0.22342666666666666 0.18741999999999998 0.18338666666666664
1153 50 0.58916 0.16813333333333333 0.04672 0.11696
1153 52 0.63971 0.7137199999999999 0.6688200000000001 0.3694133333333333
1153 52 0.37853000000000003 0.4529466666666667 0.74646 0.38824000000000003
1153 52 0.49412 0.50236 0.64588 0.5482400000000001
1153 52 0.40676 0.33736 0.79588 0.36
1153 44 0.27857 0.14674666666666666 0.16754 0.29349333333333333
1153 51 0.46433 0.22564000000000003 0.19782 0.20696
