32801 1 0.32128999999999996 0.28174666666666665 0.26162 0.30546666666666666
32801 60 0.53094 0.551 0.04572 0.04216
32801 60 0.57294 0.5406666666666666 0.0482 0.038400000000000004
32801 60 0.60864 0.5307733333333334 0.047 0.03877333333333333
32801 60 0.56282 0.51552 0.0506 0.03024
32801 60 0.62668 0.5911333333333333 0.054920000000000004 0.036026666666666665
32801 60 0.64785 0.5748800000000001 0.0549 0.03546666666666667
32801 60 0.68205 0.56316 0.05238 0.034
32801 60 0.7746099999999999 0.6518133333333334 0.06986 0.05162666666666667
32801 60 0.79731 0.6255466666666667 0.0625 0.04826666666666667
32801 60 0.80247 0.5982799999999999 0.06146 0.03421333333333333
32801 60 0.8049299999999999 0.5779466666666667 0.0555 0.03376
32801 60 0.59109 0.6123866666666667 0.0619 0.041253333333333336
32801 60 0.49190999999999996 0.5054799999999999 0.03626 0.03506666666666667
32801 1 0.94393 0.28076 0.11214 0.19096
32801 60 0.548 0.492 0.9 0.38666666666666666
