43513 2 0.047 0.6240000000000001 0.05284375 0.130875
43513 2 0.0665390625 0.6275208333333334 0.034828125 0.12754166666666666
43513 4 0.75590625 0.6827812499999999 0.0994375 0.2831458333333333
43513 4 0.2301796875 0.6510416666666666 0.09276562499999999 0.20783333333333334
43513 1 0.679 0.6454166666666666 0.09181249999999999 0.38516666666666666
43513 1 0.8046562500000001 0.6233229166666666 0.089125 0.39014583333333336
43513 1 0.31340625 0.6635833333333333 0.0645625 0.15845833333333334
43513 2 0.117578125 0.6231770833333333 0.065 0.14022916666666668
43513 2 0.14125000000000001 0.62846875 0.06071875 0.13777083333333331
43513 2 0.1609375 0.6378854166666666 0.045406249999999995 0.1255625
43513 2 0.1867265625 0.6318020833333333 0.046140625000000005 0.12885416666666666
43513 2 0.092796875 0.6314583333333333 0.05275 0.131125
43513 4 0.570546875 0.6514270833333333 0.082125 0.19922916666666665
43513 1 0.37435937499999994 0.5945937499999999 0.04184375 0.09697916666666666
