37177 2 0.6748089171974522 0.370328125 0.2832484076433121 0.32309375
37177 3 0.029554140127388533 0.34262499999999996 0.057070063694267516 0.26753125
37177 1 0.22661358811040339 0.24717187499999999 0.05598726114649682 0.1088125
37177 1 0.14197452229299365 0.23246875 0.01991507430997877 0.0463125
37177 2 0.24253715498938427 0.2673828125 0.023927813163481953 0.056734375000000004
37177 3 0.11441613588110404 0.24400000000000005 0.03779193205944798 0.05728124999999999
37177 47 0.5877494692144374 0.953546875 0.06980891719745223 0.07540625
37177 2 0.7852229299363058 0.330796875 0.3451380042462845 0.175625
37177 2 0.9696709129511678 0.3729453125 0.060658174097664545 0.09182812500000001
37177 3 0.05493630573248408 0.2563515625 0.10804670912951168 0.119390625
