110 62 0.293921875 0.36147916666666663 0.15540625 0.16666666666666666
110 62 0.4466796875 0.4103333333333333 0.130984375 0.24729166666666666
110 48 0.6090390625 0.8832187499999999 0.296390625 0.2335625
110 49 0.4415703125 0.875375 0.026328125 0.24925
110 59 0.4773515625 0.9023541666666667 0.527640625 0.17174999999999999
110 67 0.2988203125 0.23588541666666665 0.22517187500000002 0.15802083333333333
110 1 0.6626406250000001 0.4943854166666667 0.67471875 0.9887708333333334
110 1 0.19803125 0.5606770833333333 0.39268749999999997 0.5865208333333333
110 1 0.48792187499999995 0.14494791666666668 0.20056250000000003 0.28539583333333335
110 1 0.3608984375 0.09824999999999999 0.106328125 0.19649999999999998
110 1 0.28382031249999995 0.0939375 0.126390625 0.17879166666666665
110 1 0.10178125 0.18169791666666668 0.2035625 0.36339583333333336
110 1 0.2291953125 0.0578125 0.048546875 0.115625
110 1 0.662703125 0.09015625 0.05425 0.17522916666666666
110 47 0.3025546875 0.1843020833333333 0.030015625 0.03797916666666667
110 62 0.035484375 0.45588541666666665 0.07009375 0.3528541666666667
110 62 0.6640390625 0.17736458333333333 0.035765625 0.02664583333333333
110 67 0.9567656249999998 0.24659375000000003 0.08646875000000001 0.07427083333333333
110 1 0.42211718750000005 0.03139583333333333 0.022171875 0.059708333333333335
110 1 0.5866718750000001 0.09732291666666668 0.12421875 0.19464583333333335
110 67 0.5022421875 0.8930833333333333 0.9946406250000001 0.21383333333333335
110 47 0.26954687499999996 0.1866875 0.029218749999999998 0.04870833333333333
110 47 0.343390625 0.1842916666666667 0.03121875 0.03279166666666667
110 47 0.3693515625 0.1825 0.025828125 0.04870833333333333
