36768 7 0.4790234375 0.33482435597189697 0.958046875 0.48988290398126466
36768 1 0.3431875 0.5128805620608899 0.07884375 0.22463700234192038
36768 1 0.074890625 0.5137236533957845 0.05903125 0.22590163934426227
36768 1 0.9194609374999999 0.5303981264637003 0.036109375 0.10374707259953161
36768 1 0.43853906249999997 0.4906440281030445 0.037359375 0.11660421545667447
36768 1 0.757609375 0.5024355971896955 0.02178125 0.0878688524590164
36768 1 0.862328125 0.4834426229508197 0.021843750000000002 0.03611241217798595
36768 1 0.8084453125 0.5095784543325527 0.017765625 0.06936768149882905
36768 1 0.7038359375000001 0.5104215456674472 0.033921875000000004 0.11213114754098362
36768 27 0.3632734375 0.46661592505854804 0.017765625 0.08442622950819671
36768 27 0.8783203125 0.6248126463700234 0.039796874999999995 0.0222248243559719
36768 27 0.6272890625 0.5842740046838407 0.063046875 0.059039812646370024
36768 27 0.66903125 0.5855854800936768 0.043375000000000004 0.056932084309133484
36768 27 0.7679140625 0.4865573770491803 0.007546875 0.030023419203747074
