40723 1 0.4673984375000001 0.33392941176470586 0.0063593750000000004 0.01647058823529412
40723 1 0.9889531250000001 0.5283176470588236 0.022093750000000002 0.04077647058823529
40723 9 0.179828125 0.4672705882352941 0.31243750000000003 0.23058823529411765
40723 9 0.3479375 0.4641882352941176 0.3245 0.23025882352941177
40723 9 0.48667187500000003 0.3487882352941177 0.06984375000000001 0.048776470588235296
40723 9 0.48490625 0.4697529411764706 0.355125 0.22510588235294118
40723 9 0.89321875 0.36105882352941177 0.05753125 0.032423529411764705
40723 9 0.75565625 0.48491764705882356 0.40234375 0.1912941176470588
40723 9 0.3805625 0.34041176470588236 0.040531250000000005 0.03847058823529412
40723 9 0.641984375 0.47271764705882346 0.35915625 0.20124705882352942
40723 9 0.6547890625 0.3506117647058824 0.051390625 0.0392
40723 9 0.2409296875 0.3322 0.034171875000000004 0.032635294117647054
40723 1 0.8980312500000001 0.35358823529411765 0.00453125 0.012776470588235294
40723 1 0.8865859375000001 0.3588941176470588 0.004578125000000001 0.013223529411764707
40723 9 0.7910390625 0.3523176470588235 0.033078125 0.021623529411764705
40723 9 0.9763203125000001 0.5708470588235295 0.047359374999999995 0.05185882352941176
40723 9 0.9008750000000001 0.3789882352941176 0.022093750000000002 0.018211764705882354
40723 9 0.1375 0.3423529411764706 0.0375 0.02588235294117647
