45949 4 0.5793093093093094 0.1353 0.2135735735735736 0.18212
45949 4 0.8666066066066066 0.07452 0.12252252252252252 0.08656
45949 1 0.5428228228228228 0.5403 0.7899699699699699 0.8356
45949 1 0.18501501501501502 0.18813 0.20858858858858856 0.34346
45949 41 0.4268318318318318 0.7370800000000001 0.33402402402402404 0.42248
45949 1 0.9206156156156156 0.13185 0.15876876876876875 0.25945999999999997
45949 41 0.2861111111111111 0.33034 0.12231231231231231 0.04056
45949 1 0.033453453453453456 0.22582999999999998 0.06690690690690691 0.28078
45949 41 0.047117117117117115 0.37356 0.09423423423423423 0.026199999999999998
45949 3 0.06040540540540541 0.12918000000000002 0.12051051051051052 0.25052
45949 1 0.6248798798798799 0.16557 0.15276276276276277 0.07914
