7524 19 0.29815625 0.5550936768149882 0.44140625 0.5615690866510539
7524 2 0.8276953125000001 0.599367681498829 0.11479687499999999 0.12548009367681498
7524 2 0.9251953125 0.6003278688524589 0.043421875 0.09096018735362998
7524 2 0.31165625 0.6514168618266978 0.21921875000000002 0.1251288056206089
7524 4 0.6201718749999999 0.6134777517564403 0.35671875000000003 0.36466042154566747
7524 6 0.574171875 0.426615925058548 0.06409375 0.1424590163934426
7524 10 0.8987734375 0.33103044496487116 0.044609375 0.10056206088992974
7524 1 0.317421875 0.38138173302107725 0.142 0.38707259953161594
7524 1 0.46413281250000005 0.5633489461358313 0.055390625000000006 0.23423887587822012
7524 1 0.600109375 0.5853747072599531 0.0964375 0.3916393442622951
7524 1 0.4306484374999999 0.5060304449648713 0.037203125 0.08601873536299764
7524 1 0.8454453125000001 0.5165222482435596 0.037171875 0.10002341920374708
7524 1 0.8130546875 0.5680093676814988 0.034546875 0.19508196721311474
7524 1 0.7430546875 0.5370608899297423 0.040078125 0.18714285714285714
7524 1 0.7813593750000001 0.5598829039812646 0.04521875 0.1718969555035129
7524 1 0.909734375 0.564824355971897 0.041281250000000005 0.16435597189695553
7524 1 0.9894609375 0.561288056206089 0.021078125 0.16665105386416862
7524 31 0.7288671874999999 0.533056206088993 0.020203125 0.03641686182669789
7524 31 0.8846953124999999 0.5666861826697892 0.024703125 0.05238875878220141
7524 31 0.4685625 0.5145667447306792 0.042249999999999996 0.08173302107728336
7524 1 0.962109375 0.5575292740046839 0.044375 0.19374707259953164
7524 2 0.9441015625 0.6182435597189696 0.014078125 0.034426229508196717
7524 27 0.9588359375 0.5228454332552693 0.023546875000000002 0.05562060889929742
7524 1 0.8702109375000001 0.5591217798594847 0.029171875000000003 0.1748711943793911
7524 31 0.91971875 0.5595081967213115 0.01490625 0.03817330210772834
7524 1 0.9290546875000001 0.5665105386416862 0.022859375 0.1448711943793911
7524 31 0.5103203125 0.5366276346604216 0.017671875 0.031007025761124123
7524 1 0.55234375 0.5585480093676815 0.5640625 0.25526932084309134
