20853 19 0.799984375 0.4766666666666666 0.35234375 0.44179959100204497
20853 1 0.5725546875 0.546359918200409 0.201171875 0.4515746421267893
20853 1 0.1141875 0.6269631901840491 0.18371875 0.43147239263803683
20853 1 0.2391640625 0.46870143149284255 0.087609375 0.2619018404907975
20853 1 0.4954609375 0.47413087934560333 0.06782812499999999 0.2816359918200409
20853 1 0.43943750000000004 0.5148159509202453 0.05853125 0.24378323108384456
20853 1 0.9487343749999999 0.5139672801635992 0.04196875 0.087280163599182
20853 1 0.039234375 0.5136707566462168 0.03690625 0.13085889570552148
20853 1 0.3798515625 0.525081799591002 0.13864062500000002 0.42427402862985686
20853 1 0.1571015625 0.41236196319018403 0.145953125 0.3438241308793456
20853 1 0.6383671875 0.5529447852760736 0.12323437500000001 0.3539468302658487
20853 1 0.748375 0.6199897750511247 0.08028125 0.18860940695296524
20853 1 0.9816328125 0.5153169734151329 0.033078125 0.09570552147239263
20853 1 0.9115390624999999 0.4967791411042945 0.018328125 0.05822085889570552
20853 1 0.49921875 0.48261758691206547 0.9984375 0.8548057259713702
