24755 35 0.5291328125 0.908669623059867 0.286578125 0.04110864745011086
24755 1 0.4026328125 0.5393015521064302 0.27917187499999996 0.706230598669623
24755 1 0.621546875 0.6737804878048781 0.1599375 0.44942350332594233
24755 1 0.821078125 0.6112305986696229 0.33096875 0.7550554323725055
24755 1 0.27316406249999997 0.6314634146341463 0.159953125 0.5168514412416851
24755 1 0.6831875 0.7566075388026606 0.02275 0.04891352549889135
24755 1 0.5488593749999999 0.7968957871396897 0.02015625 0.026252771618625277
24755 1 0.8274062499999999 0.5081485587583149 0.32346875 0.9553658536585365
24755 1 0.590921875 0.8158093126385809 0.00953125 0.0270509977827051
24755 1 0.1587421875 0.6546895787139689 0.11417187499999999 0.442549889135255
24755 35 0.637734375 0.8874944567627495 0.13565624999999998 0.007095343680709534
24755 35 0.9542265624999999 0.9443015521064302 0.091546875 0.013481152993348115
24755 1 0.10704687500000001 0.7602106430155211 0.0364375 0.16623059866962306
24755 35 0.756359375 0.9817960088691795 0.1960625 0.036407982261640805
