11887 3 0.5658671875 0.45035416666666667 0.330671875 0.16970833333333332
11887 3 0.8969921874999999 0.4030208333333334 0.11567187500000001 0.08445833333333333
11887 3 0.7701328125 0.3949166666666667 0.13995312499999998 0.1095
11887 3 0.44365625 0.358 0.10040625 0.03170833333333333
11887 3 0.5170078125 0.3594583333333333 0.046609374999999995 0.04170833333333333
11887 4 0.3715078125 0.5845104166666667 0.534578125 0.38085416666666666
11887 4 0.870578125 0.48271875 0.10834375 0.2061875
11887 3 0.283140625 0.41854166666666665 0.22246875 0.13483333333333333
11887 3 0.6600937499999999 0.37659375 0.10453125 0.07485416666666667
11887 4 0.679625 0.5518541666666666 0.23703124999999997 0.15554166666666666
11887 4 0.776328125 0.4817916666666667 0.09571874999999999 0.10708333333333334
11887 3 0.40478125 0.4423020833333334 0.17806249999999998 0.14072916666666666
11887 3 0.9588046875 0.38338541666666665 0.082140625 0.1035625
11887 3 0.888484375 0.35271875 0.04653125 0.019020833333333334
11887 3 0.1680625 0.38466666666666666 0.20784375000000002 0.08158333333333333
11887 3 0.5778203124999999 0.3569375 0.101640625 0.03941666666666667
11887 3 0.17191406250000002 0.41732291666666665 0.18642187500000001 0.09897916666666666
11887 8 0.34489843750000004 0.32028125 0.12457812500000001 0.08097916666666666
11887 3 0.4671875 0.22708333333333333 0.93125 0.4166666666666667
