25548 1 0.3124791666666667 0.4943359375 0.4969166666666667 0.909984375
25548 1 0.96575 0.314203125 0.0685 0.275125
25548 40 0.4452708333333334 0.577734375 0.17379166666666668 0.1483125
25548 3 0.1399270833333333 0.1748515625 0.027604166666666666 0.014296875
25548 38 0.5462916666666667 0.187390625 0.025208333333333333 0.0455
25548 38 0.6161145833333332 0.2146953125 0.03602083333333333 0.042859375
25548 38 0.4897708333333333 0.17967187499999998 0.025166666666666667 0.04840625
25548 38 0.6508958333333333 0.190765625 0.0365 0.042249999999999996
25548 38 0.7211979166666667 0.19257031249999998 0.035187500000000003 0.052109375
25548 38 0.6870520833333333 0.2197265625 0.03152083333333334 0.047296875
25548 38 0.8153958333333334 0.17942968750000002 0.03529166666666667 0.044703124999999996
25548 1 0.1894375 0.230515625 0.11641666666666667 0.21871875
25548 3 0.057666666666666665 0.18878125 0.059708333333333335 0.032218750000000004
25548 38 0.9303229166666667 0.17215624999999998 0.043770833333333335 0.057437499999999996
25548 38 0.7658958333333333 0.1708515625 0.034124999999999996 0.049703125
25548 38 0.5664374999999999 0.21081249999999999 0.026083333333333333 0.045625
25548 38 0.5783125000000001 0.17565625 0.02575 0.04
25548 3 0.62646875 0.20334375 0.18052083333333335 0.05615625
25548 3 0.9085833333333333 0.20023437500000002 0.18283333333333335 0.10334375
