8746 44 0.9108203125 0.619357476635514 0.014171875 0.05016355140186916
8746 62 0.8600234375000001 0.5354906542056075 0.10067187500000001 0.18495327102803738
8746 9 0.41139062499999995 0.2957126168224299 0.014124999999999999 0.025584112149532708
8746 9 0.43990625000000005 0.2964369158878505 0.009281250000000001 0.011378504672897196
8746 9 0.355046875 0.29566588785046727 0.01115625 0.02983644859813084
8746 9 0.6395546875 0.2942873831775701 0.005953125 0.008901869158878506
8746 9 0.269125 0.30966121495327104 0.014812500000000001 0.005957943925233644
8746 28 0.3017578125 0.37629672897196265 0.144640625 0.1430607476635514
8746 28 0.20599218749999998 0.32567757009345794 0.063671875 0.019485981308411216
8746 28 0.061757812499999995 0.3863317757009346 0.12173437499999999 0.14383177570093458
8746 28 0.1528359375 0.3551635514018691 0.121390625 0.09308411214953272
8746 37 0.6785 0.4965070093457944 0.05371875 0.08226635514018692
8746 1 0.49349218750000007 0.5904789719626168 0.032953125 0.09301401869158879
8746 1 0.37917968750000003 0.6646728971962618 0.062953125 0.31018691588785047
8746 1 0.07188281249999999 0.5348130841121496 0.033109375 0.1647196261682243
8746 1 0.6156953125 0.4655257009345794 0.040140625 0.12432242990654206
8746 1 0.58684375 0.4883995327102804 0.022625 0.1263785046728972
8746 1 0.322046875 0.5189836448598131 0.0340625 0.20366822429906542
8746 1 0.21003125000000003 0.5228271028037383 0.0381875 0.18850467289719627
8746 1 0.5302265625 0.540303738317757 0.055484374999999996 0.18621495327102805
8746 1 0.4886484374999999 0.4821028037383177 0.042046875 0.1688785046728972
8746 1 0.45941406250000005 0.4880140186915888 0.037046875 0.1788317757009346
8746 1 0.7581015624999999 0.5408060747663551 0.18839062499999998 0.4966588785046729
8746 28 0.31423437499999995 0.37933411214953267 0.043875 0.04577102803738318
8746 37 0.9388046875 0.6857009345794393 0.045984375 0.06658878504672897
8746 37 0.9725546875000001 0.7030373831775701 0.038953125 0.060607476635514024
8746 9 0.5481640624999999 0.2963434579439252 0.020328125 0.007967289719626168
8746 37 0.97034375 0.6596028037383178 0.0398125 0.027523364485981305
8746 1 0.0227109375 0.7917990654205607 0.045421875 0.2571495327102804
8746 28 0.1111953125 0.31230140186915883 0.025859375 0.008481308411214953
8746 1 0.25432812499999996 0.5204906542056075 0.04359375 0.16855140186915887
8746 1 0.365625 0.47313084112149534 0.66875 0.3107476635514019
