22154 28 0.5560546875 0.30351415094339623 0.8471093749999999 0.6067452830188679
22154 3 0.49427343749999997 0.9235966981132075 0.9885468749999999 0.13035377358490566
22154 1 0.3549609375 0.6737617924528302 0.16539062499999999 0.39016509433962265
22154 1 0.5050234375 0.6102948113207547 0.20635937499999998 0.5175707547169811
22154 1 0.71234375 0.828125 0.058374999999999996 0.09742924528301887
22154 1 0.8709296875 0.8561792452830188 0.125046875 0.2067452830188679
22154 1 0.9236093750000001 0.8871816037735849 0.051312500000000004 0.14596698113207549
22154 1 0.9649609375000001 0.8898820754716981 0.065984375 0.17976415094339623
22154 1 0.81509375 0.8528066037735849 0.058062499999999996 0.11009433962264151
22154 1 0.9875 0.8669457547169812 0.025 0.11875000000000001
22154 1 0.6086015625 0.824622641509434 0.023421875 0.03575471698113208
22154 1 0.9390859375 0.7927004716981132 0.025921875 0.027382075471698113
22154 32 0.5061796875000001 0.4964622641509434 0.051078124999999995 0.06283018867924528
