19306 10 0.6558906250000001 0.2255957943925234 0.01771875 0.08035046728971963
19306 10 0.091703125 0.4972196261682243 0.013750000000000002 0.02247663551401869
19306 10 0.4571171875 0.47717289719626166 0.015796875 0.0583177570093458
19306 10 0.336390625 0.4732242990654205 0.01553125 0.07065420560747664
19306 10 0.3841796875 0.4543107476635514 0.018359375 0.07320093457943924
19306 10 0.3071328125 0.4884228971962617 0.014796875000000001 0.05689252336448598
19306 10 0.4770781250000001 0.47349299065420564 0.0138125 0.07105140186915888
19306 10 0.40563281250000005 0.4585163551401869 0.017109375 0.07235981308411214
19306 10 0.8824531250000002 0.5423948598130841 0.007625 0.01880841121495327
19306 10 0.6562421875 0.5376752336448598 0.009921875 0.02792056074766355
19306 10 0.4828984375 0.530841121495327 0.014890625 0.03257009345794393
