25847 6 0.474921875 0.4659484777517564 0.7090625 0.4304918032786885
25847 1 0.4422890625 0.6393325526932084 0.158921875 0.667423887587822
25847 1 0.63525 0.6382084309133489 0.10271875 0.5013817330210772
25847 1 0.7698906249999999 0.6398946135831381 0.1184375 0.43819672131147547
25847 1 0.0989296875 0.5412060889929743 0.197859375 0.9175878220140515
25847 1 0.3440625 0.5652810304449649 0.10921875 0.3848009367681499
25847 1 0.5224375 0.6193911007025762 0.08065625 0.48313817330210773
25847 27 0.19796874999999997 0.597096018735363 0.1088125 0.5233723653395784
25847 31 0.538765625 0.5955386416861828 0.0411875 0.17224824355971896
25847 1 0.7287421875 0.5360304449648712 0.053515625 0.23964871194379392
25847 1 0.8454296875 0.6394496487119439 0.055296875 0.3483138173302108
25847 1 0.197265625 0.4177868852459016 0.061281249999999995 0.13
25847 1 0.7034609374999999 0.6033723653395784 0.044171875 0.29517564402810303
25847 31 0.2959765625 0.6706908665105387 0.090078125 0.15604215456674472
25847 27 0.6696328125 0.5377634660421545 0.057390624999999994 0.13402810304449647
25847 27 0.8048046875000001 0.5849063231850117 0.067453125 0.15224824355971897
