3915 64 0.15415625 0.44508333333333333 0.1298125 0.11437499999999999
3915 44 0.1847734375 0.3485625 0.045953125 0.15858333333333335
3915 1 0.6590390625 0.36251041666666667 0.188859375 0.37772916666666667
3915 49 0.7296875 0.5757916666666667 0.043125000000000004 0.18075000000000002
3915 50 0.6115859375 0.6987916666666667 0.077328125 0.166875
3915 50 0.648875 0.6497499999999999 0.06471875 0.13033333333333333
3915 51 0.36389843749999995 0.59521875 0.21354687499999997 0.14860416666666668
3915 51 0.36579687499999997 0.5079166666666667 0.07259375 0.051625000000000004
3915 79 0.2707578125 0.44948958333333333 0.127046875 0.0980625
3915 79 0.7405625 0.3304270833333333 0.11881250000000002 0.1008125
3915 44 0.164703125 0.33991666666666664 0.028875 0.13333333333333333
3915 49 0.7090468750000001 0.5870624999999999 0.039625 0.18291666666666667
3915 50 0.647359375 0.5801041666666668 0.0159375 0.09233333333333334
3915 51 0.262890625 0.5497291666666667 0.17421875 0.11991666666666667
3915 51 0.4120234375 0.490125 0.063734375 0.064375
3915 49 0.7418203125 0.5584270833333332 0.020234375 0.15677083333333333
3915 49 0.6988046875 0.6007083333333334 0.051890625 0.16145833333333334
3915 49 0.75984375 0.5706979166666667 0.02109375 0.1505625
3915 64 0.8272734375 0.79740625 0.345453125 0.37402083333333336
3915 78 0.26980468750000003 0.44544791666666667 0.130515625 0.09610416666666667
3915 50 0.62671875 0.66240625 0.1099375 0.12264583333333333
3915 50 0.6274375 0.6493749999999999 0.0978125 0.12745833333333334
3915 62 0.038859374999999995 0.9002604166666667 0.0699375 0.19947916666666668
