48256 16 0.49734375000000003 0.5027291666666667 0.080125 0.14520833333333333
48256 15 0.3261171875 0.7411979166666666 0.5882031249999999 0.3910208333333333
48256 16 0.7136171874999999 0.6116979166666666 0.079328125 0.0641875
48256 16 0.9181640625 0.7297083333333333 0.11770312499999999 0.06054166666666667
48256 16 0.6831406250000001 0.5294791666666667 0.042312499999999996 0.03995833333333333
48256 16 0.23258593749999998 0.5573020833333333 0.060671875 0.0539375
48256 16 0.1901796875 0.4935208333333333 0.028515625 0.027916666666666666
48256 16 0.38863281250000004 0.2735625 0.038828125000000005 0.045875
48256 16 0.2453671875 0.28354166666666664 0.048109374999999996 0.05225
48256 16 0.5714765625 0.34665624999999994 0.016328125 0.021770833333333333
48256 16 0.6874609375 0.29601041666666666 0.029796875 0.017020833333333332
48256 16 0.18896093749999998 0.52078125 0.027265624999999998 0.0285625
48256 16 0.352640625 0.56225 0.054000000000000006 0.033499999999999995
48256 16 0.43432812500000006 0.5346145833333333 0.03121875 0.0130625
48256 16 0.50703125 0.534375 0.9828125 0.6354166666666666
