19441 44 0.87221875 0.5876484375 0.12885416666666666 0.346890625
19441 62 0.080125 0.4732421875 0.15729166666666666 0.28504687500000003
19441 62 0.8781145833333334 0.4462265625 0.08160416666666667 0.103265625
19441 62 0.14751041666666667 0.7414609375 0.28506250000000005 0.517078125
19441 1 0.38415625 0.49017187500000003 0.5052291666666666 0.79596875
19441 1 0.7314791666666667 0.4053046875 0.21062499999999998 0.186796875
19441 1 0.07370833333333333 0.29679687499999996 0.14420833333333333 0.10234375
19441 50 0.8683333333333334 0.8543671875 0.26333333333333336 0.089078125
19441 44 0.6645520833333334 0.3843046875 0.0196875 0.027109375
19441 1 0.8486041666666666 0.40913281249999994 0.09266666666666666 0.14060937499999998
19441 62 0.7262291666666667 0.44636718750000004 0.228875 0.146796875
19441 62 0.9509895833333333 0.4645546875 0.059479166666666666 0.106609375
19441 62 0.7265937499999999 0.5785312499999999 0.21352083333333333 0.1404375
19441 67 0.63328125 0.840609375 0.7334375000000001 0.31878125
19441 72 0.22819791666666667 0.22847656249999998 0.19352083333333334 0.089765625
19441 51 0.70259375 0.8376640625 0.5948125 0.194796875
19441 51 0.6869062499999999 0.670984375 0.27264583333333337 0.08499999999999999
19441 77 0.5124583333333333 0.71646875 0.22195833333333334 0.05721875
