21423 64 0.9047200000000001 0.8126156069364161 0.049159999999999995 0.09332369942196532
21423 64 0.8607199999999999 0.828092485549133 0.05132 0.09213872832369942
21423 64 0.93138 0.8128468208092485 0.02368 0.08459537572254335
21423 3 0.28411000000000003 0.7704768786127167 0.25801999999999997 0.16164739884393065
21423 3 0.91281 0.7357947976878612 0.09342 0.06164739884393063
21423 1 0.54657 0.7501156069364162 0.044219999999999995 0.1746242774566474
21423 1 0.52064 0.744349710982659 0.0304 0.14846820809248554
21423 1 0.48858999999999997 0.7333381502890174 0.015179999999999999 0.07615606936416186
21423 15 0.43229 0.7388439306358382 0.0765 0.046936416184971096
21423 1 0.43071 0.755057803468208 0.04374 0.16404624277456648
21423 64 0.66775 0.7243063583815029 0.03442 0.05936416184971098
21423 64 0.12415999999999999 0.7522109826589595 0.03016 0.024653179190751443
21423 64 0.040060000000000005 0.7451589595375723 0.02432 0.03789017341040462
21423 1 0.501 0.740549132947977 0.0218 0.07578034682080924
21423 28 0.51151 0.681878612716763 0.05662 0.0646242774566474
