19695 63 0.47661718749999993 0.7978541666666668 0.23064062500000002 0.3827916666666667
19695 1 0.3 0.5938229166666668 0.3539375 0.7955208333333333
19695 1 0.71284375 0.6176770833333334 0.371625 0.7646458333333332
19695 44 0.022218750000000002 0.7208020833333334 0.023 0.09302083333333333
19695 44 0.9670156249999999 0.9512291666666667 0.029187499999999998 0.09754166666666667
19695 44 0.006875000000000001 0.7249166666666667 0.013750000000000002 0.08837500000000001
19695 75 0.8749140624999999 0.54515625 0.035328125 0.03227083333333333
19695 75 0.41950000000000004 0.6029270833333332 0.0386875 0.03235416666666666
19695 27 0.8211328124999999 0.8716979166666667 0.14742187499999998 0.18689583333333332
19695 64 0.9394921875 0.5167708333333334 0.121015625 0.295625
19695 75 0.4416640625 0.50225 0.027140625 0.03491666666666667
19695 75 0.633703125 0.46321875 0.054093749999999996 0.0994375
19695 62 0.4756171875 0.7972395833333333 0.224609375 0.40552083333333333
