44781 1 0.21151999999999999 0.4685333333333333 0.34887999999999997 0.9370666666666666
44781 1 0.39562 0.20366666666666666 0.08324 0.4073333333333333
44781 1 0.33388 0.15193333333333334 0.09456 0.3038666666666667
44781 1 0.93062 0.14944 0.13876 0.2853866666666667
44781 1 0.87787 0.08826666666666665 0.14178 0.1739733333333333
44781 53 0.38902 0.9481066666666665 0.14168 0.10378666666666667
44781 53 0.40552000000000005 0.9098266666666667 0.12459999999999999 0.13474666666666668
44781 53 0.20178000000000001 0.94272 0.14848 0.11370666666666666
44781 53 0.060129999999999996 0.9622666666666667 0.1193 0.07466666666666667
44781 53 0.6593 0.9596 0.14232 0.07664
44781 53 0.55233 0.9703066666666667 0.09570000000000001 0.04696
44781 53 0.93537 0.9803466666666667 0.09886 0.03930666666666667
44781 53 0.30802999999999997 0.9593466666666667 0.07314 0.07853333333333333
44781 1 0.56972 0.060173333333333336 0.08204 0.11874666666666667
44781 31 0.40132 0.6215466666666666 0.11596 0.24592
44781 1 0.71104 0.39480000000000004 0.56492 0.7844266666666667
