8965 21 0.6655 0.6940933333333335 0.3396 0.43992
8965 3 0.33144999999999997 0.6921200000000001 0.57902 0.31826666666666664
8965 3 0.9256800000000001 0.6432800000000001 0.14792 0.17674666666666666
8965 1 0.027530000000000002 0.5820666666666666 0.05454 0.1124
8965 4 0.027460000000000002 0.7090133333333333 0.054920000000000004 0.18752
8965 28 0.22787000000000002 0.5124933333333334 0.12038 0.05528
8965 28 0.09493 0.5350666666666666 0.09201999999999999 0.03722666666666667
8965 1 0.14714 0.5919066666666667 0.05868 0.04712
8965 1 0.11328999999999999 0.58788 0.03386 0.02936
8965 1 0.0583 0.5863200000000001 0.026719999999999997 0.0472
8965 1 0.9418099999999999 0.6493599999999999 0.06054 0.2813333333333333
8965 3 0.8498100000000001 0.6386133333333333 0.06298 0.11472
