26498 37 0.16740625 0.30720312499999997 0.033625 0.033625
26498 1 0.6317578125 0.5731953125 0.45720312500000004 0.542796875
26498 39 0.37642968750000005 0.462890625 0.220765625 0.04153125
26498 40 0.9870078125000001 0.605984375 0.025984374999999997 0.084875
26498 1 0.9874218749999999 0.6077890625 0.02515625 0.101359375
26498 1 0.811796875 0.15140625000000002 0.17415624999999998 0.3005625
26498 1 0.6217499999999999 0.142328125 0.11415625 0.28465625
26498 1 0.7260156249999999 0.1478359375 0.11699999999999999 0.294296875
26498 1 0.9422265624999999 0.0483984375 0.11554687500000001 0.096796875
26498 1 0.48646093749999997 0.135671875 0.159640625 0.27134375
26498 1 0.1 0.120984375 0.18025 0.24196875
26498 1 0.9705546875 0.22044531249999996 0.058890624999999995 0.186671875
