16470 2 0.46469531249999996 0.7950625 0.085640625 0.33970833333333333
16470 2 0.718296875 0.5900104166666668 0.028499999999999998 0.09364583333333334
16470 2 0.63796875 0.6310208333333333 0.06065625 0.13879166666666667
16470 33 0.59196875 0.5833750000000001 0.060343749999999995 0.06133333333333334
16470 1 0.526875 0.6123333333333334 0.0765625 0.25633333333333336
16470 1 0.6270781249999999 0.5565937499999999 0.06343750000000001 0.1615625
16470 1 0.6395312499999999 0.50490625 0.01728125 0.042145833333333334
16470 1 0.7068984375 0.48283333333333334 0.009484375 0.024541666666666666
16470 1 0.8924140625 0.5640416666666667 0.11292187499999999 0.18875
16470 1 0.41234374999999995 0.7006145833333334 0.12709375 0.45568749999999997
16470 1 0.792578125 0.5946041666666667 0.0779375 0.17975
16470 1 0.9512265624999999 0.5801979166666666 0.030546875 0.12864583333333332
16470 1 0.0890078125 0.7028333333333333 0.116453125 0.27295833333333336
16470 1 0.683859375 0.6023645833333333 0.047593750000000004 0.22493749999999998
16470 1 0.024070312500000003 0.6098750000000001 0.040734375 0.3456666666666666
16470 1 0.5833359375 0.5098020833333333 0.040046874999999996 0.09197916666666667
16470 2 0.9506874999999999 0.5923333333333333 0.0228125 0.096625
16470 4 0.792921875 0.6362916666666667 0.06115625 0.13670833333333335
16470 1 0.4904296875 0.5022604166666667 0.018078125 0.035437500000000004
16470 2 0.7298046874999999 0.5676354166666666 0.021671875 0.050312499999999996
16470 2 0.54221875 0.724125 0.1240625 0.23541666666666666
16470 1 0.50625 0.7020833333333333 0.984375 0.5916666666666667
