17534 1 0.7210972222222223 0.5696640625 0.4913611111111111 0.6584218749999999
17534 1 0.9580138888888888 0.235984375 0.08397222222222223 0.07434375
17534 1 0.11305555555555556 0.19475781250000002 0.09305555555555556 0.089578125
17534 1 0.07309722222222222 0.17388281249999998 0.09663888888888889 0.12989062499999998
17534 1 0.9617916666666667 0.179296875 0.07569444444444444 0.08496875000000001
17534 1 0.12575 0.1025859375 0.10355555555555555 0.08429687500000001
17534 1 0.3640972222222222 0.14475 0.1073611111111111 0.11278125000000001
17534 1 0.6590694444444444 0.23771093750000002 0.10508333333333333 0.064234375
17534 1 0.15643055555555554 0.24765625 0.12869444444444444 0.0881875
17534 43 0.38908333333333334 0.21492968750000002 0.16527777777777777 0.070734375
17534 43 0.7791666666666667 0.69590625 0.21338888888888888 0.20259375
17534 1 0.22155555555555556 0.097859375 0.0906111111111111 0.08765625
17534 1 0.45919444444444446 0.3421015625 0.37261111111111106 0.424421875
17534 1 0.31545833333333334 0.199578125 0.08291666666666667 0.07359375
17534 1 0.4986111111111111 0.21875 0.9972222222222222 0.4375
