8429 62 0.9555999999999999 0.12624000000000002 0.06312 0.10282666666666668
8429 62 0.83163 0.7812533333333334 0.0501 0.09482666666666667
8429 67 0.15159999999999998 0.39066666666666666 0.29256 0.21514666666666668
8429 67 0.77425 0.89884 0.4515 0.20232
8429 67 0.94394 0.23251999999999998 0.11 0.08434666666666667
8429 67 0.37110999999999994 0.8482 0.07529999999999999 0.16573333333333332
8429 77 0.7171700000000001 0.82416 0.038380000000000004 0.055413333333333335
8429 67 0.25308 0.27568 0.23712 0.11210666666666666
8429 47 0.16205 0.28933333333333333 0.030100000000000002 0.06224
8429 47 0.89674 0.8876533333333333 0.03628 0.07253333333333332
8429 47 0.16301000000000002 0.39977333333333337 0.03886 0.09010666666666667
8429 58 0.7626000000000001 0.36228 0.13596 0.16285333333333332
8429 58 0.21833000000000002 0.8737333333333333 0.2773 0.24272
8429 1 0.39094 0.29272000000000004 0.21684 0.41514666666666666
8429 1 0.97839 0.04825333333333333 0.0423 0.09085333333333333
8429 1 0.16612000000000002 0.16381333333333334 0.1238 0.22373333333333334
8429 1 0.06404 0.20224 0.12472 0.3370666666666667
8429 1 0.26415 0.7617733333333334 0.22906 0.47143999999999997
8429 1 0.61686 0.7749066666666667 0.23932 0.4269866666666667
8429 1 0.7275 0.7684266666666666 0.17859999999999998 0.3151466666666667
8429 1 0.6918500000000001 0.25506666666666666 0.35898 0.50112
8429 47 0.19785 0.44716 0.04182 0.0988
8429 47 0.9125899999999999 0.9463866666666666 0.047619999999999996 0.07832
8429 47 0.32852 0.25697333333333333 0.0268 0.05928
8429 58 0.09006 0.17358666666666667 0.044520000000000004 0.032933333333333335
8429 58 0.07911 0.32408 0.0351 0.0312
8429 62 0.85112 0.7101066666666668 0.03372 0.06741333333333334
8429 62 0.20466 0.14872 0.02404 0.04976
8429 62 0.45791999999999994 0.916 0.08016 0.16298666666666667
8429 62 0.04363 0.9096133333333334 0.08054 0.15885333333333335
8429 62 0.52413 0.18810666666666667 0.04338 0.12538666666666667
8429 62 0.8873300000000001 0.6917066666666666 0.02638 0.050453333333333336
8429 62 0.44582 0.7830666666666668 0.06292 0.12261333333333332
8429 62 0.38309999999999994 0.7626133333333334 0.056799999999999996 0.060533333333333335
8429 1 0.07961 0.7353733333333333 0.14942 0.19816
8429 1 0.67489 0.47187999999999997 0.65022 0.8600266666666666
8429 1 0.36994 0.6921333333333334 0.07584 0.13034666666666667
8429 47 0.9330499999999999 0.20049333333333333 0.033299999999999996 0.06472
8429 47 0.9589799999999999 0.8771466666666666 0.040119999999999996 0.06645333333333334
8429 47 0.19321000000000002 0.19214666666666666 0.03982 0.05869333333333334
8429 47 0.7965699999999999 0.9645733333333334 0.053020000000000005 0.06797333333333333
8429 47 0.80948 0.9805866666666666 0.055560000000000005 0.034453333333333336
8429 54 0.09226 0.17106666666666667 0.03476 0.025920000000000002
8429 54 0.27932999999999997 0.26824000000000003 0.039659999999999994 0.036746666666666664
8429 1 0.27268000000000003 0.14181333333333332 0.11976 0.20618666666666666
8429 47 0.34119 0.13742666666666667 0.01838 0.03496
8429 1 0.8725 0.05757333333333333 0.05404 0.06384000000000001
8429 67 0.47873000000000004 0.7772800000000001 0.03594 0.03317333333333333
8429 47 0.85733 0.9742533333333334 0.05802 0.048613333333333335
8429 47 0.933 0.16933333333333334 0.05 0.029333333333333333
8429 1 0.554 0.37333333333333335 0.888 0.7466666666666667
