42320 44 0.15725781249999998 0.8967708333333333 0.120953125 0.18495833333333334
42320 44 0.32864843749999995 0.5229895833333333 0.029640624999999997 0.12289583333333334
42320 67 0.6688281249999999 0.925875 0.6564687499999999 0.12000000000000001
42320 1 0.54378125 0.461375 0.5561875 0.8224583333333333
42320 77 0.554828125 0.268625 0.0841875 0.21483333333333335
42320 47 0.6856171874999999 0.8530312500000001 0.10323437499999999 0.2311041666666667
42320 51 0.8325859375 0.9179791666666667 0.188765625 0.08762500000000001
42320 51 0.47726562499999997 0.8930729166666667 0.152875 0.06256250000000001
42320 78 0.6070625 0.10538541666666666 0.31278125 0.20627083333333335
42320 51 0.25417187500000005 0.9419583333333333 0.0983125 0.11541666666666667
42320 1 0.8187890624999999 0.6222916666666667 0.362421875 0.3333333333333333
42320 49 0.0386875 0.7263749999999999 0.03434375 0.18675
