39654 1 0.61534375 0.5731967213114754 0.1818125 0.8198360655737704
39654 1 0.43346093750000003 0.5489461358313817 0.20910937500000001 0.8946135831381733
39654 1 0.1893359375 0.6119672131147541 0.12798437499999998 0.2307728337236534
39654 47 0.21452343749999997 0.6927166276346604 0.035734375 0.03990632318501171
39654 44 0.9612499999999999 0.5885480093676815 0.0294375 0.06955503512880562
39654 44 0.9504609374999999 0.5563583138173303 0.036078125 0.058103044496487115
39654 44 0.9181875000000002 0.5241451990632319 0.007656250000000001 0.03845433255269321
39654 44 0.89546875 0.5472599531615925 0.010875 0.032599531615925055
39654 44 0.27509375 0.545608899297424 0.029562500000000002 0.09257611241217799
39654 44 0.8885468750000001 0.5900936768149883 0.03425 0.080327868852459
39654 44 0.9075703125000001 0.5748126463700234 0.023453125 0.044754098360655734
39654 44 0.8081093749999999 0.5393091334894613 0.03609375 0.08953161592505854
39654 44 0.8303359374999999 0.5463348946135831 0.027390625000000002 0.10175644028103045
39654 52 0.9430390625000001 0.17528103044496487 0.11392187499999999 0.34606557377049185
39654 52 0.563203125 0.08585480093676814 0.073625 0.08903981264637004
39654 52 0.5464765625 0.20124121779859483 0.017890625 0.02468384074941452
39654 52 0.3986796875 0.10347775175644026 0.020109375 0.044613583138173304
39654 52 0.39425 0.17959016393442623 0.07678125 0.16995316159250584
39654 52 0.3186015625 0.15168618266978923 0.088453125 0.28088992974238874
39654 52 0.5861015625 0.12565573770491803 0.037484375 0.0592271662763466
39654 52 0.0804609375 0.2939461358313817 0.06023437499999999 0.2625526932084309
39654 52 0.6348359375 0.08284543325526932 0.08304687499999999 0.07276346604215457
39654 44 0.912125 0.6193208430913348 0.048093750000000005 0.09578454332552692
39654 44 0.9431875 0.6350117096018735 0.050375 0.10295081967213116
39654 44 0.98159375 0.5456440281030445 0.017468749999999998 0.05494145199063232
39654 44 0.9223281250000002 0.5207142857142857 0.008843750000000001 0.033747072599531615
39654 52 0.61615625 0.12721311475409836 0.026000000000000002 0.038969555035128806
39654 52 0.558171875 0.18531615925058548 0.07365625 0.14074941451990633
39654 52 0.6567578125 0.1471311475409836 0.045171875 0.06770491803278689
39654 44 0.5359375 0.5362997658079626 0.925 0.3372365339578454
