7260 37 0.34003125 0.669215456674473 0.00984375 0.009578454332552692
7260 1 0.702609375 0.6663583138173301 0.0724375 0.1789929742388759
7260 1 0.8228203125 0.6515222482435596 0.051890625 0.11316159250585481
7260 1 0.1607109375 0.6544730679156908 0.087984375 0.19723653395784543
7260 1 0.9587187499999998 0.6546135831381733 0.060625 0.13836065573770492
7260 1 0.9135937500000001 0.6360421545667446 0.0206875 0.07634660421545668
7260 1 0.04553125 0.5921428571428572 0.027937499999999997 0.038899297423887584
7260 1 0.07866406249999999 0.575784543325527 0.028359375 0.06140515222482435
7260 1 0.1032421875 0.5908313817330211 0.024578125 0.031077283372365337
7260 1 0.2678671875 0.5776932084309133 0.023078124999999998 0.05740046838407495
7260 1 0.2914765625 0.5773887587822014 0.013484375000000002 0.04091334894613583
7260 1 0.4191953125 0.5839929742388759 0.016078125 0.047096018735362996
7260 1 0.5416171875 0.5929508196721311 0.017515625 0.04791569086651054
7260 1 0.5790390624999999 0.5891686182669789 0.011921875 0.030000000000000002
7260 43 0.7085234375 0.7070725995316159 0.021984375 0.04323185011709602
7260 43 0.0913828125 0.6362529274004683 0.061140625000000004 0.0131615925058548
7260 43 0.816984375 0.6279625292740046 0.00653125 0.01911007025761124
7260 43 0.9457968749999999 0.6183138173302107 0.009031250000000001 0.025573770491803278
7260 43 0.9502031250000001 0.6384074941451989 0.0060625 0.016768149882903982
7260 1 0.3359375 0.5772833723653396 0.03125 0.0585480093676815
