41453 3 0.7193515625 0.69140625 0.451609375 0.5913958333333333
41453 4 0.12323437500000001 0.7326979166666666 0.07678125 0.14377083333333335
41453 4 0.9617968749999999 0.5555729166666666 0.024625 0.09185416666666667
41453 1 0.35362499999999997 0.3910625 0.11453125 0.41512499999999997
41453 1 0.40786718750000006 0.7640416666666667 0.192140625 0.4719166666666667
41453 1 0.9782890625 0.6672916666666666 0.043421875 0.43166666666666664
41453 1 0.0349921875 0.7013437499999999 0.069984375 0.34943749999999996
41453 1 0.9733046875000001 0.5020104166666667 0.047859374999999996 0.09818750000000001
41453 8 0.41015625 0.4283958333333333 0.734375 0.8489583333333334
41453 1 0.9139296875000001 0.4435 0.025203125 0.03779166666666667
