36149 64 0.423453125 0.2681796875 0.0408125 0.045796875
36149 62 0.1818828125 0.786140625 0.296640625 0.409
36149 62 0.0438203125 0.5939375 0.047140625000000005 0.30681250000000004
36149 62 0.2955078125 0.42134375 0.083140625 0.10112499999999999
36149 62 0.5508828125 0.7354296874999999 0.278765625 0.417671875
36149 1 0.1593046875 0.5023671875 0.25842187499999997 0.420234375
36149 1 0.6098515625 0.36232031249999996 0.25192187499999996 0.271203125
36149 1 0.5076875000000001 0.6021953124999999 0.3604375 0.5098906249999999
36149 1 0.7099453125 0.19578125 0.140859375 0.2151875
36149 27 0.77925 0.5915703125 0.1135 0.11482812499999999
36149 67 0.295171875 0.6251484375 0.52678125 0.46029687499999994
36149 1 0.866234375 0.3051953125 0.22078125 0.397390625
