18148 18 0.40843749999999995 0.5413797169811321 0.0226875 0.018985849056603776
18148 20 0.4793125 0.45616745283018867 0.021124999999999998 0.03922169811320755
18148 20 0.49557031250000005 0.4493042452830189 0.019140625 0.0382311320754717
18148 20 0.5506484375 0.44990566037735846 0.014265625 0.013113207547169811
18148 20 0.571421875 0.46129716981132074 0.0248125 0.013962264150943395
18148 20 0.6065546875 0.49022405660377355 0.025140625 0.03455188679245283
18148 20 0.6851484375 0.4967216981132076 0.025421875 0.031839622641509434
18148 20 0.6520703125 0.4794221698113207 0.025140625 0.03205188679245283
18148 20 0.6344531250000001 0.48410377358490564 0.02525 0.033066037735849055
18148 20 0.450375 0.4622287735849056 0.01246875 0.03700471698113207
18148 20 0.43637499999999996 0.44965801886792456 0.019375 0.05257075471698113
18148 20 0.5539609375 0.4759905660377359 0.024078125 0.030471698113207546
18148 20 0.5158828125 0.4638561320754717 0.020515625000000003 0.03162735849056604
18148 20 0.5326796875 0.45966981132075474 0.028296875 0.02627358490566038
18148 8 0.27033593749999996 0.04178066037735849 0.092015625 0.08313679245283019
18148 20 0.6112734375 0.48048349056603773 0.022546875 0.029693396226415095
18148 20 0.63203125 0.47995283018867924 0.1328125 0.03537735849056604
