39137 1 0.57303125 0.4505625 0.792125 0.37079166666666663
39137 1 0.7668515625 0.43681250000000005 0.461796875 0.40675
39137 42 0.5 0.6150416666666667 1.0 0.16629166666666664
39137 1 0.509765625 0.34529166666666666 0.01665625 0.019208333333333334
39137 1 0.3328359375 0.35634374999999996 0.20251562500000003 0.01914583333333333
39137 1 0.1347578125 0.35771875000000003 0.009828125 0.014812500000000001
39137 1 0.21223437500000003 0.36208333333333337 0.00671875 0.0045000000000000005
39137 1 0.6523046874999999 0.33655208333333336 0.014890625 0.015979166666666666
39137 1 0.1730234375 0.3624375 0.007734375 0.00725
39137 1 0.8133906249999999 0.3414895833333333 0.023625 0.012687499999999999
