43232 38 0.14143 0.4073273273273273 0.27986 0.31795795795795795
43232 1 0.11932000000000001 0.7765765765765766 0.17624 0.41453453453453454
43232 1 0.88613 0.5719069069069069 0.22774 0.8561861861861862
43232 1 0.7900600000000001 0.7413663663663663 0.18696000000000002 0.5172672672672672
43232 1 0.6989299999999999 0.7438288288288288 0.11073999999999999 0.48987987987987985
43232 1 0.30239 0.7503753753753754 0.10601999999999999 0.3632132132132132
43232 1 0.42666 0.7521921921921922 0.05828 0.38054054054054054
43232 1 0.54328 0.7314564564564564 0.20952 0.5056156156156156
43232 1 0.01796 0.7280930930930931 0.03592 0.2786486486486487
43232 1 0.26209000000000005 0.6641441441441441 0.0175 0.06582582582582583
43232 1 0.38996 0.6457357357357357 0.018760000000000002 0.06888888888888889
43232 31 0.63498 0.8717417417417418 0.054520000000000006 0.15279279279279281
43232 31 0.7435999999999999 0.7934084084084083 0.059359999999999996 0.171981981981982
43232 31 0.26643 0.7435735735735736 0.023579999999999997 0.07165165165165165
43232 1 0.21959 0.7497297297297297 0.02618 0.07861861861861862
43232 1 0.5345599999999999 0.5141891891891892 0.036520000000000004 0.05228228228228228
43232 1 0.16513 0.6502552552552553 0.03146 0.12057057057057056
43232 1 0.223 0.6621621621621622 0.322 0.2012012012012012
