32777 7 0.388421875 0.5046875 0.7735000000000001 0.5749583333333333
32777 1 0.1331484375 0.6123645833333333 0.168546875 0.5236041666666666
32777 1 0.748078125 0.540875 0.05328125 0.23545833333333333
32777 1 0.95196875 0.5337395833333333 0.04378125 0.2916458333333333
32777 1 0.9538984375 0.46108333333333335 0.092203125 0.14583333333333334
32777 27 0.079203125 0.4530625 0.0715625 0.12075
32777 27 0.75196875 0.4917916666666667 0.04109375 0.06225
32777 33 0.9672890624999999 0.6174895833333334 0.06542187499999999 0.12672916666666667
32777 7 0.8354843750000001 0.47309375 0.32903125 0.3138958333333333
32777 31 0.9917890625 0.48340625000000004 0.016421875 0.05410416666666666
32777 77 0.1721875 0.5082083333333334 0.015437500000000002 0.007500000000000001
