21551 1 0.6186145833333333 0.581078125 0.6846875 0.83784375
21551 1 0.15465625 0.65315625 0.3033125 0.65315625
21551 1 0.3985625 0.48346093749999997 0.19408333333333333 0.323453125
21551 46 0.33970833333333333 0.647953125 0.15062499999999998 0.248375
21551 46 0.3270416666666666 0.4615078125 0.06333333333333332 0.090640625
21551 1 0.33529166666666665 0.41801562499999995 0.09070833333333334 0.12437499999999999
21551 44 0.9392395833333335 0.45295312500000007 0.030354166666666668 0.07865625000000001
21551 44 0.92746875 0.31657812500000004 0.0115625 0.033
21551 44 0.9006145833333333 0.45670312500000004 0.012395833333333333 0.050562499999999996
21551 44 0.9148020833333332 0.4579765625 0.024270833333333335 0.059546875
21551 44 0.88596875 0.45111718750000007 0.021979166666666668 0.047171875
21551 44 0.93153125 0.37196875 0.024729166666666667 0.05971875
21551 44 0.9443125 0.372546875 0.012041666666666668 0.058125
