17520 9 0.486890625 0.6276173708920189 0.05440625 0.030023474178403755
17520 1 0.250125 0.6386384976525822 0.135 0.3756807511737089
17520 1 0.1296328125 0.6518661971830986 0.120265625 0.3519953051643192
17520 77 0.25959374999999996 0.48631455399061035 0.00996875 0.01596244131455399
17520 31 0.0988046875 0.6178755868544602 0.028078125 0.08598591549295775
17520 1 0.49351562499999996 0.6133333333333333 0.0170625 0.034178403755868544
17520 9 0.6551406249999999 0.5096830985915493 0.0055625 0.006830985915492958
17520 15 0.89709375 0.7119600938967137 0.2058125 0.18124413145539905
17520 27 0.1148671875 0.601737089201878 0.06185937500000001 0.11873239436619717
17520 77 0.1759765625 0.5661971830985916 0.008015625 0.007323943661971831
