22360 64 0.570640625 0.5797769953051642 0.025437500000000002 0.044953051643192486
22360 64 0.632703125 0.5726408450704226 0.02009375 0.06232394366197183
22360 64 0.5873125 0.5733333333333334 0.020374999999999997 0.05619718309859155
22360 44 0.06475 0.6405633802816901 0.0268125 0.11140845070422535
22360 51 0.2600546875 0.6520422535211268 0.044890625 0.03995305164319249
22360 1 0.668796875 0.7290023474178404 0.13428125 0.5230281690140846
22360 47 0.6362578125 0.6647300469483568 0.021046875 0.03744131455399061
22360 1 0.45950781250000006 0.7265492957746479 0.15226562500000002 0.5469014084507042
22360 64 0.6082421874999999 0.5759976525821596 0.021171875 0.05237089201877934
22360 47 0.6265468750000001 0.6577230046948357 0.01115625 0.04192488262910798
