26625 1 0.9204415011037529 0.6142421875 0.15911699779249447 0.38264062499999996
26625 1 0.812494481236203 0.6147109374999999 0.07818984547461369 0.20260937499999998
26625 1 0.8575717439293599 0.6020625 0.044679911699779244 0.16015625
26625 52 0.41221854304635763 0.6866796875000001 0.30977924944812363 0.308359375
26625 53 0.24497792494481235 0.6825078125 0.05719646799116998 0.037296875
26625 53 0.1218653421633554 0.39046875000000003 0.09481236203090508 0.059375
26625 55 0.22039735099337748 0.3075859375 0.05682119205298013 0.035703125
26625 55 0.1837969094922737 0.27145312499999996 0.05942604856512142 0.03334375
26625 55 0.2784547461368653 0.377671875 0.04812362030905078 0.03490625
26625 55 0.2895584988962473 0.40153125 0.0645916114790287 0.0350625
26625 53 0.1013355408388521 0.4480234375 0.12094922737306843 0.058046875
26625 53 0.11373068432671082 0.7530859375 0.22304635761589406 0.124046875
26625 53 0.13804635761589404 0.6804765625 0.052781456953642385 0.035796875
26625 53 0.17874172185430465 0.5819375 0.3574834437086093 0.24765625
26625 55 0.24933774834437086 0.34500000000000003 0.038057395143487854 0.02759375
26625 55 0.4596799116997793 0.345265625 0.035386313465783664 0.023125
26625 55 0.49140176600441504 0.35154687500000004 0.02589403973509934 0.012125
26625 55 0.5368432671081678 0.31535156249999996 0.039381898454746135 0.024609375
26625 55 0.5536092715231788 0.34178906249999996 0.02576158940397351 0.031390625
26625 55 0.5287086092715232 0.33484375 0.044746136865342165 0.027500000000000004
26625 55 0.5075055187637969 0.36924999999999997 0.030463576158940398 0.023375
26625 55 0.4862913907284768 0.3747109375 0.02379690949227373 0.015953125000000002
26625 55 0.1725165562913907 0.292828125 0.055408388520971304 0.0371875
26625 1 0.7132891832229581 0.60203125 0.1805298013245033 0.2805
26625 55 0.44039735099337746 0.4171875 0.2141280353200883 0.2375
