17967 63 0.55528125 0.6205937499999999 0.8894375 0.6776875
17967 1 0.1820234375 0.7685416666666666 0.364046875 0.4404583333333333
17967 1 0.5441874999999999 0.5300104166666666 0.2405 0.3965625
17967 1 0.85584375 0.38978125 0.1975 0.2664375
17967 1 0.42640625 0.6101041666666667 0.40787500000000004 0.5325833333333333
17967 1 0.58475 0.41665625 0.12562500000000001 0.26685416666666667
17967 47 0.8290625 0.5411666666666667 0.031875 0.06516666666666666
17967 47 0.7414531249999999 0.6403125000000001 0.034187499999999996 0.09608333333333333
17967 75 0.40863281249999994 0.5362395833333333 0.031515625000000005 0.02822916666666667
17967 75 0.8186328125 0.6071041666666667 0.063078125 0.03716666666666667
17967 47 0.75234375 0.5274895833333333 0.0319375 0.07577083333333333
17967 47 0.793546875 0.5472812499999999 0.03359375 0.06622916666666666
17967 62 0.2197734375 0.37530208333333337 0.104203125 0.1366875
17967 62 0.236265625 0.72340625 0.47146875 0.5531874999999999
17967 72 0.04278125 0.30570833333333336 0.0855625 0.08841666666666666
17967 75 0.599953125 0.53653125 0.01803125 0.0169375
17967 77 0.682453125 0.7492291666666666 0.04025 0.04533333333333334
17967 75 0.6029843749999999 0.46517708333333335 0.0260625 0.02422916666666667
17967 75 0.7789453125000001 0.6404166666666667 0.048015625 0.021791666666666668
