1204 1 0.5276562499999999 0.5731328125 0.7324375 0.831828125
1204 1 0.84321875 0.4549765625 0.05552083333333333 0.11382812499999999
1204 1 0.17195833333333332 0.5365390624999999 0.11074999999999999 0.182140625
1204 1 0.06516666666666666 0.5938203125 0.11833333333333333 0.142703125
1204 1 0.2460729166666667 0.5045078125 0.0549375 0.06839062500000001
1204 1 0.11578124999999999 0.541984375 0.08402083333333334 0.10984374999999999
1204 39 0.30054166666666665 0.1772578125 0.28175 0.29285937500000003
1204 1 0.9558958333333334 0.5157578125 0.08820833333333335 0.323390625
1204 1 0.37221875 0.48804687500000005 0.051187500000000004 0.0450625
1204 1 0.37914583333333335 0.53828125 0.042583333333333334 0.07834375
1204 1 0.2640416666666667 0.5702421875000001 0.06675 0.079984375
1204 1 0.27428125 0.5215546874999999 0.09214583333333333 0.088734375
1204 1 0.2934375000000001 0.5032421874999999 0.04733333333333333 0.069984375
1204 1 0.33768750000000003 0.566359375 0.09775 0.11612499999999999
