33815 4 0.64396875 0.43674528301886795 0.29790625 0.44070754716981136
33815 1 0.670703125 0.3535966981132076 0.14771875 0.38063679245283016
33815 1 0.38492187499999997 0.43686320754716984 0.11015625 0.20735849056603775
33815 1 0.2904296875 0.44024764150943396 0.085265625 0.21860849056603773
33815 1 0.07964843749999999 0.36629716981132077 0.099734375 0.48089622641509433
33815 1 0.1870703125 0.46347877358490563 0.108671875 0.21139150943396226
33815 1 0.8979999999999999 0.33588443396226414 0.08065625 0.12672169811320755
33815 1 0.8389765624999999 0.2703891509433963 0.048203125 0.23049528301886793
33815 1 0.8611015625 0.2325707547169811 0.033421875000000004 0.1481132075471698
33815 1 0.958171875 0.3294575471698113 0.08365625 0.1293867924528302
33815 62 0.35271093750000004 0.35831367924528307 0.105359375 0.13002358490566038
33815 62 0.0311640625 0.4381839622641509 0.036359375 0.2141509433962264
33815 1 0.9261015624999999 0.25527122641509437 0.038046875 0.2174764150943396
