20908 44 0.5798529411764706 0.2571486928104575 0.09568627450980392 0.2767483660130719
20908 62 0.6723447712418301 0.17401143790849674 0.2798202614379085 0.08714052287581699
20908 67 0.9129411764705883 0.43411764705882355 0.11294117647058824 0.3364705882352941
20908 67 0.5022385620915033 0.5852287581699346 0.8926143790849673 0.7315359477124183
20908 47 0.6812581699346405 0.7481699346405228 0.1668954248366013 0.11905228758169935
20908 47 0.6266666666666666 0.3743300653594771 0.08705882352941177 0.11326797385620914
20908 47 0.7166666666666667 0.23840686274509804 0.06300653594771242 0.0702124183006536
20908 50 0.8200980392156864 0.4601797385620915 0.2041830065359477 0.0538235294117647
20908 55 0.4432271241830065 0.18502450980392157 0.05387254901960784 0.048120915032679734
20908 1 0.24663398692810456 0.18973039215686274 0.3632352941176471 0.3251143790849673
20908 47 0.8804166666666667 0.23433823529411762 0.09099673202614379 0.06452614379084967
20908 47 0.837671568627451 0.2015359477124183 0.07393790849673203 0.06555555555555555
20908 48 0.8376225490196079 0.9058986928104574 0.23266339869281044 0.09535947712418301
20908 48 0.8215931372549019 0.4383251633986928 0.2211274509803922 0.05834967320261438
20908 50 0.14691176470588235 0.5198774509803922 0.09209150326797386 0.023872549019607843
20908 50 0.7677532679738562 0.2470424836601307 0.03550653594771242 0.03254901960784314
20908 51 0.3004656862745098 0.5456699346405228 0.21812091503267975 0.16584967320261437
20908 51 0.44180555555555556 0.42649509803921565 0.2677941176470588 0.14802287581699347
20908 51 0.4804820261437909 0.6311111111111112 0.1851797385620915 0.15026143790849672
20908 51 0.8038071895424836 0.5266503267973857 0.1676797385620915 0.10898692810457516
20908 51 0.5848120915032681 0.5174918300653596 0.2738725490196079 0.16334967320261437
20908 51 0.4977532679738562 0.9426960784313727 0.2359640522875817 0.0561764705882353
20908 51 0.11011437908496732 0.7060539215686273 0.15281045751633987 0.15057189542483662
20908 51 0.7299428104575163 0.2985130718954248 0.1074673202614379 0.061960784313725495
20908 51 0.6249754901960783 0.3334313725490196 0.07910130718954247 0.02761437908496732
20908 53 0.35644607843137255 0.1916503267973856 0.04387254901960785 0.03290849673202614
20908 61 0.30337418300653596 0.8146078431372549 0.4404411764705883 0.30787581699346406
20908 47 0.25655228758169935 0.4486601307189542 0.11006535947712419 0.07562091503267974
20908 49 0.23105392156862745 0.39681372549019606 0.10596405228758168 0.01810457516339869
20908 50 0.7529656862745098 0.950482026143791 0.09785947712418301 0.032630718954248364
20908 51 0.42138888888888887 0.214281045751634 0.20751633986928106 0.10944444444444446
