17260 16 0.3703046875 0.49890624999999994 0.034359375 0.04901041666666667
17260 16 0.9641875000000001 0.7443619791666666 0.060812500000000005 0.05856770833333333
17260 16 0.6754687500000001 0.36420572916666666 0.06203125 0.057526041666666666
17260 16 0.7486015625 0.4810286458333333 0.050171875 0.04903645833333333
17260 16 0.756703125 0.5471614583333333 0.0658125 0.040052083333333335
17260 16 0.785546875 0.6147395833333333 0.0486875 0.04197916666666667
17260 16 0.615703125 0.572890625 0.054031249999999996 0.046250000000000006
17260 16 0.5370546875000001 0.5833072916666666 0.047015625 0.049375
17260 16 0.9 0.6415624999999999 0.051437500000000004 0.05713541666666667
17260 16 0.49440625000000005 0.4407161458333333 0.061125 0.055703125
17260 16 0.1331171875 0.5397135416666666 0.048765625 0.043333333333333335
17260 16 0.26785937499999996 0.4909765625 0.03803125 0.04981770833333333
17260 16 0.360953125 0.3406901041666666 0.045406249999999995 0.045234375
17260 16 0.509375 0.51171875 0.9375 0.4453125
