21343 14 0.286921875 0.82859375 0.073125 0.30697916666666664
21343 14 0.35246875 0.6320416666666666 0.01796875 0.08429166666666667
21343 3 0.9397109375000001 0.5902916666666667 0.12057812500000001 0.09016666666666667
21343 3 0.7415703124999999 0.5791145833333334 0.076421875 0.0436875
21343 3 0.6564609375 0.5719166666666666 0.075828125 0.029208333333333333
21343 3 0.6260625 0.5742916666666666 0.04215625 0.029791666666666668
21343 3 0.5439999999999999 0.5632395833333333 0.024281249999999997 0.023979166666666666
21343 8 0.8302968749999999 0.57721875 0.10200000000000001 0.07422916666666667
21343 8 0.7866796875000001 0.5778958333333333 0.096078125 0.06933333333333333
21343 14 0.37394531249999996 0.60203125 0.010671875 0.050020833333333334
21343 14 0.3808984375 0.5984270833333333 0.009828125 0.04672916666666667
21343 3 0.719328125 0.5776354166666666 0.064625 0.03910416666666667
21343 8 0.8779843750000002 0.5877187500000001 0.0995 0.0699375
21343 10 0.4359453125 0.5285729166666667 0.004921875 0.009354166666666667
21343 10 0.45649218750000004 0.5290208333333334 0.005796875 0.009791666666666667
21343 6 0.4473515625 0.5497708333333333 0.018328125 0.029249999999999998
21343 14 0.30865624999999997 0.73184375 0.03915625 0.13277083333333334
21343 14 0.384171875 0.5695625000000001 0.00625 0.014208333333333333
21343 3 0.5263671875 0.5641458333333333 0.017109375 0.014750000000000001
