40446 15 0.0474375 0.8609785202863962 0.03228125 0.17369928400954654
40446 15 0.024687499999999998 0.882052505966587 0.03525 0.2226252983293556
40446 15 0.1333046875 0.8236396181384247 0.028453125000000003 0.1886634844868735
40446 15 0.45444531250000003 0.9725775656324582 0.8124218750000001 0.054844868735083534
40446 1 0.47522656250000006 0.7009665871121717 0.054828125000000005 0.08317422434367543
40446 15 0.55721875 0.9319451073985681 0.8855625 0.06957040572792363
40446 15 0.1471015625 0.8223866348448687 0.018265625 0.17460620525059664
40446 15 0.609703125 0.8514081145584725 0.7795 0.06415274463007159
40446 15 0.06284375 0.8442482100238664 0.12065624999999999 0.17637231503579953
40446 15 0.086234375 0.8161694510739858 0.16828125 0.15954653937947494
40446 15 0.047875 0.869964200477327 0.09575 0.19949880668257758
40446 15 0.6052109375000001 0.8319212410501194 0.733296875 0.04403341288782816
40446 62 0.0759296875 0.7092601431980906 0.057671875 0.05412887828162291
40446 62 0.13616406250000002 0.7122673031026253 0.060078125 0.059665871121718374
40446 62 0.0215859375 0.710310262529833 0.043171875 0.051360381861575176
40446 15 0.6181015624999999 0.808436754176611 0.6349843749999999 0.050668257756563244
40446 15 0.1379375 0.7125894988066825 0.05475 0.05758949880668258
40446 15 0.54453125 0.513126491646778 0.9078125 0.9689737470167065
