43344 44 0.8213515625 0.8152927400468384 0.032484374999999996 0.13971896955503513
43344 44 0.32232812499999997 0.4665456674473068 0.0305 0.07285714285714286
43344 1 0.5154140625 0.4594613583138174 0.267484375 0.8693676814988291
43344 1 0.20350000000000001 0.41200234192037466 0.29778125 0.6764168618266978
43344 1 0.8928125 0.4910070257611241 0.21437499999999998 0.9730210772833724
43344 43 0.6738359375 0.7194379391100703 0.095921875 0.365807962529274
43344 1 0.6685703125 0.12631147540983606 0.179984375 0.2523887587822014
43344 1 0.4818515625 0.09790398126463701 0.10245312499999999 0.19580796252927402
43344 1 0.21871093749999998 0.1093208430913349 0.15435937500000002 0.21536299765807962
43344 37 0.8253515625000001 0.4663114754098361 0.034828125 0.05079625292740047
43344 37 0.5474296875 0.8474473067915691 0.032203125 0.04505854800936768
43344 37 0.5242421875000001 0.843430913348946 0.021390625 0.04423887587822014
43344 44 0.631578125 0.49108899297423886 0.021968750000000002 0.09763466042154566
43344 44 0.25885156249999997 0.4459133489461358 0.013984374999999999 0.037166276346604216
43344 15 0.80846875 0.5597423887587821 0.3830625 0.49611241217798596
43344 15 0.363421875 0.4069086651053864 0.12462500000000001 0.22107728337236535
43344 44 0.8158593749999999 0.5275878220140515 0.028937499999999998 0.11517564402810304
43344 44 0.6468984375 0.513208430913349 0.017578125 0.1395784543325527
43344 77 0.687109375 0.5499297423887588 0.04165625 0.025480093676814992
43344 77 0.690328125 0.5671077283372365 0.03384375 0.020866510538641688
43344 31 0.3861796875 0.8131030444964871 0.25964062499999996 0.2167447306791569
