19292 35 0.8652890624999999 0.8252708333333333 0.180484375 0.057416666666666664
19292 1 0.657296875 0.603375 0.050562499999999996 0.22695833333333332
19292 1 0.5541015625 0.705 0.097765625 0.301375
19292 1 0.34321875 0.7008541666666667 0.0845625 0.27058333333333334
19292 1 0.22789062499999999 0.6305312500000001 0.05390625 0.16139583333333332
19292 1 0.9654921875 0.5533333333333333 0.033609375000000004 0.10437500000000001
19292 1 0.270703125 0.5849583333333332 0.0324375 0.119125
19292 1 0.298015625 0.6242083333333334 0.0383125 0.13979166666666665
19292 1 0.0884921875 0.72075 0.095953125 0.285125
19292 35 0.45046875000000003 0.908875 0.2796875 0.07458333333333332
19292 35 0.6520781250000001 0.7204166666666667 0.10209375000000001 0.042
19292 36 0.5570703124999999 0.8328125 0.170515625 0.036875
19292 1 0.8166953124999999 0.58765625 0.033390625 0.14327083333333332
19292 1 0.434828125 0.7258437499999999 0.094375 0.37302083333333336
19292 35 0.322609375 0.8351458333333334 0.16299999999999998 0.057958333333333334
19292 35 0.1516015625 0.8411875000000001 0.128078125 0.056916666666666664
19292 35 0.7187812499999999 0.7358645833333333 0.06975 0.0394375
19292 1 0.5677265625 0.5862604166666666 0.014546875 0.05714583333333333
19292 27 0.22717968749999998 0.5970729166666666 0.030984374999999998 0.05972916666666667
19292 1 0.7201718749999999 0.64309375 0.06434375 0.20810416666666667
19292 1 0.5609375 0.6583333333333333 0.875 0.3458333333333333
