43226 1 0.2961953125 0.5406206088992975 0.314140625 0.6591803278688525
43226 1 0.3829765625 0.6702224824355972 0.037015625 0.07899297423887587
43226 1 0.4357109375 0.6688173302107728 0.046890625000000005 0.08091334894613582
43226 34 0.341765625 0.501135831381733 0.050562499999999996 0.10517564402810303
43226 1 0.489890625 0.6342857142857143 0.030625000000000003 0.04679156908665105
43226 1 0.743328125 0.6279625292740046 0.0255625 0.042576112412177985
43226 1 0.14088281249999998 0.6377166276346604 0.010359375 0.038290398126463704
43226 1 0.7546796875 0.6304800936768149 0.022140625 0.039882903981264636
43226 1 0.593109375 0.6199180327868853 0.01303125 0.027377049180327868
43226 1 0.9301406249999999 0.6380210772833723 0.06378125 0.019648711943793914
43226 1 0.6082734375 0.6161592505854802 0.015703125000000002 0.02604215456674473
