11172 64 0.2219362745098039 0.5388643790849673 0.2533169934640523 0.2987418300653595
11172 55 0.527671568627451 0.5939950980392157 0.03939542483660131 0.03684640522875817
11172 62 0.9528676470588234 0.9029738562091504 0.08910130718954248 0.1881045751633987
11172 51 0.41324346405228757 0.6546241830065359 0.30808823529411766 0.19290849673202615
11172 51 0.619125816993464 0.07596405228758168 0.09916666666666667 0.07833333333333332
11172 62 0.08808006535947713 0.7967156862745098 0.17616013071895426 0.4045751633986928
11172 67 0.5109150326797386 0.8066830065359477 0.9781699346405228 0.3866339869281046
11172 52 0.24174019607843136 0.48954248366013076 0.06651960784313726 0.07777777777777778
11172 55 0.4870751633986929 0.6267483660130719 0.035065359477124185 0.028888888888888888
11172 55 0.3270996732026144 0.6627859477124183 0.0486437908496732 0.031421568627450984
