39115 10 0.12265625 0.10912177985948478 0.025968750000000002 0.054355971896955506
39115 10 0.0719140625 0.09509367681498829 0.015265625 0.05374707259953161
39115 1 0.5177343750000001 0.330655737704918 0.32025000000000003 0.6399999999999999
39115 41 0.5012734375 0.6356908665105386 0.099671875 0.07433255269320843
39115 3 0.6681015625 0.2596487119437939 0.13092187500000002 0.13348946135831383
39115 3 0.8642265625000001 0.27807962529274005 0.200578125 0.14131147540983607
39115 3 0.52059375 0.29669789227166277 0.24025 0.2439344262295082
39115 3 0.2754609375 0.2443911007025761 0.12267187500000001 0.13983606557377048
39115 3 0.3645546875 0.24079625292740045 0.089265625 0.09283372365339579
39115 8 0.028828125 0.21900468384074942 0.026875 0.048875878220140515
39115 3 0.5957578125 0.23647540983606555 0.083203125 0.1152927400468384
39115 3 0.20985937500000001 0.22777517564402808 0.026625 0.06304449648711945
39115 3 0.089421875 0.2237704918032787 0.023 0.03297423887587822
39115 3 0.09636718749999999 0.20895784543325527 0.018921874999999998 0.011779859484777519
39115 8 0.150484375 0.1863817330210773 0.0853125 0.1552927400468384
39115 3 0.9283515625000002 0.22414519906323183 0.075984375 0.04046838407494145
