5313 4 0.125828125 0.8193935309973046 0.10981250000000001 0.36121293800539084
5313 6 0.934921875 0.5817520215633424 0.13015625 0.3592991913746631
5313 6 0.8643203125 0.5780862533692722 0.149796875 0.337088948787062
5313 6 0.7921562499999999 0.5347978436657682 0.24906250000000002 0.25967654986522914
5313 6 0.751453125 0.5104177897574124 0.24465625000000002 0.22714285714285712
5313 6 0.6420390625000001 0.512533692722372 0.058140625 0.19428571428571428
5313 1 0.43952343749999995 0.7898517520215632 0.099703125 0.41959568733153635
5313 1 0.348703125 0.6993665768194071 0.06790625 0.27576819407008085
5313 1 0.412640625 0.5617115902964959 0.029656250000000002 0.07555256064690027
5313 1 0.3290234375 0.5754851752021564 0.028296875 0.12649595687331536
5313 1 0.3000625 0.6079649595687332 0.02203125 0.14768194070080862
5313 1 0.2949140625 0.5669811320754716 0.013828125 0.07800539083557952
5313 1 0.5342890625 0.5633153638814017 0.016109375000000002 0.0709433962264151
5313 1 0.39328124999999997 0.6759838274932615 0.04271875 0.2771967654986523
5313 1 0.4908359375 0.5672371967654987 0.011078125 0.052695417789757414
5313 1 0.46989843750000004 0.5599191374663073 0.012703125000000001 0.056388140161725074
5313 1 0.22892968749999998 0.604676549865229 0.016328125 0.1221832884097035
5313 4 0.355515625 0.7684501347708895 0.05515625 0.1609433962264151
5313 4 0.22334375 0.8640161725067386 0.12793749999999998 0.2719676549865229
5313 6 0.606390625 0.5215094339622642 0.06393750000000001 0.18425876010781672
5313 6 0.5800625 0.5157008086253368 0.038843749999999996 0.14628032345013478
5313 6 0.37967968750000003 0.509743935309973 0.045890625000000004 0.07350404312668464
5313 6 0.5694609375 0.5137331536388141 0.035109375 0.145633423180593
5313 6 0.5530703124999999 0.5035849056603773 0.044578125 0.11423180592991915
5313 1 0.36397656250000004 0.568477088948787 0.021640625 0.09404312668463612
5313 4 0.555484375 0.5914824797843665 0.00878125 0.02274932614555256
5313 6 0.5245 0.49742587601078164 0.055406250000000004 0.08326145552560647
5313 6 0.42703125000000003 0.5227493261455526 0.06218749999999999 0.07525606469002696
5313 1 0.4525546875 0.5589353099730459 0.013484375000000002 0.06681940700808625
5313 6 0.4805703125 0.528611859838275 0.057109375 0.07549865229110513
5313 1 0.596875 0.5862533692722371 0.171875 0.1320754716981132
