23294 1 0.8362031250000002 0.5039344262295082 0.03309375 0.14060889929742387
23294 1 0.580796875 0.5754918032786885 0.14609375 0.530327868852459
23294 42 0.48917968750000007 0.5185831381733021 0.552296875 0.22508196721311474
23294 42 0.17687499999999998 0.4666627634660422 0.1119375 0.18119437939110072
23294 1 0.87715625 0.49765807962529274 0.008624999999999999 0.0595784543325527
23294 1 0.9507421875000001 0.4956791569086651 0.015046875000000001 0.04836065573770491
23294 1 0.7997265625 0.48418032786885246 0.016640625 0.06058548009367682
23294 1 0.21739843749999999 0.4494379391100703 0.074953125 0.4
23294 1 0.8145312499999999 0.48473067915690865 0.008624999999999999 0.041873536299765805
23294 28 0.7737812500000001 0.5031498829039812 0.06575 0.05430913348946136
23294 1 0.2213984375 0.534976580796253 0.158578125 0.594168618266979
23294 1 0.5278671875 0.5514051522248243 0.157796875 0.5095081967213115
23294 1 0.907046875 0.47737704918032786 0.0141875 0.027353629976580796
