45089 19 0.374359375 0.5423185011709601 0.15759375 0.6091803278688525
45089 19 0.509015625 0.5431030444964872 0.08053125 0.48058548009367685
45089 19 0.6793828125 0.5784894613583138 0.136296875 0.6064402810304449
45089 3 0.813390625 0.5192388758782202 0.1508125 0.33533957845433254
45089 6 0.15437499999999998 0.4091334894613583 0.30874999999999997 0.5801405152224824
45089 1 0.4083828125 0.37190866510538645 0.129078125 0.4294379391100703
45089 1 0.521953125 0.39192037470726 0.12103124999999999 0.3514754098360656
45089 1 0.733734375 0.38889929742388757 0.0759375 0.3626697892271663
45089 1 0.9682187500000001 0.37083138173302105 0.032718750000000005 0.09365339578454333
45089 3 0.9559140625 0.5474590163934426 0.086890625 0.3215222482435597
45089 10 0.5158046875 0.20169789227166277 0.026421875 0.08639344262295082
45089 10 0.538234375 0.16462529274004684 0.04371875 0.14133489461358315
45089 10 0.34420312500000005 0.1933489461358314 0.03315625 0.0993911007025761
45089 10 0.27707812499999995 0.14687353629976582 0.04084375 0.1051288056206089
45089 32 0.6732968749999999 0.2334192037470726 0.0088125 0.023840749414519906
45089 1 0.87321875 0.33916861826697897 0.0300625 0.03496487119437939
45089 1 0.2568359375 0.35933255269320846 0.028515625 0.059976580796252926
45089 1 0.15578125 0.3484660421545668 0.056781250000000005 0.08437939110070258
45089 1 0.9671406250000001 0.6326463700234192 0.06571875 0.4866510538641686
45089 3 0.799984375 0.3299414519906323 0.08475 0.050234192037470725
45089 3 0.8311015625 0.29011709601873537 0.113671875 0.06173302107728337
45089 3 0.9578671875000001 0.3991100702576113 0.084265625 0.2047775175644028
45089 77 0.9541875 0.7768149882903982 0.0223125 0.03498829039812646
45089 1 0.9262734375000001 0.28688524590163933 0.017421875 0.0492271662763466
45089 32 0.3810546875 0.247903981264637 0.008234374999999999 0.017540983606557377
45089 1 0.6723750000000001 0.37347775175644027 0.1833125 0.4882201405152225
