2752 72 0.8550599999999999 0.44616 0.14632 0.20192
2752 63 0.15932999999999997 0.7835066666666667 0.30901999999999996 0.41202666666666665
2752 62 0.69178 0.8505466666666668 0.1982 0.29890666666666665
2752 62 0.91899 0.8210266666666667 0.15774000000000002 0.33048
2752 1 0.15202000000000002 0.6280666666666667 0.16268000000000002 0.20328000000000002
2752 1 0.32816 0.7302 0.20572 0.40258666666666665
2752 1 0.6486500000000001 0.5726666666666667 0.15786 0.29018666666666665
2752 44 0.42018 0.6476666666666666 0.00704 0.038373333333333336
2752 47 0.39034 0.6305733333333333 0.02496 0.043653333333333336
2752 48 0.78573 0.6395333333333334 0.046259999999999996 0.0268
2752 1 0.80956 0.6136 0.26776 0.24266666666666667
2752 48 0.63491 0.5359466666666667 0.023260000000000003 0.01968
2752 67 0.40917999999999993 0.7241466666666667 0.1382 0.1829066666666667
2752 62 0.70667 0.6336266666666667 0.10618000000000001 0.15509333333333333
2752 67 0.94425 0.9672533333333333 0.1115 0.06538666666666666
