43206 28 0.18451562500000002 0.40115925058548013 0.119 0.13594847775175645
43206 3 0.5637578125 0.3908665105386417 0.056015625 0.015081967213114755
43206 3 0.7962031250000001 0.39523419203747073 0.03625 0.04241217798594848
43206 3 0.8780859375000001 0.3706674473067916 0.084734375 0.029718969555035127
43206 3 0.5933437500000001 0.3496135831381733 0.0171875 0.014824355971896956
43206 3 0.9238359375 0.36461358313817327 0.033640625 0.03887587822014052
43206 1 0.4699453125 0.5045316159250586 0.144671875 0.6002576112412178
43206 34 0.5832890625 0.15476580796252926 0.059390624999999996 0.020632318501170963
43206 1 0.8194453124999999 0.43045667447306785 0.027828125 0.12798594847775174
43206 1 0.19105468750000001 0.46398126463700234 0.081828125 0.08313817330210772
43206 1 0.03909375 0.383056206088993 0.0430625 0.12391100702576112
43206 1 0.1203828125 0.44843091334894614 0.028796875 0.07470725995316159
43206 1 0.40547656249999997 0.4201990632318501 0.027171875 0.08096018735362998
43206 1 0.22878125000000002 0.43841920374707255 0.01403125 0.05416861826697892
43206 1 0.768953125 0.4310304449648712 0.028999999999999998 0.14065573770491804
43206 3 0.723828125 0.36907494145199066 0.0474375 0.035339578454332554
43206 27 0.34475781250000004 0.48403981264637 0.030546875 0.05309133489461359
43206 62 0.27762499999999996 0.4726112412177985 0.04290625 0.09665105386416863
43206 1 0.419046875 0.5185011709601873 0.0338125 0.029086651053864168
43206 1 0.82909375 0.3976814988290398 0.014000000000000002 0.044355971896955504
43206 1 0.06596874999999999 0.597751756440281 0.13193749999999999 0.5213583138173302
43206 3 0.3891015625 0.3575995316159251 0.084171875 0.024519906323185015
43206 3 0.6842734375 0.3816276346604215 0.046296875 0.03969555035128806
43206 3 0.6164687499999999 0.3851990632318501 0.10809375000000002 0.053161592505854796
43206 3 0.7295234375 0.3306908665105387 0.034328125 0.015901639344262294
43206 3 0.6582734375 0.3477751756440281 0.046296875 0.02641686182669789
43206 3 0.9318359375 0.3372131147540984 0.032796874999999996 0.015081967213114755
43206 3 0.5455078125 0.3567096018735363 0.068984375 0.03407494145199064
43206 8 0.9674609375 0.41903981264637 0.064828125 0.15887587822014052
43206 1 0.7043593749999999 0.451288056206089 0.03753125 0.09583138173302108
43206 3 0.4828125 0.36065573770491804 0.890625 0.117096018735363
