18529 32 0.29333910034602073 0.3891142857142857 0.0440484429065744 0.16857142857142857
18529 32 0.7089619377162629 0.44480000000000003 0.03294117647058823 0.10319999999999999
18529 32 0.6150865051903114 0.19314285714285717 0.023391003460207612 0.07617142857142857
18529 1 0.2694290657439446 0.47795714285714286 0.40280276816608995 0.7146
18529 1 0.6766782006920415 0.18841428571428573 0.11093425605536333 0.06425714285714285
18529 48 0.891401384083045 0.8736285714285714 0.02557093425605536 0.07794285714285715
18529 61 0.45648788927335643 0.8394285714285714 0.3062629757785467 0.22194285714285716
18529 61 0.4650865051903114 0.6184 0.11750865051903114 0.06988571428571429
18529 1 0.9629930795847751 0.1931142857142857 0.07401384083044983 0.12359999999999999
18529 1 0.07212802768166089 0.491 0.14425605536332178 0.7033714285714285
18529 1 0.35152249134948094 0.09902857142857142 0.08027681660899653 0.09754285714285714
18529 1 0.630363321799308 0.1450142857142857 0.19844290657439448 0.22482857142857143
18529 1 0.8034602076124567 0.20702857142857145 0.1423529411764706 0.1974857142857143
18529 1 0.958044982698962 0.25675714285714285 0.08391003460207612 0.17265714285714287
18529 49 0.50560553633218 0.5912142857142857 0.02449826989619377 0.04328571428571429
18529 67 0.5 0.8527714285714285 1.0 0.29228571428571426
18529 1 0.16555363321799307 0.19401428571428572 0.12806228373702422 0.16128571428571428
18529 64 0.5202768166089966 0.09921428571428571 0.11653979238754325 0.10814285714285715
18529 1 0.41619377162629756 0.19205714285714284 0.09820069204152249 0.19645714285714286
18529 1 0.8744809688581314 0.28944285714285717 0.17387543252595156 0.2182
18529 1 0.5133564013840831 0.36219999999999997 0.26186851211072665 0.47057142857142853
18529 1 0.7006920415224913 0.47 0.5916955017301038 0.8085714285714286
