24932 1 0.42846875 0.6573046875 0.2756458333333333 0.577515625
24932 1 0.17611458333333332 0.4961953125 0.0556875 0.115015625
24932 1 0.9431354166666667 0.5000312499999999 0.035479166666666666 0.07034375000000001
24932 1 0.9818333333333334 0.494296875 0.036333333333333336 0.10525
24932 35 0.3925104166666667 0.912359375 0.7850208333333334 0.1528125
24932 1 0.22696875000000002 0.4589609375 0.017770833333333333 0.035140624999999995
24932 1 0.7893854166666667 0.47507031250000004 0.022104166666666664 0.040453125
24932 1 0.7513749999999999 0.4744296875 0.017791666666666664 0.039859375
24932 1 0.013760416666666667 0.491875 0.018020833333333333 0.09684374999999999
24932 35 0.17164583333333333 0.5514140625 0.07629166666666666 0.007546875
24932 35 0.22508333333333336 0.4764765625 0.03208333333333333 0.003015625
24932 1 0.4427916666666667 0.42567187500000003 0.04475 0.0335625
24932 35 0.9468958333333333 0.534234375 0.024541666666666666 0.00421875
24932 35 0.9704479166666666 0.54525 0.059104166666666666 0.003
