39455 67 0.49853125 0.50353125 0.99 0.9788125
39455 47 0.501125 0.2827291666666667 0.22196875 0.30716666666666664
39455 48 0.21440625 0.8294895833333332 0.4288125 0.1841875
39455 49 0.8174140624999999 0.6554895833333333 0.36067187500000003 0.4539375
39455 51 0.2702734375 0.23536458333333335 0.20270312499999998 0.1846875
39455 47 0.795609375 0.251125 0.1858125 0.40091666666666664
39455 54 0.50084375 0.7195937499999999 0.3665625 0.3265625
39455 1 0.458421875 0.08107291666666666 0.37684375000000003 0.16164583333333335
39455 47 0.964078125 0.20511458333333332 0.07184375 0.3698125
39455 51 0.6055390625 0.20881249999999998 0.236546875 0.20654166666666668
