6602 19 0.726765625 0.5790592783505154 0.03421875 0.10538659793814432
6602 19 0.4240078125 0.5680025773195876 0.05689062499999999 0.07512886597938144
6602 19 0.5626953125 0.5849742268041237 0.050453125 0.0907216494845361
6602 19 0.5971249999999999 0.5849484536082474 0.01565625 0.0645360824742268
6602 19 0.934203125 0.5877319587628865 0.0335625 0.06175257731958763
6602 19 0.9556953125 0.5964690721649485 0.013078125 0.046804123711340205
6602 15 0.7839140625 0.8512242268041238 0.284921875 0.2975515463917526
6602 15 0.3007734375 0.6498195876288659 0.070421875 0.08649484536082475
6602 15 0.24669531249999999 0.6420360824742268 0.047078125 0.07536082474226803
6602 15 0.4292734375 0.731430412371134 0.16664062500000001 0.17507731958762887
6602 1 0.7669921875 0.694110824742268 0.07182812499999999 0.12873711340206187
6602 1 0.73084375 0.6961984536082474 0.03690625 0.0922938144329897
6602 1 0.1671875 0.6795747422680413 0.06381250000000001 0.326159793814433
6602 1 0.524421875 0.6292010309278351 0.035562500000000004 0.06685567010309279
6602 1 0.9015234375000001 0.6782860824742268 0.041265625 0.21085051546391753
6602 1 0.8715624999999999 0.6659278350515464 0.03825 0.15103092783505154
6602 1 0.723515625 0.5518427835051547 0.03534375 0.09414948453608248
6602 1 0.4657812499999999 0.6059278350515463 0.022093750000000002 0.09773195876288661
6602 1 0.5666484374999999 0.5453737113402062 0.023328124999999998 0.05837628865979381
6602 1 0.5617265625 0.7189175257731959 0.066609375 0.19829896907216493
6602 1 0.5852578125 0.5416365979381443 0.017328125 0.04414948453608247
6602 1 0.69865625 0.6837499999999999 0.0455 0.10518041237113403
6602 1 0.1331796875 0.6094974226804124 0.028484375 0.1193556701030928
6602 3 0.48546875 0.5736469072164949 0.0813125 0.07389175257731959
6602 19 0.6775234375 0.5718170103092783 0.031359375 0.05404639175257732
6602 1 0.48828125 0.7525773195876289 0.9765625 0.4896907216494845
