544 37 0.9429296875000001 0.6967213114754098 0.021578125 0.017423887587822016
544 1 0.4842734375 0.7595550351288056 0.176921875 0.37751756440281026
544 1 0.269125 0.8359601873536301 0.20240624999999998 0.2606791569086651
544 1 0.11932031250000001 0.7978571428571428 0.158859375 0.3344028103044496
544 1 0.14164062500000002 0.5012880562060891 0.0450625 0.1048711943793911
544 1 0.4091796875 0.4928454332552693 0.045578125000000004 0.11711943793911006
544 1 0.32525 0.5239929742388759 0.0469375 0.06447306791569087
544 1 0.2570078125 0.5027868852459016 0.048671874999999996 0.09831381733021076
544 1 0.026265624999999997 0.6091803278688525 0.0523125 0.18243559718969557
544 1 0.86825 0.5204918032786885 0.03396875 0.04918032786885246
544 39 0.389859375 0.7133255269320844 0.08240625 0.017798594847775174
544 40 0.3570703125 0.796744730679157 0.031671875 0.07161592505854801
544 1 0.06534375 0.624847775175644 0.06675 0.13920374707259953
544 1 0.28707812499999996 0.5303161592505855 0.02953125 0.058337236533957844
544 1 0.049359375 0.5098009367681499 0.0400625 0.10686182669789228
544 1 0.8132890625 0.5105152224824356 0.025609375 0.06960187353629976
544 1 0.49921875 0.4063231850117096 0.9984375 0.8126463700234192
