26829 37 0.581234375 0.3062916666666667 0.014875 0.01954166666666667
26829 1 0.6103359374999999 0.18420833333333334 0.022359375 0.10091666666666667
26829 1 0.7314921875 0.26237499999999997 0.059859375000000006 0.131375
26829 1 0.9036328124999999 0.21056249999999999 0.039953125 0.085625
26829 1 0.08700781249999999 0.3979375 0.034015625 0.14825
26829 1 0.3105078125 0.7496979166666667 0.137140625 0.2450625
26829 1 0.7315546875 0.05988541666666667 0.019765625000000002 0.022479166666666665
26829 43 0.3375078125 0.6936979166666666 0.008890625000000001 0.019354166666666665
26829 1 0.22075781249999998 0.07842708333333333 0.022984375 0.0289375
26829 1 0.442796875 0.14025 0.0170625 0.04466666666666667
26829 1 0.0690625 0.24182291666666667 0.04871875 0.10097916666666666
26829 1 0.211515625 0.9696666666666667 0.03203125 0.03820833333333333
26829 1 0.09303125 0.21302083333333333 0.035625000000000004 0.050208333333333334
26829 1 0.13674218750000003 0.37203125 0.026828125 0.13535416666666666
26829 43 0.733421875 0.28153124999999996 0.0174375 0.041854166666666665
26829 1 0.1046171875 0.21220833333333333 0.027234374999999998 0.10304166666666667
26829 62 0.60865625 0.05305208333333333 0.01525 0.019479166666666665
26829 1 0.49921875 0.15104166666666666 0.9984375 0.3020833333333333
