27190 1 0.5082890625 0.5956572769953051 0.110171875 0.18525821596244132
27190 1 0.2339765625 0.5896830985915493 0.105171875 0.21842723004694836
27190 1 0.4016484375 0.6130046948356808 0.07307812500000001 0.15
27190 1 0.701515625 0.596924882629108 0.10609375000000001 0.19507042253521126
27190 55 0.43071093749999995 0.7463028169014084 0.09135937499999999 0.15363849765258217
27190 31 0.43452343749999994 0.6473004694835681 0.032515625 0.0927699530516432
27190 53 0.33992968749999997 0.753943661971831 0.111359375 0.14413145539906103
27190 53 0.561546875 0.7586502347417841 0.02384375 0.031807511737089206
27190 53 0.596609375 0.7862441314553991 0.024406249999999997 0.029389671361502348
27190 53 0.6412734375 0.8070305164319249 0.022640625 0.03190140845070422
27190 53 0.5740624999999999 0.7472417840375588 0.21349999999999997 0.15687793427230046
27190 53 0.6500859374999999 0.7790492957746479 0.025671875 0.0394131455399061
27190 53 0.97871875 0.7178990610328638 0.042562499999999996 0.05434272300469483
27190 53 0.6871953124999999 0.8175 0.028984375 0.02373239436619718
27190 57 0.6268750000000001 0.5801408450704225 0.12275 0.1147887323943662
27190 1 0.05615625 0.8480751173708919 0.1123125 0.30384976525821594
27190 53 0.6884296875 0.7553755868544602 0.150046875 0.13985915492957746
