4739 21 0.552796875 0.5239018691588786 0.5020625 0.5259345794392524
4739 2 0.1249375 0.6560514018691589 0.119875 0.5097196261682243
4739 1 0.16761718750000001 0.48151869158878496 0.22948437500000002 0.5990654205607476
4739 1 0.282234375 0.331214953271028 0.0546875 0.2275233644859813
4739 1 0.9223281250000002 0.4705257009345794 0.15534375 0.5963785046728972
4739 51 0.68159375 0.7468457943925233 0.098 0.09088785046728971
4739 1 0.1135546875 0.3555373831775701 0.136203125 0.3804672897196262
4739 1 0.082171875 0.3307476635514019 0.03721875 0.20018691588785048
4739 1 0.1298515625 0.2349415887850467 0.015890625 0.024696261682242992
4739 4 0.56265625 0.6427920560747664 0.24946875 0.1694158878504673
