29838 44 0.7748828125 0.1285093896713615 0.15814062499999998 0.25485915492957745
29838 44 0.9415156249999999 0.21274647887323941 0.11696875 0.3892488262910798
29838 67 0.5 0.49553990610328635 1.0 0.9835680751173709
29838 48 0.9206249999999999 0.5754460093896713 0.15875 0.11582159624413146
29838 56 0.55009375 0.7082863849765259 0.1441875 0.23131455399061035
29838 54 0.4668046875 0.2655046948356808 0.225984375 0.21199530516431925
29838 56 0.6517031249999999 0.5121596244131454 0.04109375 0.0596244131455399
29838 57 0.7073750000000001 0.6960915492957747 0.11571875000000001 0.10730046948356808
29838 57 0.4954140625 0.6803755868544601 0.057640625 0.0939906103286385
29838 57 0.5953203125 0.48748826291079816 0.064578125 0.0428169014084507
29838 57 0.7173984375 0.5585446009389672 0.058078125 0.1276056338028169
29838 57 0.57659375 0.610481220657277 0.0964375 0.15237089201877935
29838 57 0.49585937499999994 0.5433215962441315 0.061375 0.058755868544600943
