10442 1 0.79446875 0.7606103286384976 0.125 0.4787793427230047
10442 1 0.7518203124999999 0.6306338028169015 0.08545312499999999 0.4121596244131456
10442 1 0.5250234375 0.5550586854460094 0.13760937499999998 0.3685211267605634
10442 1 0.3920078125 0.4652230046948357 0.10110937499999999 0.39129107981220657
10442 1 0.1578046875 0.4033685446009389 0.10320312499999999 0.3707746478873239
10442 1 0.5386562500000001 0.5840845070422535 0.16378125 0.3792488262910798
10442 1 0.1484609375 0.07084507042253521 0.056265625 0.14169014084507042
10442 40 0.4286718749999999 0.5063145539906103 0.02840625 0.05497652582159625
10442 40 0.582234375 0.5802464788732394 0.02953125 0.0526056338028169
10442 40 0.750015625 0.7483333333333334 0.03225 0.05887323943661971
10442 40 0.2013125 0.43298122065727696 0.0233125 0.051220657276995304
10442 40 0.330859375 0.4168661971830986 0.0265625 0.035375586854460093
10442 40 0.47225 0.5823943661971831 0.039375 0.05605633802816901
10442 1 0.49260937499999996 0.4826760563380282 0.09615625 0.39727699530516436
10442 1 0.8132890625 0.7196713615023473 0.100453125 0.43230046948356804
10442 1 0.7329453125 0.13080985915492957 0.045109375 0.0974413145539906
10442 40 0.7773125000000001 0.5716431924882629 0.029593750000000002 0.04619718309859155
10442 40 0.76784375 0.737899061032864 0.017812500000000002 0.05575117370892019
10442 1 0.32210937500000003 0.09967136150234741 0.06696875 0.09948356807511738
10442 1 0.298234375 0.4337676056338028 0.08471875 0.38960093896713616
10442 1 0.26365625000000004 0.0909037558685446 0.070875 0.1818075117370892
10442 1 0.44453125 0.10211267605633803 0.8671875 0.20422535211267606
