34212 44 0.12204248366013072 0.3982761437908497 0.04049019607843137 0.0851797385620915
34212 44 0.8445261437908497 0.4050490196078431 0.0430718954248366 0.08705882352941177
34212 44 0.19121732026143792 0.41344771241830064 0.01831699346405229 0.05869281045751634
34212 1 0.39550653594771246 0.5359558823529411 0.26967320261437905 0.5415849673202614
34212 47 0.22284313725490196 0.42476307189542484 0.04542483660130719 0.038284313725490196
34212 47 0.13191176470588237 0.5364705882352941 0.038790849673202614 0.05679738562091503
34212 51 0.1016013071895425 0.678766339869281 0.1284640522875817 0.07194444444444445
34212 52 0.08866013071895426 0.7095751633986928 0.05549019607843137 0.06143790849673203
34212 52 0.1096078431372549 0.7051470588235293 0.06588235294117648 0.049705882352941176
34212 53 0.8954983660130719 0.7825408496732026 0.043284313725490194 0.03746732026143791
34212 44 0.21976307189542485 0.2971732026143791 0.038415032679738566 0.06944444444444445
34212 46 0.2481862745098039 0.5313643790849674 0.029542483660130715 0.0709640522875817
34212 46 0.22263071895424835 0.529828431372549 0.030424836601307192 0.06857843137254901
34212 46 0.1657516339869281 0.5309803921568627 0.04235294117647059 0.07441176470588236
34212 47 0.0519281045751634 0.5400898692810457 0.03434640522875817 0.05410130718954248
34212 47 0.09301470588235293 0.5447140522875817 0.03230392156862745 0.03975490196078431
34212 49 0.9381944444444443 0.6869607843137255 0.015506535947712419 0.05696078431372549
34212 55 0.0342483660130719 0.7197140522875818 0.05794117647058824 0.05524509803921569
34212 55 0.8942810457516341 0.7813153594771243 0.043529411764705886 0.03995098039215686
34212 46 0.18805555555555556 0.5300653594771242 0.02898692810457516 0.07245098039215687
34212 47 0.5588643790849673 0.7445669934640523 0.040473856209150325 0.04504901960784314
34212 47 0.5093954248366013 0.7554738562091504 0.0396078431372549 0.02281045751633987
34212 47 0.14684640522875816 0.29907679738562093 0.039281045751633985 0.06220588235294118
34212 49 0.9568790849673203 0.6433333333333334 0.058758169934640524 0.06915032679738563
34212 44 0.7636683006535948 0.4136111111111111 0.04478758169934641 0.0669281045751634
