24259 2 0.678109375 0.6383022071307302 0.12503124999999998 0.21677419354838712
24259 3 0.749828125 0.5407300509337861 0.40959375 0.2787775891341256
24259 3 0.9467109375 0.6134804753820035 0.106578125 0.24719864176570458
24259 10 0.5566328125 0.3342190152801358 0.024359375 0.05614601018675722
24259 1 0.9714609375000001 0.4656196943972835 0.057078125 0.11816638370118844
24259 8 0.4896328125 0.5230560271646859 0.208703125 0.2609507640067911
24259 10 0.5980390625 0.2646859083191851 0.033640625 0.07748726655348048
24259 8 0.20060937499999998 0.39449915110356537 0.39668749999999997 0.7315110356536503
24259 1 0.6745546874999999 0.5307555178268252 0.130265625 0.3111205432937182
24259 10 0.7664296875 0.32241086587436335 0.028734375 0.06590831918505942
24259 10 0.5324765625000001 0.3382003395585738 0.025765624999999997 0.056672325976230904
