33262 28 0.2613671875 0.603127240143369 0.237953125 0.100663082437276
33262 28 0.10482031249999998 0.47153225806451615 0.20964062499999997 0.12134408602150537
33262 62 0.472265625 0.8119354838709677 0.66175 0.33784946236559144
33262 62 0.06765625 0.7651075268817203 0.13278125000000002 0.14906810035842294
33262 1 0.525828125 0.7049731182795699 0.36415625 0.35801075268817206
33262 1 0.664765625 0.6454301075268817 0.07578125 0.1714336917562724
33262 1 0.10365625 0.7265860215053763 0.2050625 0.20808243727598566
33262 1 0.248484375 0.7106541218637992 0.06725 0.13808243727598565
33262 1 0.3070703125 0.688521505376344 0.025484374999999997 0.08471326164874553
33262 1 0.5079921875 0.6776702508960575 0.037046875 0.047634408602150534
33262 1 0.18755468749999998 0.6917293906810035 0.013078125 0.019121863799283153
33262 28 0.727234375 0.6040412186379928 0.089125 0.05274193548387097
33262 28 0.3682265625 0.5471415770609319 0.083859375 0.0353584229390681
33262 44 0.044625000000000005 0.7992383512544803 0.03021875 0.08105734767025088
33262 44 0.30436718749999997 0.7430734767025089 0.014765625 0.026899641577060932
33262 31 0.6890468750000001 0.8460304659498208 0.11499999999999999 0.07754480286738352
33262 1 0.6653437500000001 0.7205734767025089 0.15596875 0.12146953405017921
33262 1 0.5331875 0.6611379928315413 0.0225 0.043924731182795704
