44138 72 0.859796875 0.45464583333333336 0.19175 0.2165
44138 63 0.8298359375000001 0.8086041666666667 0.340328125 0.37420833333333337
44138 1 0.8174140624999999 0.7056145833333333 0.364046875 0.2921458333333333
44138 73 0.3432734375 0.6191875000000001 0.377328125 0.4309583333333334
44138 74 0.5588671875 0.7000729166666667 0.06639062500000001 0.05560416666666667
44138 75 0.755265625 0.6447395833333333 0.05565625 0.07485416666666667
44138 64 0.6766015624999999 0.375125 0.222328125 0.5681666666666667
44138 76 0.3373046875 0.72603125 0.285484375 0.08497916666666666
44138 76 0.08371875000000001 0.70171875 0.16312500000000002 0.12889583333333332
44138 72 0.16071875 0.2922083333333333 0.31753125 0.4181666666666667
44138 72 0.5135468750000001 0.33565625000000004 0.21875 0.22135416666666666
44138 74 0.97171875 0.5908541666666667 0.04365625 0.023625
