15148 44 0.21467968750000002 0.8373481308411215 0.025578125 0.12820093457943924
15148 44 0.5515625 0.8535864485981308 0.026437500000000003 0.09941588785046729
15148 1 0.3589765625 0.5306542056074767 0.220921875 0.743411214953271
15148 1 0.6403671875 0.545981308411215 0.180921875 0.7612616822429906
15148 15 0.47338281249999997 0.6623598130841122 0.727359375 0.46518691588785044
15148 43 0.4687421875 0.7404439252336448 0.097046875 0.3379439252336448
15148 43 0.7982812499999999 0.7485163551401869 0.0955 0.340303738317757
15148 27 0.0675703125 0.8053855140186915 0.135140625 0.17067757009345794
15148 15 0.4290625 0.3256191588785047 0.32265625 0.12324766355140188
15148 27 0.7820390625 0.8134929906542057 0.11192187499999999 0.20904205607476636
15148 27 0.8970390625 0.8164252336448599 0.061453125 0.16275700934579437
15148 31 0.0679609375 0.8001635514018692 0.135921875 0.17186915887850468
15148 44 0.9760781249999999 0.8098130841121495 0.0470625 0.03574766355140187
