14056 42 0.5126960784313725 0.67109477124183 0.17941176470588235 0.0180718954248366
14056 42 0.38053921568627447 0.6049509803921568 0.06816993464052287 0.012941176470588235
14056 42 0.15009803921568626 0.513357843137255 0.01650326797385621 0.011486928104575163
14056 42 0.5240522875816993 0.5292483660130719 0.03235294117647059 0.013202614379084968
14056 42 0.7008251633986927 0.6514297385620915 0.05913398692810457 0.010866013071895426
14056 1 0.2794607843137255 0.40139705882352944 0.015947712418300654 0.026127450980392156
14056 1 0.3199591503267974 0.39418300653594773 0.021552287581699345 0.0411437908496732
14056 1 0.3442238562091503 0.400359477124183 0.023415032679738563 0.03320261437908497
14056 1 0.21223039215686273 0.38562908496732023 0.050277777777777775 0.04625816993464052
14056 1 0.09426470588235293 0.4158660130718954 0.03254901960784314 0.03882352941176471
14056 1 0.9571486928104577 0.37723856209150325 0.019035947712418302 0.0742156862745098
14056 1 0.5191176470588236 0.6391584967320262 0.12022875816993464 0.06367647058823529
14056 1 0.4349673202614379 0.5937663398692811 0.1737254901960784 0.03959150326797386
14056 1 0.5655555555555556 0.5185294117647058 0.11715686274509804 0.022124183006535948
14056 1 0.21768790849673203 0.49107026143790844 0.06263071895424836 0.0294281045751634
14056 1 0.7586764705882352 0.6365114379084967 0.06362745098039216 0.03200980392156863
14056 1 0.8864705882352941 0.6264787581699347 0.10941176470588235 0.042205882352941176
14056 1 0.2979820261437909 0.3852287581699346 0.01272875816993464 0.02330065359477124
14056 1 0.5841503267973857 0.5269607843137255 0.7794117647058824 0.2696078431372549
