13550 1 0.25075781249999995 0.49605386416861824 0.486453125 0.5959484777517564
13550 22 0.6649375 0.6 0.4033125 0.6966276346604215
13550 22 0.4512734375 0.7328337236533957 0.139265625 0.22430913348946135
13550 22 0.5576953125 0.7695667447306791 0.099453125 0.18067915690866512
13550 22 0.8875859374999999 0.8131615925058547 0.107546875 0.11105386416861827
13550 22 0.9074296875 0.7659016393442624 0.088234375 0.20903981264637003
13550 22 0.6416562499999999 0.6672599531615926 0.1088125 0.10159250585480094
13550 22 0.5414453124999999 0.6475292740046839 0.11951562499999999 0.11763466042154566
13550 31 0.0811875 0.5716042154566744 0.13509374999999998 0.13997658079625294
13550 22 0.7609921875 0.7618266978922715 0.184796875 0.22758782201405153
13550 22 0.3059765625 0.6590281030444964 0.143984375 0.15669789227166275
13550 22 0.5692890625 0.5970023419203747 0.047984375 0.05330210772833724
13550 22 0.3293984375 0.56288056206089 0.06704687499999999 0.07091334894613584
13550 22 0.43322656249999997 0.6148711943793911 0.069390625 0.056533957845433254
