10082 1 0.0485 0.634835294117647 0.094 0.6943764705882354
10082 1 0.2535078125 0.5788235294117647 0.231828125 0.8198117647058824
10082 1 0.8593125 0.5276117647058823 0.28137500000000004 0.9435999999999999
10082 32 0.5481015625000001 0.4208 0.109296875 0.20607058823529412
10082 62 0.26025 0.1446 0.056781250000000005 0.06750588235294118
10082 62 0.307484375 0.13429411764705884 0.0295 0.06524705882352941
10082 62 0.344984375 0.1260235294117647 0.0415625 0.07195294117647058
10082 62 0.2242734375 0.15212941176470587 0.026828125 0.040400000000000005
10082 62 0.28011718750000003 0.18416470588235292 0.020921875 0.02804705882352941
10082 64 0.7960546875000001 0.5428 0.057390624999999994 0.2617411764705882
