23251 67 0.5009188034188035 0.49663281249999996 0.9956837606837607 0.9842656249999999
23251 51 0.3307905982905983 0.6929453125 0.5412393162393163 0.364734375
23251 51 0.7202136752136752 0.1576875 0.5517521367521369 0.315375
23251 51 0.05878205128205128 0.1406953125 0.11418803418803418 0.191578125
23251 51 0.2753418803418804 0.12203125 0.30594017094017095 0.2440625
23251 58 0.430758547008547 0.6197109375 0.18886752136752136 0.108671875
23251 58 0.48647435897435903 0.6807734375 0.1928205128205128 0.045640625000000004
23251 58 0.24331196581196582 0.60909375 0.20957264957264957 0.1065
23251 58 0.4405341880341881 0.734546875 0.1544871794871795 0.12540625
23251 51 0.417724358974359 0.3455078125 0.38553418803418804 0.179984375
23251 51 0.7816987179487179 0.45442968749999996 0.3454487179487179 0.23957812500000003
23251 51 0.7517628205128205 0.9336484375000002 0.3787820512820513 0.132703125
23251 51 0.8933226495726496 0.7090859375 0.19536324786324788 0.254546875
23251 58 0.24025641025641026 0.7360234375 0.1864102564102564 0.140984375
23251 58 0.31956196581196583 0.7618124999999999 0.10185897435897437 0.16865625
23251 58 0.3578525641025641 0.579296875 0.048482905982905986 0.12037500000000001
23251 58 0.1832371794871795 0.6743203125 0.23074786324786323 0.064515625
