13904 37 0.9024609374999999 0.5736015624999999 0.014171875 0.014515624999999999
13904 37 0.4427499999999999 0.5399765624999999 0.01509375 0.014078125
13904 37 0.2674921875 0.05809375 0.012609375 0.01075
13904 43 0.21621875 0.6889921875 0.12240625000000001 0.062109375
13904 43 0.929671875 0.6134375000000001 0.08696875 0.05890625000000001
13904 43 0.19410156250000002 0.1351953125 0.077765625 0.036828125
13904 1 0.19922656249999998 0.7462421875 0.260703125 0.362078125
13904 1 0.19535156250000002 0.3055 0.134984375 0.341375
13904 1 0.575796875 0.18699218750000002 0.09990625 0.30207812500000003
13904 1 0.8389218749999999 0.2720234375 0.25503125 0.427296875
13904 1 0.524625 0.812875 0.14734375 0.306875
13904 37 0.0454609375 0.589546875 0.015140625 0.013093750000000001
13904 43 0.584859375 0.7436796875 0.02103125 0.088078125
13904 1 0.289828125 0.5753984375 0.07184375 0.13479687499999998
13904 1 0.904296875 0.0183828125 0.0774375 0.016140625
13904 1 0.47560156249999996 0.35197656250000003 0.176828125 0.290703125
13904 1 0.849609375 0.8109765624999999 0.126125 0.352640625
13904 43 0.9442734374999999 0.14503125 0.029421874999999997 0.08399999999999999
13904 1 0.20168749999999996 0.5671484375 0.05825 0.127953125
