40407 28 0.9244964871194379 0.316875 0.15100702576112413 0.07225000000000001
40407 28 0.06165105386416862 0.30348437500000003 0.12091334894613584 0.0496875
40407 62 0.41807962529274 0.5224609375 0.1389695550351288 0.127796875
40407 62 0.3093911007025761 0.5245546875 0.11297423887587822 0.133171875
40407 62 0.7685245901639344 0.5537656249999999 0.10454332552693209 0.11528125
40407 62 0.15296252927400467 0.4739531250000001 0.10081967213114754 0.10090625
40407 62 0.3371779859484778 0.44047656250000006 0.06742388758782202 0.028640624999999996
40407 1 0.6618384074941452 0.5842734375 0.5894379391100703 0.714609375
40407 1 0.27966042154566745 0.43773437499999995 0.2309367681498829 0.3519375
40407 38 0.22379391100702575 0.240515625 0.1457142857142857 0.10890625000000001
40407 67 0.38119437939110073 0.42895312499999994 0.1999063231850117 0.0324375
40407 67 0.6029625292740046 0.4659765625 0.5811475409836065 0.041171875000000004
40407 31 0.6146604215456674 0.4624453125 0.1594847775175644 0.22523437500000001
40407 1 0.8717447306791569 0.384765625 0.05618266978922716 0.0398125
40407 1 0.9303864168618267 0.3908125 0.08086651053864169 0.06059375
40407 1 0.054098360655737705 0.3665 0.05934426229508197 0.061312500000000006
40407 1 0.752576112412178 0.3951953125 0.05826697892271662 0.046484375
40407 31 0.919672131147541 0.43253906249999996 0.11269320843091335 0.038734375
40407 62 0.7746252927400468 0.42426562500000004 0.0534192037470726 0.0138125
40407 62 0.809976580796253 0.4261015625 0.032412177985948476 0.0072968749999999995
40407 62 0.8338524590163934 0.4401796875 0.07360655737704919 0.020671875
40407 1 0.9687704918032786 0.41956249999999995 0.046393442622950816 0.04584375
40407 62 0.7301990632318501 0.5314374999999999 0.07819672131147541 0.0823125
40407 62 0.7515690866510539 0.5291484375 0.0595784543325527 0.076046875
40407 67 0.814672131147541 0.4337734375 0.11065573770491803 0.013921875
40407 67 0.8988290398126464 0.43185156250000006 0.1117096018735363 0.034109375
40407 1 0.6801756440281029 0.3525390625 0.052248243559718965 0.038921875
40407 1 0.8316861826697892 0.39725 0.10861826697892273 0.06096875
