27769 48 0.09034375 0.6576584867075665 0.11184374999999999 0.6148670756646217
27769 56 0.6588984375 0.7694171779141105 0.24270312500000002 0.28705521472392637
27769 56 0.826359375 0.6390081799591002 0.19771875 0.21184049079754602
27769 56 0.6603749999999999 0.5637116564417178 0.13946875 0.18586912065439673
27769 56 0.7613671875 0.4647137014314929 0.300234375 0.3176482617586912
27769 56 0.6170546874999999 0.29430470347648263 0.205109375 0.33707566462167693
27769 56 0.48360156249999997 0.23411042944785276 0.10067187500000001 0.1294069529652352
27769 56 0.7748203124999999 0.24436605316973417 0.11479687499999999 0.15024539877300613
27769 47 0.86234375 0.13220858895705523 0.19315625 0.17897750511247443
27769 67 0.38289062500000004 0.12078732106339468 0.70396875 0.15507157464212679
27769 67 0.49703125000000004 0.49748466257668716 0.95325 0.9312065439672802
