47873 44 0.6804921875 0.5515339578454332 0.034078125 0.16447306791569088
47873 44 0.026937499999999996 0.5095784543325527 0.0368125 0.080327868852459
47873 44 0.1745703125 0.5883840749414521 0.029078125 0.09564402810304451
47873 62 0.1735546875 0.9290515222482435 0.341109375 0.11711943793911006
47873 51 0.9231640625 0.6130327868852459 0.060921875 0.033278688524590164
47873 78 0.31378125 0.5380679156908665 0.18487499999999998 0.16545667447306792
47873 47 0.258578125 0.2048829039812646 0.029281249999999998 0.06517564402810304
47873 47 0.38385156249999997 0.21304449648711943 0.023421875 0.04992974238875878
47873 47 0.479171875 0.2177751756440281 0.02284375 0.042107728337236534
47873 47 0.40026562499999996 0.21950819672131147 0.01103125 0.03733021077283372
47873 47 0.5035937500000001 0.21407494145199063 0.02015625 0.052037470725995315
47873 47 0.432296875 0.2172599531615925 0.01971875 0.04304449648711944
47873 47 0.41614062500000004 0.22304449648711946 0.01615625 0.030772833723653397
47873 47 0.36828125 0.21823185011709603 0.01440625 0.04395784543325527
47873 47 0.3472109375 0.21785714285714283 0.029015625 0.04311475409836066
47873 44 0.664359375 0.5379156908665106 0.0316875 0.18627634660421546
47873 44 0.1473046875 0.5896135831381732 0.027734375 0.098711943793911
47873 44 0.05325 0.5443325526932083 0.025437500000000002 0.17114754098360654
47873 47 0.30359375 0.21113583138173303 0.027500000000000004 0.05688524590163934
47873 47 0.23628125 0.20461358313817332 0.021718750000000002 0.059437939110070254
47873 62 0.8032656250000001 0.9246721311475411 0.39346875 0.15065573770491802
47873 47 0.52421875 0.21381733021077282 0.02396875 0.04918032786885246
47873 47 0.45621874999999995 0.21704918032786888 0.024656249999999998 0.04023419203747072
47873 47 0.2812421875 0.21368852459016394 0.020671875 0.052482435597189694
47873 47 0.38671875 0.38992974238875877 0.7703125 0.522248243559719
