15644 77 0.814703125 0.7886214953271029 0.14015625 0.06593457943925234
15644 1 0.833625 0.3651635514018691 0.33275 0.7303271028037382
15644 1 0.617015625 0.2824415887850467 0.1703125 0.4350233644859813
15644 1 0.4256953125 0.27587616822429906 0.15714062499999998 0.35848130841121495
15644 1 0.202875 0.3146144859813084 0.20437500000000003 0.5393224299065421
15644 1 0.9794765625 0.21971962616822427 0.041046875 0.2636448598130841
15644 1 0.024921875 0.29341121495327105 0.04984375 0.4392990654205608
15644 1 0.9234765625 0.13932242990654203 0.07964062499999999 0.24719626168224298
15644 47 0.210390625 0.5998831775700935 0.07518749999999999 0.12196261682242991
15644 47 0.2995078125 0.659088785046729 0.087609375 0.1417289719626168
15644 73 0.61990625 0.5853971962616823 0.47940625 0.3977570093457944
15644 1 0.3296796875 0.31536214953271025 0.083296875 0.25679906542056075
15644 47 0.6070390625 0.7372429906542056 0.135359375 0.18514018691588785
15644 47 0.40021874999999996 0.6107126168224298 0.0896875 0.1089018691588785
15644 27 0.304921875 0.3305957943925234 0.03409375 0.10507009345794392
15644 1 0.10480468750000001 0.281285046728972 0.086609375 0.433177570093458
