40138 7 0.63118 0.67528 0.7028 0.17754666666666666
40138 9 0.25512999999999997 0.7842533333333332 0.5102599999999999 0.2684533333333333
40138 1 0.39186999999999994 0.71884 0.01218 0.06456
40138 1 0.37559 0.7145066666666666 0.013380000000000001 0.05429333333333333
40138 1 0.43751 0.6959333333333333 0.01014 0.01976
40138 1 0.45375 0.7074133333333332 0.01622 0.03968
40138 1 0.66716 0.55628 0.01148 0.034800000000000005
40138 1 0.70197 0.5483066666666667 0.018539999999999997 0.040453333333333334
40138 1 0.72194 0.5448133333333333 0.01516 0.02306666666666667
40138 1 0.09187999999999999 0.6279066666666667 0.04208 0.04770666666666667
40138 1 0.73633 0.5424133333333333 0.007940000000000001 0.030266666666666667
40138 1 0.42248 0.6985866666666666 0.01724 0.03861333333333333
40138 1 0.40587 0.7099199999999999 0.013099999999999999 0.04768
40138 1 0.48718 0.576 0.01396 0.018933333333333333
40138 1 0.56426 0.5783066666666666 0.00928 0.01624
40138 1 0.5 0.608 0.996 0.336
