8519 37 0.193078125 0.6044708994708994 0.0228125 0.021216931216931217
8519 39 0.4699375 0.6412698412698413 0.01853125 0.027301587301587302
8519 40 0.570265625 0.6634920634920636 0.02559375 0.05523809523809524
8519 1 0.453609375 0.15541005291005291 0.05853125 0.12838624338624338
8519 1 0.63053125 0.7668915343915343 0.14365624999999999 0.27928571428571425
8519 1 0.7610546875 0.7673677248677249 0.134671875 0.32653439153439157
8519 1 0.49646875 0.1381084656084656 0.0875625 0.2418253968253968
8519 1 0.432328125 0.6914417989417989 0.17028125 0.42341269841269846
8519 1 0.5896640625 0.15160052910052912 0.096890625 0.23224867724867726
8519 1 0.6866640625 0.15951058201058202 0.065296875 0.22203703703703706
8519 1 0.8054062500000001 0.19667989417989418 0.09278125000000001 0.26224867724867723
8519 1 0.8631015625 0.20226190476190475 0.057609375 0.2454232804232804
8519 1 0.3596796875 0.1382010582010582 0.066359375 0.11910052910052911
8519 1 0.321078125 0.09239417989417989 0.08775 0.18478835978835978
8519 1 0.9672031249999999 0.14174603174603173 0.04290625 0.08894179894179893
8519 15 0.275140625 0.12089947089947091 0.11721875 0.12624338624338624
8519 15 0.7251328125 0.2421825396825397 0.050578124999999995 0.061031746031746034
8519 1 0.1950703125 0.10742063492063493 0.040203125 0.15484126984126984
8519 1 0.4953125 0.1693121693121693 0.9875 0.31746031746031744
