16060 28 0.72771875 0.38063231850117096 0.1743125 0.0902576112412178
16060 28 0.78203125 0.4300819672131147 0.14440625 0.07894613583138174
16060 28 0.6396171875000001 0.4639695550351288 0.081828125 0.1226463700234192
16060 3 0.47816406250000004 0.4674473067915691 0.023796875000000002 0.027728337236533958
16060 3 0.8365234375 0.513384074941452 0.048828125 0.05941451990632319
16060 3 0.9584765625000001 0.5309953161592507 0.054109375 0.0705152224824356
16060 3 0.959625 0.4970023419203747 0.053468749999999995 0.03911007025761124
16060 10 0.5887421875000001 0.42640515222482434 0.005578125 0.028266978922716627
16060 1 0.68921875 0.6482903981264637 0.11174999999999999 0.46669789227166275
16060 1 0.751140625 0.615152224824356 0.07871875 0.3210304449648712
16060 1 0.35745312500000004 0.48700234192037467 0.01628125 0.1223887587822014
16060 1 0.1488515625 0.5178220140515222 0.023640625000000002 0.09840749414519907
16060 31 0.7913828125 0.5677868852459016 0.050265625 0.14311475409836066
16060 31 0.6287499999999999 0.5794730679156909 0.0363125 0.05154566744730679
16060 10 0.5514375 0.4374121779859485 0.008749999999999999 0.03332552693208431
16060 1 0.8009765625 0.6288524590163934 0.070140625 0.3326932084309134
16060 3 0.32117968750000003 0.4847775175644028 0.038328125000000005 0.056159250585480096
16060 15 0.1092265625 0.5364519906323185 0.071078125 0.0748711943793911
16060 15 0.29188281250000003 0.5144379391100702 0.033453125 0.07323185011709601
16060 28 0.17447656250000002 0.44771662763466036 0.024984375 0.013512880562060889
16060 1 0.16915624999999998 0.47908665105386417 0.017687500000000002 0.057704918032786885
16060 10 0.3355390625 0.40951990632318497 0.004296875 0.01819672131147541
16060 15 0.41597656250000004 0.5074121779859485 0.030015625 0.040491803278688523
16060 1 0.6306875 0.6444613583138173 0.049875 0.26864168618266976
