16359 67 0.8991953125000001 0.4941253263707572 0.201609375 0.11295039164490861
16359 67 0.10489843750000001 0.4366318537859008 0.206984375 0.08234986945169713
16359 67 0.24803906250000002 0.3386553524804178 0.211015625 0.053080939947780674
16359 67 0.374140625 0.35593994778067883 0.07906250000000001 0.096266318537859
16359 1 0.6484375 0.49411227154047 0.56359375 0.9806005221932115
16359 1 0.060515624999999997 0.5546736292428198 0.11834375 0.6022454308093995
16359 1 0.0743046875 0.3436161879895562 0.137890625 0.400443864229765
16359 1 0.93309375 0.2608355091383812 0.1338125 0.3780678851174935
16359 59 0.3590625 0.7999999999999999 0.40271875 0.39530026109660577
16359 47 0.1056171875 0.3804177545691906 0.032109375 0.09535248041775458
16359 67 0.8022812500000001 0.29856396866840734 0.0799375 0.016449086161879897
16359 67 0.7702109375 0.3402480417754569 0.037265625000000004 0.06174934725848564
16359 67 0.8227187500000002 0.30126631853785896 0.116625 0.04775456919060052
16359 15 0.20703906249999998 0.6490208877284595 0.169921875 0.253289817232376
16359 15 0.21134375 0.4966710182767624 0.128625 0.09208877284595302
16359 15 0.3567265625 0.4039425587467363 0.121296875 0.01968668407310705
16359 15 0.7872812499999999 0.3922062663185379 0.038375 0.017154046997389035
16359 62 0.2485859375 0.6005483028720627 0.016015625 0.05754569190600522
16359 62 0.3106953125 0.4230156657963446 0.163671875 0.02154046997389034
16359 67 0.8474296875 0.27532637075718014 0.07129687500000001 0.007780678851174934
16359 15 0.8066171875 0.39479112271540473 0.094578125 0.08989556135770235
16359 15 0.8173359375 0.3827676240208877 0.114890625 0.09519582245430809
16359 15 0.9610781249999999 0.8793211488250652 0.07784375 0.1068929503916449
16359 15 0.9336718750000002 0.6333289817232376 0.13265625 0.07793733681462141
