24553 37 0.8424453125000001 0.6430520833333334 0.009203125 0.011979166666666667
24553 40 0.35753125 0.7556458333333335 0.02515625 0.036375000000000005
24553 40 0.6496328125 0.5870833333333334 0.014578125 0.012833333333333334
24553 1 0.659921875 0.57534375 0.046468749999999996 0.15552083333333336
24553 1 0.29978125 0.817875 0.1404375 0.25779166666666664
24553 1 0.9084765625000001 0.46851041666666665 0.022203125 0.08127083333333333
24553 1 0.931625 0.4579895833333333 0.022625 0.08297916666666666
24553 1 0.1744375 0.41784375 0.007593750000000001 0.03252083333333333
24553 1 0.985 0.47442708333333333 0.03 0.07127083333333334
24553 1 0.5387890625 0.44161458333333337 0.019984375 0.01922916666666667
24553 1 0.4120078125 0.4342604166666667 0.022640625 0.021437499999999998
24553 1 0.49195312500000005 0.42533333333333334 0.012687499999999999 0.04958333333333333
24553 1 0.4267265625 0.41618750000000004 0.011515625 0.03904166666666666
24553 1 0.48137500000000005 0.4333854166666667 0.00990625 0.024770833333333336
24553 1 0.47341406249999995 0.42901041666666667 0.008078125 0.0146875
24553 1 0.5629375000000001 0.4415104166666666 0.01865625 0.016854166666666667
24553 40 0.9751640625 0.47703124999999996 0.007640625 0.015479166666666665
24553 1 0.5 0.5135416666666667 0.996875 0.4979166666666667
