6066 16 0.321265625 0.295375 0.02459375 0.02275
6066 16 0.382109375 0.218421875 0.035875000000000004 0.043375000000000004
6066 16 0.41653906249999995 0.2611328125 0.029703125000000004 0.028921875000000003
6066 16 0.5338125 0.343125 0.026687499999999996 0.01984375
6066 16 0.49846874999999996 0.4028593750000001 0.03478125 0.03975
6066 16 0.4496171875 0.42437499999999995 0.032203125 0.04828125
6066 16 0.1913125 0.3252734375 0.029218749999999998 0.030109375
6066 16 0.317140625 0.3801484375 0.0310625 0.026203125
6066 16 0.5481015625000001 0.2548203125 0.034109375 0.040359374999999996
6066 16 0.44159375 0.21389062499999997 0.03278125 0.029375000000000002
6066 16 0.422953125 0.19752343749999998 0.026187500000000002 0.025984374999999997
6066 16 0.3755703125 0.162046875 0.030515625 0.02321875
6066 16 0.2938046875 0.24630468749999998 0.029859375 0.047765625
6066 16 0.47764843749999997 0.4669921875 0.030296875 0.031609375
6066 16 0.5173515625 0.3688828125 0.027859375 0.029671874999999997
6066 16 0.3625 0.3078125 0.678125 0.265625
