14938 37 0.44815625 0.65990625 0.015 0.02272916666666667
14938 43 0.4913046875 0.6798020833333334 0.09098437499999999 0.0836875
14938 1 0.5883359374999999 0.6860833333333333 0.077828125 0.21645833333333334
14938 1 0.32503125 0.69559375 0.26221875 0.6088125000000001
14938 1 0.4875078125000001 0.5467395833333334 0.068078125 0.16785416666666667
14938 1 0.5348124999999999 0.5350208333333334 0.06565625 0.15591666666666668
14938 1 0.1188203125 0.4393229166666667 0.075828125 0.12810416666666666
14938 1 0.185515625 0.3191875 0.0503125 0.11016666666666668
14938 1 0.2869140625 0.32256250000000003 0.056234375 0.107125
14938 1 0.8098359374999999 0.2460625 0.042140625 0.096625
14938 1 0.8880625 0.4688541666666667 0.04721875 0.14620833333333336
14938 15 0.8587031250000001 0.6889791666666667 0.07409375 0.061625
14938 15 0.8918515625 0.32496875000000003 0.129328125 0.0611875
14938 15 0.645734375 0.243625 0.2149375 0.062125
14938 62 0.6994453125 0.6743124999999999 0.052734375 0.06416666666666666
14938 62 0.9867578124999999 0.69075 0.025828125 0.06829166666666667
14938 62 0.7924765625 0.6811458333333335 0.057203125 0.06345833333333334
14938 62 0.072125 0.6408541666666667 0.05134375 0.057708333333333334
14938 62 0.059109375 0.45023958333333336 0.05140625 0.09877083333333332
14938 62 0.8278906249999999 0.5286979166666667 0.0454375 0.06652083333333333
14938 62 0.41025 0.49661458333333336 0.045625 0.04527083333333334
14938 62 0.9083515625 0.5352604166666667 0.050359375 0.0750625
14938 62 0.75809375 0.6775625000000001 0.029656250000000002 0.06974999999999999
14938 62 0.922890625 0.687125 0.058562499999999997 0.06454166666666666
14938 62 0.034945312500000006 0.5062604166666667 0.044671875 0.017020833333333332
14938 62 0.08307812499999999 0.5086770833333333 0.04065625 0.016145833333333335
14938 1 0.359390625 0.25234375 0.04840625 0.08802083333333334
14938 1 0.828328125 0.373375 0.031125000000000003 0.08549999999999999
14938 1 0.6026874999999999 0.32848958333333333 0.05040625 0.1463125
14938 1 0.6718984375 0.31454166666666666 0.046046875 0.09208333333333334
14938 15 0.08499218750000001 0.1938125 0.16998437500000002 0.06129166666666667
14938 15 0.0989296875 0.1538125 0.197859375 0.046125
14938 15 0.8978671874999999 0.280125 0.13873437500000002 0.03133333333333333
14938 62 0.13185156250000002 0.5224479166666667 0.055453125000000006 0.034395833333333334
14938 15 0.8856640624999998 0.38071875 0.085640625 0.022604166666666665
14938 15 0.6662265625 0.20316666666666666 0.192796875 0.03770833333333334
14938 15 0.21390625000000002 0.2576354166666667 0.12268749999999999 0.02335416666666667
14938 15 0.6573046875 0.3984375 0.095140625 0.091625
14938 15 0.9864609374999999 0.40023958333333337 0.027078124999999998 0.04889583333333333
14938 15 0.49921875 0.4239583333333333 0.9984375 0.5479166666666667
14938 62 0.5 0.39375 0.996875 0.5333333333333333
14938 1 0.4984375 0.35833333333333334 0.99375 0.6791666666666667
