33297 62 0.3977734375 0.8749414519906323 0.064171875 0.205807962529274
33297 62 0.446875 0.9289578454332552 0.07740625 0.14208430913348946
33297 51 0.242296875 0.8493559718969554 0.059687500000000004 0.061288056206088994
33297 53 0.17262499999999997 0.8672014051522249 0.031468750000000004 0.04185011709601874
33297 53 0.18438281250000002 0.8946018735362998 0.029234375 0.04381733021077284
33297 53 0.1979296875 0.881768149882904 0.020328125 0.03903981264637003
33297 67 0.20568749999999997 0.9177166276346604 0.41137499999999994 0.16456674473067914
33297 78 0.7000859375 0.5544145199063232 0.08985937499999999 0.12100702576112413
33297 79 0.1379375 0.6146018735362998 0.1499375 0.15955503512880562
33297 80 0.0643046875 0.6426346604215457 0.112234375 0.10920374707259954
33297 53 0.15059375 0.867470725995316 0.01584375 0.016768149882903982
