17267 2 0.10701041666666668 0.6385468750000001 0.21339583333333334 0.29803125
17267 3 0.8471666666666666 0.3495390625 0.13120833333333332 0.039703125
17267 3 0.7701145833333333 0.35228125 0.0453125 0.026687499999999996
17267 3 0.15309375 0.39363281250000004 0.0584375 0.076953125
17267 1 0.43295833333333333 0.5235937500000001 0.4224583333333333 0.60675
17267 1 0.07764583333333334 0.5149140625 0.14325000000000002 0.395078125
17267 1 0.09544791666666666 0.344734375 0.12527083333333333 0.15659375
17267 2 0.2333645833333333 0.442859375 0.0289375 0.04896875
17267 8 0.9249479166666668 0.3540078125 0.03772916666666667 0.028109375
17267 10 0.51453125 0.2984921875 0.008354166666666666 0.016140625
17267 10 0.4946041666666667 0.2991640625 0.01025 0.016359375000000002
17267 31 0.39933333333333326 0.5656874999999999 0.0645 0.07953125
