41397 1 0.46759375 0.34839843750000005 0.02414583333333333 0.049578125
41397 1 0.5289375 0.3318671875 0.0275 0.044765624999999996
41397 1 0.19339583333333332 0.3601640625 0.02975 0.066453125
41397 1 0.14679166666666668 0.37396093750000003 0.023208333333333334 0.054765625
41397 15 0.3781666666666667 0.6733203125 0.678625 0.47757812499999996
41397 15 0.8376770833333335 0.4754296875 0.32464583333333336 0.249859375
41397 3 0.10726041666666666 0.37110937499999996 0.1916875 0.07925
41397 3 0.3846666666666667 0.3343828125 0.09829166666666667 0.053734375
41397 3 0.17685416666666667 0.319734375 0.05679166666666667 0.025656250000000002
41397 3 0.133 0.3190625 0.04775 0.02703125
41397 3 0.42254166666666665 0.3053828125 0.043458333333333335 0.024640625
41397 3 0.285875 0.306375 0.051958333333333336 0.025062499999999998
41397 3 0.8637708333333334 0.2748515625 0.039625 0.023453125
41397 3 0.03140625 0.3270703125 0.059604166666666666 0.028984375
41397 3 0.7495208333333333 0.286578125 0.04658333333333333 0.026687499999999996
41397 3 0.8487708333333334 0.2831484375 0.046875 0.025890625
41397 3 0.9733229166666668 0.27535156250000004 0.034270833333333334 0.026234374999999997
41397 3 0.54253125 0.33376562499999995 0.09714583333333333 0.0419375
41397 3 0.20495833333333333 0.31328125 0.07658333333333332 0.030593749999999996
41397 3 0.6770833333333334 0.28203125 0.6416666666666667 0.0515625
